-0.356208 -0.384374 0.366236 -0.625195
2.04625 -3.96656 2.55309 -2.04785
2.25522 -1.88747 2.38707 1.39785
2.36722 1.5274 2.46579 4.30169
-0.244308 0.284009 0.456483 0.576324
-1.5727 -1.61873 -1.39472 -1.70382
-0.285448 -0.459661 -0.235548 -0.360819
-0.931811 -1.53808 -0.247138 -1.84059
-0.197579 -2.20854 -0.132368 -2.23886
-0.0657289 -2.00163 0.241403 -2.09962
0.23879 -1.82185 0.298934 -1.82833
0.278988 -1.7907 0.328696 -1.74746
0.344103 -1.69069 0.761316 -0.596768
1.10804 -0.799388 1.16541 -0.822858
1.64057 -0.983682 1.70245 -0.965304
2.4309 -1.36039 2.47295 -1.31599
3.0533 -1.57742 3.16946 -1.24615
3.53718 -0.996435 3.82546 -0.354097
3.93612 -0.123266 4.20878 0.483541
3.96387 -0.101044 4.22249 0.47739
4.34661 0.793478 4.37802 0.843173
4.45633 1.0277 4.52845 1.1723
4.47715 1.05585 4.53231 1.17046
4.49461 1.0807 4.53257 1.17051
4.56408 1.24783 4.59037 1.31266
4.65461 1.4473 4.67453 1.4943
4.69794 1.55052 4.72404 1.62521
4.7309 1.63279 4.75518 1.68004
4.96946 2.16691 4.99356 2.21707
1.19904 -0.94321 1.42619 -0.687601
-1.51943 -2.51267 -1.03158 -2.30697
-0.954249 -2.3942 -0.350799 -2.2756
-0.967489 -2.42169 -0.345436 -2.29878
-0.0572456 -2.19059 0.936461 -1.87812
0.0439973 -2.17629 0.940303 -1.88966
1.20297 -1.81017 2.65572 -1.33772
4.68789 -1.2391 4.78892 -1.43609
4.31418 1.8074 4.9727 -0.182074
3.91411 2.70682 4.197 2.02407
3.90823 2.70578 4.16569 2.14453
3.29839 3.64239 3.38871 3.37894
3.22073 3.77944 3.3931 3.60082
3.23067 3.78319 3.40432 3.65124
3.34 4.74273 3.49673 4.26589
3.08013 5.59176 3.16316 5.39097
2.91452 6.0767 3.00064 5.85696
2.43904 6.06996 2.67883 6.12882
-0.100909 5.79143 0.125928 5.77531
-0.421163 -0.521266 -0.244421 -0.364825
-0.813967 -1.35323 0.127457 -1.63276
0.556964 -1.78931 1.20315 -1.94427
1.7137 -1.7977 2.56998 -1.81225
4.44559 -2.93231 4.68366 -2.97119
2.64637 0.545898 2.83913 0.395489
3.85418 5.39519 4.07458 5.31648
1.14522 7.19829 3.4427 6.52214
1.1493 7.21689 3.04793 6.66064
0.124772 7.20911 0.859456 6.9943
3.85567 5.37682 4.35956 5.2194
3.85583 5.37657 4.19837 5.25653
1.14801 7.20833 3.28468 6.56354
4.38556 -2.98291 4.61011 -3.02781
0.124917 7.20978 0.976588 6.9449
-2.78424 7.06386 -2.6056 7.16416
0.428748 -1.74144 1.19439 -1.97169
1.29264 -2.02764 1.50369 -2.01511
1.63024 -1.83505 2.56748 -1.87206
2.60421 0.534586 2.85915 0.294556
-1.50652 -1.52881 -1.40207 -1.72359
-1.24359 -2.0854 -0.499622 -2.23691
-1.01303 -2.60493 -0.523035 -2.31159
-0.408228 -2.42007 0.195173 -2.21177
-0.418113 -2.4569 0.205844 -2.2369
0.287026 -1.95435 0.362086 -2.13846
0.526029 -2.10962 1.3926 -1.71962
1.72817 -1.56866 3.01171 -0.975217
5.0067 -0.625962 5.15343 -0.757617
4.32666 2.27554 5.1824 0.481589
3.84747 3.25872 4.13889 2.73886
3.00091 5.11357 3.21043 4.69965
3.0076 5.1162 3.20785 4.74739
2.59329 4.98749 2.79352 5.08759
2.44555 6.36313 2.5602 6.18795
2.02332 6.39963 2.18046 6.44177
1.6845 6.70577 1.86696 6.44763
1.67774 6.6662 1.88172 6.62319
1.57549 6.68203 1.71385 6.76038
1.50385 6.82889 1.66503 6.89706
1.45626 6.93408 1.58488 7.07257
-0.506989 5.79378 -0.354321 5.79426
0.303403 -1.96952 0.399321 -2.12953
0.416543 -2.12769 1.38715 -1.70656
5.00558 -0.637937 5.12724 -0.787645
3.82614 3.24876 4.13363 2.67997
-0.507119 5.79663 -0.304461 5.81026
-1.52817 -1.56276 -1.416 -1.72617
-1.27918 -2.06958 -1.10629 -2.51086
-1.07586 -2.62554 -0.529804 -2.29967
-0.481 -2.46004 0.202243 -2.23016
0.47158 -2.12292 1.39078 -1.71547
1.67421 -1.59449 3.0166 -0.986276
4.3101 2.26626 5.16209 0.396077
3.26624 3.23788 3.42045 3.10689
3.2758 4.09596 3.36951 3.89768
2.04885 6.37378 2.24494 6.45416
2.05022 6.3737 2.20082 6.4213
1.67523 6.68041 1.95105 6.51992
-0.502318 -2.42366 0.191878 -2.20212
1.61818 -1.60136 3.01262 -0.976769
4.99542 -0.652235 5.10938 -0.86071
4.29906 2.26084 5.15454 0.35468
3.81988 3.24645 4.15161 2.61389
3.84144 3.25569 4.17012 2.65537
3.01787 5.12143 3.24947 4.64219
2.47465 6.37513 2.60192 6.11935
1.69323 6.69981 1.97371 6.53325
-0.506968 5.79463 -0.253794 5.81269
-1.27976 -2.10703 -1.13372 -2.51958
-1.12924 -2.61665 -0.542033 -2.27385
-0.543641 -2.464 0.198309 -2.22081
-3.02481 -1.35423 -0.74384 -1.51558
-0.942552 -2.08013 -0.686773 -2.62998
-0.653216 -3.53794 -0.24647 -3.50632
-0.225525 -3.69531 0.550872 -3.67973
0.678633 -3.65904 1.1997 -3.59838
1.0613 -0.918133 1.28173 -2.7815
1.18489 -0.832549 2.59561 -0.485754
2.57967 1.01239 2.67306 -0.259558
1.70378 1.50629 2.51274 1.06625
1.4437 1.53356 1.65307 1.50238
-3.5705 1.13105 1.19573 1.41925
-2.85522 -1.33979 -0.742635 -1.52331
-0.990086 -2.09288 -0.613933 -3.05359
-0.653965 -3.54389 -0.247148 -3.51427
-0.226003 -3.7017 0.458317 -3.71029
0.578977 -3.65401 1.19667 -3.59482
1.05938 -0.915711 1.27971 -2.77964
1.19598 -0.852951 2.73314 -0.421141
1.39342 1.4855 2.72007 -0.192743
1.41403 1.44971 2.42332 1.09043
-3.58171 1.13081 1.19164 1.4185
-3.23285 -1.37594 -0.747953 -1.51484
-0.995533 -2.09328 -0.608539 -3.05526
-0.649884 -3.51105 -0.274485 -3.48137
-0.257524 -3.71459 0.916552 -3.65663
1.04767 -3.66091 1.19942 -3.57945
1.06755 -0.917011 1.2564 -2.7868
1.17266 -0.848903 2.71443 -0.422307
1.69144 1.54381 2.72456 -0.200776
1.68739 1.48279 2.44694 1.10528
1.28712 1.48907 1.65869 1.5375
-3.74868 1.11457 1.1931 1.41733
-2.82659 -1.17166 -1.07416 -1.0547
-0.80758 -1.29235 -0.771181 -1.69227
-0.990086 -2.09288 -0.613933 -3.05359
-0.653965 -3.54389 -0.247148 -3.51427
-0.226003 -3.7017 0.458317 -3.71029
0.578977 -3.65401 1.19667 -3.59482
1.03801 -1.08064 1.15921 -2.78564
1.19598 -0.852951 2.73314 -0.421141
1.39342 1.4855 2.72007 -0.192743
1.41403 1.44971 2.42332 1.09043
0.574917 1.38497 1.1914 1.42267
-3.58182 1.13248 -0.741276 1.30736
-2.82659 -1.17166 -1.07416 -1.0547
-0.80758 -1.29235 -0.771181 -1.69227
-0.990086 -2.09288 -0.613933 -3.05359
-0.653965 -3.54389 -0.247148 -3.51427
-0.226003 -3.7017 0.458317 -3.71029
0.578977 -3.65401 1.19667 -3.59482
1.03801 -1.08064 1.15921 -2.78564
1.19598 -0.852951 2.73314 -0.421141
1.39342 1.4855 2.72007 -0.192743
1.41403 1.44971 2.42332 1.09043
0.574917 1.38497 1.1914 1.42267
-3.58182 1.13248 -0.741276 1.30736
-2.82659 -1.17166 -1.07416 -1.0547
-0.80758 -1.29235 -0.771181 -1.69227
-0.990086 -2.09288 -0.613933 -3.05359
-0.653965 -3.54389 -0.247148 -3.51427
-0.226003 -3.7017 0.458317 -3.71029
0.578977 -3.65401 1.19667 -3.59482
1.03801 -1.08064 1.15921 -2.78564
1.19598 -0.852951 2.73314 -0.421141
1.39342 1.4855 2.72007 -0.192743
1.41403 1.44971 2.42332 1.09043
0.574917 1.38497 1.1914 1.42267
-3.58182 1.13248 -0.741276 1.30736
-2.05952 -1.11996 -1.07422 -1.05385
-0.80758 -1.29235 -0.771181 -1.69227
-0.879512 -2.62957 -0.707427 -2.63922
-0.655146 -3.52603 -0.273126 -3.48399
-0.226003 -3.7017 0.458317 -3.71029
0.582493 -3.67015 1.17687 -3.63458
1.04355 -1.08026 1.09781 -1.86431
1.21664 -0.912996 2.14551 -0.849054
2.41316 -0.810012 2.56508 -0.434114
2.5747 1.01012 2.65269 -0.234122
2.3319 1.51306 2.38684 1.0139
1.44789 1.5251 1.60014 1.49284
0.574917 1.38497 1.1914 1.42267
-2.51083 1.20105 -0.741257 1.30701
-1.33953 -1.06751 -1.07419 -1.0536
-0.807595 -1.29235 -0.790347 -1.51833
1.21683 -0.915856 1.51117 -0.891257
2.47173 -0.482861 2.50084 -0.808933
2.60482 0.674594 2.67032 -0.232866
