0.77
0.76
0.75
0.74
0.72
0.72
0.71
0.69
0.69
0.68
0.67
0.66
0.66
0.65
0.65
0.64
0.64
0.63
0.62
0.61
0.61
0.6
0.6
0.59
0.59
0.58
0.58
0.57
0.57
0.57
0.57
0.56
0.56
0.56
0.55
0.55
0.55
0.54
0.55
0.55
0.55
0.55
0.55
0.56
0.55
0.56
0.55
0.55
0.54
0.54
0.55
0.55
0.55
0.55
0.56
0.56
0.56
0.56
0.57
0.57
0.57
0.57
0.58
0.58
0.59
0.59
0.59
0.6
0.6
0.61
0.62
0.62
0.63
0.63
0.64
0.64
0.65
0.66
0.67
0.66
0.68
0.68
0.69
0.69
0.71
0.71
0.73
0.74
0.75
0.76
9.27
9.42
7.41
9.8
9.68
5.16
5.14
5.08
5.06
5.09
5.21
5.35
5.5
5.64
5.8
5.99
6.17
6.38
6.59
6.83
7.09
7.38
7.69
7.91
7.86
7.81
7.77
7.72
4.81
4.8
4.77
4.75
4.74
3.74
3.72
3.72
3.7
3.7
4.94
4.91
4.91
4.91
4.92
4.92
4.92
4.92
5.01
6.64
6.16
6.07
6.15
6.09
7.38
7.41
6.83
6.8
6.83
6.84
7.49
6.93
6.94
6.96
6.98
7.71
7.75
7.81
7.84
4.13
4.02
3.62
3.38
3.28
3.26
3.28
3.32
3.35
3.37
3.26
3.18
3.11
3.02
2.95
2.89
2.88
2.89
2.91
2.94
2.99
3.03
3.07
