1.19
1.2
1.2
1.22
1.23
1.24
1.25
1.26
1.28
1.29
1.31
1.33
1.35
1.35
1.37
1.39
1.4
1.43
1.44
1.47
1.49
1.52
1.53
1.56
1.59
1.62
1.65
1.68
1.71
1.75
1.77
1.83
1.86
1.91
1.96
2.0
2.07
2.12
3.66
3.8
3.95
4.11
4.3
4.51
4.72
6.77
6.67
6.55
6.46
6.36
6.27
6.18
6.1
6.01
5.95
5.87
5.79
5.73
5.67
5.62
5.56
5.52
5.45
5.4
5.36
5.3
5.26
5.22
5.18
5.15
5.11
5.08
5.06
5.05
5.0
4.98
4.95
4.93
4.91
4.89
4.87
4.86
4.84
4.83
4.83
4.82
4.84
5.71
5.97
8.47
8.35
8.37
7.99
9.38
9.36
9.26
8.67
8.67
8.66
4.88
4.4
4.02
3.72
3.43
3.18
2.98
2.8
2.65
2.51
2.55
2.58
2.6
2.61
2.63
2.89
2.91
2.93
2.96
2.98
3.0
4.16
5.62
5.46
1.53
1.47
1.42
1.4
1.35
1.31
1.29
1.26
1.23
1.2
1.18
1.16
1.14
1.12
1.1
1.09
1.06
1.05
1.04
1.02
1.01
1.01
0.99
0.98
0.97
0.96
0.95
0.94
0.93
0.92
0.91
0.91
0.9
0.9
0.89
0.89
0.88
0.87
0.86
0.86
0.85
0.85
0.85
0.85
0.84
0.84
0.84
0.83
0.84
0.83
0.83
0.83
0.83
0.83
0.81
0.82
0.84
