1.04
1.02
0.98
0.95
0.93
0.93
0.91
0.87
0.84
0.82
0.82
0.79
0.76
0.75
0.75
0.73
0.71
0.7
0.69
0.68
0.66
0.65
0.64
0.63
0.63
0.62
0.62
0.6
0.6
0.59
0.59
0.57
0.57
0.57
0.57
0.56
0.56
0.56
0.55
0.55
0.55
0.55
0.55
0.54
0.54
0.54
0.53
0.54
0.54
0.53
0.53
0.52
0.53
0.52
0.53
0.53
0.52
0.53
0.53
0.53
0.53
0.52
0.53
0.53
0.53
0.53
0.53
0.53
0.53
0.53
0.53
0.53
0.54
0.54
0.54
0.55
0.55
0.55
0.55
0.56
0.55
0.55
0.56
0.56
0.57
0.57
0.57
0.57
0.58
0.59
0.6
0.6
0.61
0.61
0.62
0.64
0.63
0.65
0.66
0.67
0.67
0.69
0.72
4.63
4.55
4.48
4.41
4.34
4.28
4.2
2.15
2.12
2.11
2.09
2.06
2.05
2.04
2.02
2.01
1.99
1.97
1.96
1.71
1.69
1.69
1.67
1.66
1.65
1.63
1.59
1.58
1.67
1.76
1.85
1.97
2.11
2.24
2.41
2.6
2.84
3.11
3.42
3.86
4.4
5.1
6.09
7.47
7.47
7.45
7.46
7.44
7.44
7.45
7.45
7.46
7.49
7.49
7.5
7.51
7.53
7.56
7.58
7.59
7.63
7.66
9.87
3.26
3.21
3.15
3.13
3.18
3.24
3.31
3.38
3.44
3.53
3.6
3.65
3.6
3.54
