0.82
0.82
0.83
0.82
0.82
0.82
0.82
0.83
0.82
0.83
0.83
0.84
0.84
0.84
0.85
0.84
0.84
0.85
0.86
0.86
0.87
0.88
0.88
0.88
0.88
0.89
0.91
0.91
0.92
0.93
0.93
0.94
0.95
0.96
0.97
0.99
1.01
1.02
1.03
1.04
1.07
1.07
1.1
1.12
1.14
1.15
1.18
1.19
1.22
1.25
1.28
1.31
1.35
1.38
1.41
1.45
1.49
1.54
1.58
1.63
1.67
1.74
1.79
1.87
1.93
2.02
2.12
2.22
2.34
2.48
2.63
2.85
3.09
3.4
3.85
8.49
7.87
8.57
8.71
13.62
13.61
13.59
13.59
13.63
17.14
17.22
18.17
17.45
17.44
11.26
3.7
3.69
3.69
2.74
2.53
2.35
2.18
2.01
1.89
1.76
1.67
1.59
1.5
1.45
1.38
1.32
1.28
1.21
1.17
1.13
1.08
1.05
1.01
0.98
0.94
0.91
0.89
0.86
0.84
0.82
0.79
0.77
0.77
0.76
0.74
0.73
0.72
0.71
0.7
0.68
0.67
0.67
0.65
0.64
0.64
0.63
0.62
0.62
0.62
0.61
0.61
0.6
0.6
0.59
0.59
0.59
0.59
0.58
0.57
0.56
0.56
0.56
0.55
0.56
0.55
0.54
0.54
0.54
0.54
0.54
0.53
0.53
0.53
0.52
0.52
0.52
0.51
0.52
0.52
0.51
0.52
0.52
0.52
0.52
0.52
0.52
0.51
0.52
0.52
0.52
