1.83
1.86
1.88
1.9
1.94
1.97
2.01
2.05
2.09
2.12
2.16
2.22
2.26
2.31
2.36
2.42
2.49
2.54
2.61
2.68
3.95
3.91
3.87
3.83
3.79
3.77
3.74
3.72
3.71
3.69
3.67
3.65
3.63
3.63
3.61
0.79
0.79
0.78
0.77
0.77
0.76
0.75
0.74
0.73
0.74
0.72
0.74
0.75
0.76
0.77
0.75
0.74
0.76
0.76
0.76
0.77
0.75
0.76
0.76
0.76
0.74
0.74
0.75
1.53
1.54
1.55
1.55
1.56
1.56
1.57
1.58
1.59
1.6
1.61
1.63
1.63
1.65
1.66
1.68
1.69
1.7
1.73
1.76
1.77
1.78
1.79
1.81
1.85
1.86
1.89
1.92
1.95
1.98
2.0
2.03
2.07
2.11
2.14
2.19
2.24
2.28
2.33
2.39
2.31
2.49
2.55
2.61
2.56
2.53
2.5
2.46
1.84
1.83
1.81
1.79
1.77
1.76
1.75
1.74
1.74
1.72
1.71
1.7
1.7
1.69
1.75
1.82
1.2
0.91
0.86
0.9
2.15
2.16
2.15
2.15
2.15
2.15
2.14
2.15
2.14
2.14
2.14
2.13
2.15
2.14
2.14
2.14
2.15
2.15
2.16
2.15
2.16
2.17
2.17
2.19
2.19
2.13
2.03
1.91
1.8
1.7
1.6
1.54
1.51
1.52
1.54
1.54
1.54
1.59
1.59
1.61
1.61
1.63
1.65
1.66
1.66
1.71
1.76
1.72
1.68
