0.84
0.84
0.84
0.84
0.85
0.85
0.85
0.85
0.85
0.85
0.85
0.86
0.86
0.87
0.87
0.88
0.88
0.89
0.89
0.9
0.91
0.91
0.92
0.92
0.93
0.94
0.94
0.95
0.96
0.96
0.97
0.98
1.0
1.0
1.02
1.03
1.04
1.06
1.07
1.09
1.1
1.12
1.14
1.15
1.16
1.19
1.21
1.23
1.26
1.29
1.32
1.35
1.37
1.4
1.44
1.47
1.5
1.55
1.6
1.64
1.68
1.74
1.8
1.86
1.92
2.0
2.07
2.17
2.26
2.36
2.47
2.58
2.72
2.88
2.64
2.44
3.38
3.37
3.36
3.33
3.33
3.61
4.06
4.66
5.44
6.54
9.77
9.76
11.0
11.02
11.02
13.41
13.45
13.46
13.17
6.32
5.07
4.44
3.97
3.57
3.26
3.01
2.78
2.59
2.42
2.28
2.16
2.04
1.94
1.84
1.76
1.67
1.61
1.54
1.49
1.44
1.4
1.35
1.3
1.26
1.22
1.18
1.15
1.12
1.07
1.04
1.03
1.0
0.98
0.96
0.94
0.92
0.91
0.89
0.88
0.86
0.84
0.81
0.79
0.79
0.81
0.83
0.85
0.85
0.86
0.91
0.95
2.83
2.88
4.62
4.57
4.52
4.49
2.68
2.69
4.38
4.35
4.32
4.29
4.26
4.23
4.2
4.19
4.17
4.15
4.13
4.11
4.09
4.08
4.06
4.05
4.04
4.04
4.03
4.03
4.02
4.02
4.01
4.01
4.01
