1.19
1.16
1.14
1.11
1.09
1.07
1.04
1.03
1.01
0.99
0.98
0.96
0.94
0.93
0.92
0.91
0.89
0.88
0.87
0.85
0.84
0.84
0.82
0.78
0.84
0.78
0.84
0.87
0.89
0.92
0.97
1.01
1.05
1.1
1.14
3.19
3.18
3.16
3.16
3.13
2.58
2.57
2.56
2.55
2.55
2.54
2.55
2.55
2.55
2.55
2.61
3.07
3.08
3.08
3.08
3.08
3.09
1.86
1.83
2.05
3.11
3.12
3.13
3.14
3.17
3.17
3.18
3.19
3.21
3.11
2.95
2.82
2.69
2.58
2.54
2.56
2.57
2.6
2.62
2.66
2.67
2.7
2.72
2.74
2.68
2.61
2.54
2.49
2.42
2.38
2.33
2.28
2.23
2.19
2.14
2.11
1.73
1.67
1.64
1.62
1.59
1.57
1.54
1.51
1.5
1.54
1.48
1.48
1.46
1.44
1.43
1.41
1.41
1.39
1.37
1.36
1.37
1.37
1.37
1.43
1.58
1.57
1.56
1.55
1.54
1.53
1.52
1.51
1.51
1.5
1.5
1.49
1.49
1.48
1.47
1.48
1.47
1.47
1.47
1.47
1.47
1.47
1.47
1.47
1.46
1.47
1.47
1.47
1.47
1.3
1.3
1.48
1.49
1.5
1.5
1.51
1.52
1.5
0.58
0.57
0.6
0.62
0.62
1.22
1.19
1.15
1.11
1.06
1.03
0.99
0.96
0.94
0.9
0.87
0.85
0.83
0.81
0.8
0.78
0.75
