1.93
1.98
2.04
2.1
2.17
2.25
2.34
2.41
2.5
2.6
2.7
2.82
2.95
3.1
3.27
3.46
3.67
3.93
4.21
4.52
4.93
5.37
5.77
5.75
5.73
5.71
1.41
0.89
0.88
2.07
2.09
5.68
5.69
5.69
5.69
3.48
3.47
3.46
3.46
3.46
3.46
3.48
3.5
3.51
0.98
0.95
0.91
0.9
0.94
0.93
0.93
0.93
0.94
0.93
0.95
0.94
0.92
0.92
0.92
0.93
0.94
0.95
0.97
0.99
1.0
1.02
1.04
1.06
1.07
1.1
1.11
1.14
1.19
1.19
3.24
0.72
0.7
0.71
3.03
2.98
2.93
2.89
2.84
2.81
2.76
2.73
2.7
2.67
2.63
2.61
1.29
1.28
2.53
2.5
2.47
2.45
2.43
2.41
2.4
2.39
2.37
2.35
2.33
2.32
2.31
2.29
2.28
2.27
2.26
2.25
2.25
2.24
2.23
2.22
2.22
2.21
1.99
1.93
1.93
1.93
1.96
1.92
1.91
1.9
1.91
1.96
2.02
2.2
3.56
3.57
3.58
3.59
3.6
3.62
3.63
3.65
3.66
3.68
3.69
3.72
3.72
3.75
3.78
3.8
3.83
5.92
5.96
2.42
2.22
2.1
1.98
1.88
1.79
1.7
1.62
1.59
1.59
2.18
2.13
2.08
2.04
2.0
1.96
1.92
1.88
1.85
1.81
1.78
1.75
1.67
1.33
1.53
1.66
1.63
1.61
1.59
1.56
1.55
1.53
1.51
