1.14
1.1
1.06
1.02
1.0
0.95
0.92
0.9
0.89
0.91
0.92
0.93
0.95
0.95
0.97
0.97
0.99
1.01
1.02
1.04
1.05
1.07
1.09
1.1
1.12
1.14
1.17
1.19
1.22
1.26
1.28
1.31
1.34
1.37
1.42
1.46
1.5
1.54
1.59
1.64
1.7
1.76
1.83
1.9
1.98
2.05
2.14
2.25
2.38
2.51
2.66
2.84
3.04
5.46
5.86
6.35
6.94
7.8
8.6
8.75
8.73
8.71
8.7
8.69
8.68
8.68
8.67
8.67
8.67
6.73
5.92
5.92
5.94
5.94
5.96
5.98
5.79
5.24
5.01
5.05
5.08
6.41
6.42
7.75
8.99
9.06
81.83
8.48
8.53
8.66
8.69
1.95
1.96
1.97
1.98
2.0
2.02
2.05
2.08
2.04
1.98
1.93
1.88
1.83
1.79
1.75
1.71
1.68
1.64
1.55
1.16
1.15
1.17
1.19
1.22
1.24
1.27
1.3
1.32
1.35
1.37
1.34
1.32
1.31
1.3
1.29
1.27
1.26
1.24
1.24
1.22
1.21
1.2
1.19
1.18
1.17
1.16
1.15
1.14
1.14
1.13
1.13
1.12
1.12
1.11
1.1
1.1
1.1
1.09
1.09
1.09
1.09
1.08
1.08
1.08
1.09
1.08
1.08
1.08
1.08
1.08
1.04
0.79
0.8
0.79
0.85
1.1
1.1
1.11
1.11
1.12
1.13
1.13
1.13
1.14
1.15
1.15
1.16
1.17
1.18
