0.69
0.69
0.69
0.69
0.68
0.68
0.68
0.69
0.69
0.69
0.69
0.69
0.69
0.69
0.7
0.69
0.69
0.7
0.7
0.7
0.7
0.7
0.71
0.71
0.71
0.72
0.73
0.72
0.73
0.74
0.74
0.74
0.74
0.75
0.76
0.77
0.78
0.79
0.79
0.8
0.81
0.81
0.82
0.83
0.85
0.86
0.87
0.87
0.88
0.9
0.91
0.92
0.94
0.95
0.98
1.0
1.02
1.03
1.06
1.09
1.11
1.15
1.17
1.2
1.25
1.28
1.31
1.36
1.41
1.46
1.5
1.57
1.62
1.68
1.79
2.65
2.63
2.6
2.64
2.64
2.6
2.6
2.62
2.85
5.15
5.13
5.12
5.11
5.09
5.08
5.06
5.06
5.05
5.05
7.4
7.39
7.41
7.44
7.28
7.26
7.24
7.59
7.59
7.6
7.62
7.63
9.91
9.93
9.97
10.01
10.05
10.09
10.13
10.16
9.59
9.09
8.64
8.22
7.87
7.51
7.22
7.05
7.09
3.46
3.09
2.81
2.57
2.39
2.24
2.11
2.01
1.92
1.86
1.75
1.7
1.64
1.57
1.52
1.47
1.42
1.39
1.35
1.31
1.27
1.24
1.2
1.18
1.16
1.13
1.11
1.08
1.07
1.05
1.02
1.01
1.0
0.98
0.96
0.95
0.94
0.93
0.91
0.9
0.88
0.88
0.87
0.86
0.85
0.84
0.83
0.82
0.81
0.8
0.79
0.79
0.78
0.78
0.78
0.77
0.76
