2.26
3.0
3.03
3.07
3.1
3.16
3.2
3.26
3.3
3.36
3.43
3.48
3.55
3.62
3.7
3.79
3.88
3.97
4.07
4.19
4.29
4.41
8.0
8.08
6.65
6.49
6.34
6.19
6.07
5.95
5.82
5.73
5.62
5.5
5.42
5.31
5.23
5.16
5.07
5.01
4.92
4.89
4.81
4.74
4.68
4.62
4.56
4.5
4.46
4.4
4.37
4.33
4.28
4.25
4.24
4.18
4.15
4.12
4.1
4.06
4.03
4.01
3.99
3.97
3.94
3.92
3.92
3.9
3.89
3.9
4.35
4.67
7.52
5.03
7.49
7.48
7.53
7.36
7.04
7.02
8.39
8.37
8.38
7.65
7.65
7.66
3.61
3.16
2.84
2.56
2.32
2.13
1.98
1.83
1.71
1.63
1.52
1.51
1.53
1.53
1.55
1.56
1.58
1.58
1.59
1.62
1.86
1.89
1.9
1.92
1.93
1.95
1.97
1.99
2.05
4.4
4.3
4.19
4.11
4.08
4.13
4.21
4.25
4.42
4.34
4.27
4.2
4.14
4.06
4.01
3.96
3.91
3.86
3.8
3.76
3.71
3.67
3.63
3.22
0.59
0.55
0.54
0.54
0.53
0.53
0.53
0.53
0.52
0.52
0.53
0.51
0.51
0.51
0.5
0.5
0.5
0.5
0.5
0.5
0.49
0.49
0.49
0.49
0.5
0.49
0.49
0.5
0.49
0.49
0.49
0.49
0.49
0.49
0.5
0.49
0.5
0.5
0.5
0.5
0.5
