1.03
1.04
1.06
1.08
1.1
1.13
1.16
1.18
2.64
2.7
2.79
2.86
2.94
3.05
3.15
3.25
3.41
3.53
3.68
3.36
3.34
3.31
3.29
3.28
3.27
3.25
3.23
3.21
3.19
3.19
3.18
3.17
3.15
3.14
3.14
3.53
3.46
3.46
3.45
3.5
3.46
3.3
3.2
3.17
3.12
3.08
3.05
3.01
2.97
2.95
2.92
2.89
2.86
2.84
2.81
2.78
2.76
2.74
2.71
2.7
2.69
2.22
2.57
2.64
2.63
1.92
1.94
2.98
1.42
1.38
3.13
3.17
3.16
3.15
3.14
3.14
2.69
3.13
3.13
2.9
2.6
2.49
2.51
2.51
2.52
1.67
1.7
14.91
15.0
2.25
14.54
1.87
81.83
12.23
8.21
81.83
81.83
81.83
81.83
81.83
81.83
5.96
6.0
81.83
81.83
81.83
81.83
5.39
7.54
8.42
8.37
11.74
4.34
3.98
3.96
3.94
3.92
3.85
3.82
3.87
3.93
11.18
7.52
7.5
4.64
8.46
7.13
3.07
81.83
10.19
10.04
9.89
81.83
81.83
81.83
81.83
81.83
81.83
81.83
81.83
81.83
2.29
81.83
2.4
2.32
81.83
2.5
2.54
2.4
2.39
81.83
2.33
2.3
2.28
2.26
2.22
2.2
2.17
2.17
2.15
2.13
2.11
2.09
2.09
2.08
2.06
2.04
2.03
2.02
2.02
2.0
1.98
1.97
1.97
1.96
1.95
1.95
1.94
1.93
1.92
