4.99
4.93
4.94
5.47
6.11
1.4
1.4
6.0
5.97
5.94
4.14
2.06
2.9
3.73
3.68
6.1
4.01
4.0
1.48
1.46
1.42
1.42
1.43
1.42
1.43
1.43
1.43
1.43
1.43
1.43
1.4
1.45
1.47
1.49
1.11
1.09
1.5
1.56
1.58
1.61
4.38
2.12
4.1
3.97
3.86
3.76
3.66
3.56
3.46
3.38
3.31
1.73
1.75
3.09
3.04
2.98
2.92
2.86
2.82
2.77
2.72
2.68
2.63
2.59
2.56
2.52
2.48
2.45
2.42
2.39
2.36
2.33
2.31
2.29
2.28
2.25
2.23
2.2
2.19
2.17
2.15
2.13
2.11
2.1
2.09
2.07
2.06
2.06
2.05
2.04
2.03
2.02
2.01
2.0
2.0
2.0
1.99
1.99
1.98
1.98
1.98
1.98
1.98
1.98
1.97
1.97
1.98
1.98
1.98
1.97
1.98
1.98
1.98
1.99
2.0
2.01
2.02
2.03
2.03
2.04
2.06
2.06
2.07
2.03
1.93
1.84
1.77
1.7
1.62
1.57
1.51
1.45
1.41
1.37
1.33
1.3
1.25
1.22
1.2
1.16
1.14
1.11
1.08
1.05
1.05
1.02
1.0
0.98
0.97
0.95
0.93
0.91
0.9
0.89
0.87
0.86
0.85
0.83
0.82
0.82
0.81
0.8
0.79
0.78
0.77
0.76
0.75
0.75
0.73
0.73
0.73
0.73
0.72
0.72
0.72
0.71
0.7
0.7
0.7
0.69
