5.01
5.1
5.12
5.0
4.94
1.89
1.89
4.99
4.46
4.18
4.13
4.12
4.27
4.06
3.68
1.3
1.3
1.32
3.47
3.43
3.4
3.38
3.38
3.53
3.71
3.92
4.14
4.39
4.66
6.43
6.4
6.38
6.36
6.34
6.33
6.31
6.29
6.28
6.27
6.27
6.27
3.82
3.79
3.77
3.75
3.74
3.96
4.26
4.64
5.13
5.77
17.95
17.97
81.83
81.83
14.72
13.04
12.26
12.27
10.64
10.06
9.49
9.02
8.6
8.2
7.85
7.54
7.23
6.95
6.72
6.61
6.66
9.52
9.53
9.23
8.98
9.0
9.11
9.22
9.33
9.34
9.41
10.68
10.84
9.5
10.98
10.77
10.57
10.42
81.83
81.83
81.83
81.83
81.83
81.83
81.83
2.84
81.83
81.83
81.83
81.83
81.83
1.94
1.8
81.83
81.83
1.87
1.99
81.83
81.83
1.97
81.83
81.83
81.83
81.83
81.83
81.83
81.83
81.83
81.83
81.83
81.83
81.83
81.83
81.83
81.83
81.83
81.83
1.35
1.1
3.48
7.45
7.44
7.44
5.84
3.97
7.44
3.57
6.33
6.28
3.98
4.46
6.23
6.17
6.1
6.02
4.56
4.11
6.72
4.77
6.67
4.78
6.54
6.48
6.45
3.86
6.33
3.99
4.66
4.96
6.18
4.27
6.11
5.44
3.7
6.04
4.18
6.0
5.98
5.96
5.95
5.94
5.91
5.91
1.65
6.13
6.12
4.1
6.09
6.09
