1.92
1.92
2.78
2.57
2.39
2.21
2.07
1.96
1.61
1.59
1.6
1.59
1.61
1.59
1.6
1.61
1.62
1.62
1.63
1.64
1.65
1.64
1.64
1.65
1.67
1.67
1.68
1.68
1.7
1.7
1.71
1.73
1.74
1.76
1.76
1.78
1.79
1.8
1.79
1.76
1.85
1.87
1.88
1.88
1.91
1.91
1.92
1.95
1.98
81.83
2.0
81.83
81.83
81.83
81.83
81.83
81.83
81.83
2.28
81.83
2.29
2.39
81.83
81.83
2.28
81.83
2.18
81.83
81.83
81.83
81.83
81.83
3.05
81.83
81.83
9.58
81.83
9.87
4.12
2.98
4.54
10.44
7.98
3.97
7.53
3.87
3.82
3.76
3.81
3.9
3.91
3.93
4.06
11.35
9.22
7.35
11.5
81.83
81.83
81.83
81.83
81.83
6.06
5.99
81.83
81.83
81.83
81.83
81.83
81.83
81.83
9.09
9.35
9.46
81.83
13.3
13.41
12.66
12.73
4.64
4.27
2.47
2.47
3.35
3.14
2.97
2.88
2.9
2.93
2.95
2.97
3.71
3.72
3.74
3.75
2.67
2.68
3.81
3.84
3.87
3.89
3.91
3.94
3.97
4.0
4.03
4.07
4.11
4.15
4.2
4.24
4.29
4.33
4.37
4.42
4.47
4.52
4.59
4.57
4.56
4.54
4.53
4.51
4.5
4.49
4.49
4.48
4.48
4.47
4.47
3.96
4.47
4.47
2.27
2.27
2.28
2.28
2.28
2.29
2.3
