0.93
0.93
0.94
0.93
0.94
0.94
0.95
0.95
0.95
0.94
0.95
0.96
0.97
0.97
0.98
0.99
1.0
1.0
1.01
1.01
1.01
1.02
1.03
1.03
1.05
1.06
1.06
1.08
1.09
1.11
1.12
1.13
1.14
1.17
1.18
1.21
1.22
1.25
1.27
1.29
1.32
4.12
4.01
3.9
3.8
3.72
3.63
3.57
3.49
3.42
3.37
3.46
3.53
3.64
3.71
3.78
3.85
3.93
6.08
6.19
6.12
6.04
5.97
5.9
5.83
5.76
5.71
5.64
5.59
5.54
5.49
5.44
5.39
5.35
5.31
5.27
5.23
4.71
5.16
5.13
2.4
2.35
2.34
2.33
2.32
2.31
2.31
2.3
2.29
2.28
2.27
2.27
2.27
2.26
2.26
2.26
2.26
2.26
2.26
2.26
2.27
2.27
2.27
2.28
2.27
2.28
2.28
2.3
2.3
2.31
2.31
2.31
2.32
2.32
2.34
2.35
2.36
2.38
2.39
2.4
2.42
2.43
2.46
2.46
2.49
2.52
2.53
2.56
2.59
2.61
2.66
2.78
2.83
2.86
3.03
3.06
3.1
3.14
3.19
3.2
5.4
5.49
5.58
5.67
6.84
1.92
1.86
1.84
1.81
1.78
1.75
1.73
1.7
1.68
1.67
1.64
1.62
1.61
1.59
1.57
1.56
1.54
1.53
1.53
1.52
1.49
1.5
1.49
1.48
1.47
1.46
1.45
1.44
1.44
1.43
1.43
1.43
1.42
1.42
1.41
