4.87
7.54
7.6
7.68
3.93
3.85
3.77
3.76
3.81
3.86
3.92
3.97
4.02
4.09
4.14
4.21
4.28
4.35
4.42
4.5
4.58
4.67
4.76
4.85
4.96
5.08
5.19
5.31
5.44
5.58
5.73
5.89
6.06
3.06
3.03
2.01
1.86
1.85
1.86
1.85
1.84
1.82
1.8
1.8
2.48
2.62
2.77
2.95
3.06
3.05
3.03
3.02
3.01
3.0
2.98
2.96
2.96
2.97
2.97
2.96
2.96
2.96
3.0
5.35
4.28
4.25
4.3
4.25
4.13
4.13
4.13
4.14
5.42
5.44
5.12
4.85
4.86
4.88
4.89
4.93
5.19
5.0
5.01
5.04
5.07
5.09
5.82
5.87
5.91
5.98
6.02
6.07
6.14
6.2
4.67
4.62
6.38
6.48
6.45
6.29
2.38
2.35
2.31
2.28
2.24
2.19
2.17
2.14
2.1
2.07
1.79
1.78
1.74
1.72
1.71
1.67
1.62
1.63
1.67
1.71
1.75
1.81
1.86
1.91
1.86
1.85
1.83
1.81
1.79
1.79
1.77
1.77
1.75
1.73
1.72
1.72
1.71
1.7
1.7
1.69
1.68
1.68
1.68
1.72
1.72
1.85
2.09
2.43
2.88
3.88
3.87
3.87
3.87
3.87
3.87
3.87
3.87
3.88
3.88
3.89
3.9
3.92
3.92
3.94
3.95
3.95
3.97
3.99
4.01
4.03
4.05
4.07
4.1
4.13
3.93
3.77
3.63
3.48
3.37
3.26
