0.79
0.79
6.27
6.35
6.33
6.2
6.03
5.96
4.7
4.63
4.55
4.47
4.39
4.32
2.2
2.19
2.16
2.14
2.12
2.1
2.08
2.05
2.05
2.03
1.77
1.75
1.73
1.71
1.71
1.68
1.66
1.66
1.63
1.72
1.79
1.87
1.96
2.07
2.18
2.29
2.43
2.59
2.78
2.98
3.21
3.49
3.83
4.27
4.75
5.42
6.25
7.47
7.46
7.44
7.43
7.43
7.43
7.44
7.44
7.45
7.45
7.47
7.46
7.49
7.51
7.53
7.54
7.57
7.6
3.25
3.2
3.14
3.09
3.09
3.14
3.2
3.26
3.32
3.38
3.45
3.53
3.58
3.51
3.38
3.27
3.23
3.17
3.02
2.98
2.87
2.79
2.74
2.7
2.47
2.45
2.68
2.72
2.77
2.8
2.85
2.87
2.93
81.83
81.83
81.83
81.83
81.83
81.83
81.83
81.83
81.83
81.83
81.83
81.83
81.83
3.89
3.9
6.04
5.99
5.94
5.89
5.84
5.47
5.74
5.74
5.7
5.69
5.84
6.86
1.54
1.52
1.51
1.5
1.5
1.49
1.49
1.49
1.49
1.48
1.48
1.48
1.48
1.48
1.46
1.47
1.47
1.47
1.47
1.47
1.47
1.48
1.48
1.48
1.48
1.48
1.48
1.49
1.49
1.5
1.51
1.51
1.52
1.53
1.54
1.54
1.55
1.56
1.57
1.58
1.6
1.61
1.62
1.63
1.65
1.66
1.68
1.7
1.71
1.73
1.75
