2.24
2.21
2.19
1.98
1.61
1.62
1.62
1.62
1.63
1.62
1.62
1.65
1.66
1.68
1.7
1.71
1.73
2.4
2.42
2.44
2.46
2.48
2.52
2.54
2.56
2.59
2.63
2.69
2.7
2.72
2.77
2.8
2.85
2.89
2.93
2.98
3.04
3.08
3.14
2.11
2.31
3.33
1.45
1.41
1.44
3.42
3.37
3.35
3.29
3.26
3.19
3.19
3.16
3.13
3.09
3.06
3.04
3.01
2.99
2.96
2.94
2.92
2.92
2.14
2.09
2.07
2.05
2.03
2.03
2.02
2.04
2.03
2.01
2.0
1.99
1.98
1.99
2.0
2.0
1.99
1.99
1.99
1.99
1.99
1.99
1.99
1.99
1.99
2.0
1.99
1.99
1.99
2.0
2.24
2.8
2.81
2.82
2.83
2.84
2.85
2.87
2.9
2.91
1.88
1.89
2.95
2.97
3.0
3.03
3.05
3.06
3.09
3.14
3.17
3.2
3.24
2.25
2.29
3.35
3.4
3.44
3.37
3.3
3.23
3.16
3.1
2.91
2.91
2.94
2.89
2.84
2.79
2.75
2.71
2.67
2.65
2.61
2.57
2.55
2.51
1.58
1.56
1.55
1.53
1.53
1.52
1.5
1.49
1.5
1.5
1.49
1.48
1.47
1.46
1.45
1.89
2.11
2.18
2.17
2.17
2.16
2.16
1.97
1.95
2.15
8.23
8.22
8.23
9.45
9.51
17.52
21.34
11.87
10.63
10.42
10.43
9.96
8.9
9.0
5.9
