2.92
2.94
2.96
2.98
3.0
3.01
3.03
3.07
3.09
3.12
3.14
3.17
3.2
3.22
3.26
3.3
2.07
1.91
1.81
1.79
1.79
1.8
1.81
1.83
1.85
1.86
1.88
1.89
1.91
1.93
1.95
1.97
1.99
2.02
2.04
2.06
2.09
2.13
2.16
2.19
2.21
2.25
2.28
2.33
2.36
2.41
2.46
2.5
2.55
2.61
2.66
2.72
2.8
2.87
2.95
3.04
3.12
3.22
3.32
3.45
3.56
3.69
3.85
4.04
4.24
4.51
4.81
5.18
5.64
6.28
15.1
15.09
15.09
15.09
15.1
15.1
15.12
15.14
15.16
12.17
10.57
9.36
9.32
7.6
6.99
6.41
5.98
5.58
5.22
4.93
4.67
4.41
4.19
3.99
3.81
3.65
3.5
3.52
3.56
3.58
3.62
6.41
6.48
6.34
6.16
5.99
5.89
5.91
6.0
6.05
6.14
6.21
5.86
6.25
6.3
6.53
7.76
7.9
8.02
6.48
6.47
7.74
7.65
7.54
7.43
7.35
7.25
6.55
6.21
6.13
6.06
5.44
6.36
6.55
6.68
6.62
6.31
6.52
6.46
6.41
6.34
6.29
6.24
6.2
6.16
5.81
5.47
5.46
5.58
4.9
3.54
3.53
3.17
3.16
1.4
1.39
1.38
1.38
1.4
1.41
1.4
1.4
1.38
1.4
1.4
5.01
3.84
3.09
2.51
2.12
1.82
1.02
1.02
1.01
0.99
1.0
1.0
0.99
0.99
0.99
