0.37
0.36
0.36
0.36
0.36
0.36
0.36
0.38
0.37
0.37
0.36
0.36
0.37
0.37
0.36
0.36
0.36
0.37
0.37
0.37
0.37
0.37
0.37
0.38
0.38
0.38
0.39
0.4
0.4
0.4
0.4
0.41
0.41
0.41
0.44
0.44
0.45
0.54
0.53
0.52
0.49
0.48
0.47
0.47
0.49
0.49
0.49
0.5
0.51
0.52
0.54
0.68
0.69
0.7
0.72
0.73
0.75
0.77
0.79
0.8
0.84
0.88
0.9
0.93
0.95
0.98
1.01
1.05
1.1
1.24
1.24
1.23
1.22
1.21
1.2
1.19
1.19
1.24
1.32
1.4
1.53
1.87
2.02
2.66
2.94
2.94
2.9
3.41
4.27
4.69
19.43
19.55
18.39
15.02
15.02
7.5
6.65
6.38
5.08
4.31
3.75
3.29
2.94
2.64
2.41
2.21
2.04
1.91
1.79
1.69
1.59
1.51
1.43
1.38
1.31
1.26
1.2
1.15
1.11
1.06
1.02
0.99
0.96
0.94
0.9
0.88
0.86
0.84
0.82
0.79
0.79
0.77
0.75
0.74
0.72
0.71
0.69
0.68
0.68
0.67
0.66
0.65
0.64
0.63
0.62
0.61
0.6
0.59
0.59
0.58
0.57
0.57
0.56
0.56
0.55
0.55
0.54
0.54
0.53
0.53
0.52
0.52
0.51
0.51
0.51
0.5
0.5
0.5
0.5
0.49
0.49
0.49
0.49
0.49
0.5
0.5
0.5
0.5
0.5
0.5
