0.45
0.45
0.45
0.46
0.46
0.46
0.46
0.47
0.47
0.47
0.47
0.48
0.49
0.49
0.5
0.51
0.51
0.51
0.52
0.53
0.53
0.53
0.53
0.54
0.54
0.54
0.56
0.57
0.58
0.59
0.6
0.61
0.62
0.64
0.65
0.66
0.67
0.69
0.7
0.71
0.73
0.76
0.78
0.8
0.82
0.85
0.87
0.91
0.94
0.97
1.0
1.04
1.37
1.41
1.46
1.51
1.57
1.62
1.7
1.76
1.84
1.93
1.75
1.71
1.7
1.76
1.71
1.71
1.7
2.08
2.27
2.5
2.79
2.79
2.8
2.8
2.81
2.82
2.83
2.84
2.85
2.86
2.87
2.88
2.9
2.91
2.93
2.95
2.8
2.63
2.49
2.36
2.24
2.18
2.18
2.2
2.22
2.24
2.26
2.29
2.3
2.33
2.35
2.38
2.4
2.42
2.45
2.48
2.51
2.55
2.58
2.6
2.64
2.69
2.72
2.77
2.8
2.86
2.92
2.96
3.01
3.07
3.14
3.21
3.28
3.35
3.44
4.25
4.18
3.93
4.04
3.98
3.94
3.88
3.83
3.78
3.73
3.7
3.66
3.62
3.58
3.54
2.95
2.81
2.77
2.76
2.74
2.71
2.69
2.67
2.65
2.64
2.62
2.61
2.59
2.58
2.58
2.56
2.56
2.55
2.54
2.53
2.52
2.51
2.51
2.5
2.49
2.49
2.49
2.48
0.44
0.41
0.41
0.41
0.41
0.41
0.42
0.41
0.42
0.41
