0.77
0.77
0.77
0.77
0.78
0.79
0.79
0.79
0.8
0.81
0.82
0.82
0.82
0.83
0.83
0.84
0.85
0.85
0.86
0.88
0.89
0.89
0.9
0.92
0.94
0.95
0.96
0.97
0.99
1.01
1.03
1.06
1.07
1.1
1.13
1.16
1.2
1.21
1.25
1.29
1.33
1.35
1.4
1.59
1.63
1.7
1.96
2.04
2.12
6.19
6.1
6.05
6.0
5.98
5.93
5.88
5.85
5.82
5.79
5.02
4.97
4.95
4.94
4.94
4.96
5.68
5.77
5.76
5.75
4.38
4.36
4.35
4.33
4.34
5.71
5.62
4.98
4.97
4.96
4.97
4.99
1.46
1.27
1.26
1.23
1.26
1.27
1.28
1.28
1.28
1.28
1.28
1.3
1.31
1.31
1.33
1.33
1.34
1.35
1.36
1.37
1.38
1.39
1.39
1.41
1.42
1.43
1.45
1.47
1.49
1.51
1.52
1.53
1.56
1.59
1.61
1.64
1.67
1.71
1.72
1.77
1.79
1.83
1.88
1.91
1.97
2.0
2.05
2.11
2.16
2.23
2.28
2.34
2.41
2.49
2.57
2.66
2.76
2.89
2.99
3.11
3.24
3.38
3.55
3.73
3.92
4.14
4.38
4.64
4.98
5.33
6.33
6.32
6.87
7.6
8.47
9.66
14.4
14.4
14.54
14.52
81.83
81.83
81.83
81.83
18.04
17.8
17.79
5.71
5.17
4.76
4.4
4.14
3.91
3.7
3.52
3.39
3.25
3.13
3.01
