0.33
0.34
0.34
0.35
0.34
0.35
0.35
0.37
0.36
0.36
0.38
0.38
0.42
0.49
0.47
0.47
0.46
0.45
0.45
0.44
0.41
0.41
0.4
0.39
0.39
0.4
0.4
0.4
0.41
0.39
0.39
0.43
0.44
0.45
0.46
0.48
0.51
0.72
1.83
1.82
1.8
1.78
1.77
1.76
1.76
1.75
1.73
1.72
1.71
1.69
1.68
1.67
1.67
1.66
1.66
1.65
1.65
1.63
1.63
1.62
1.61
1.62
1.62
1.62
1.61
1.62
1.62
1.62
1.61
1.62
1.62
1.62
1.62
1.62
1.63
1.64
1.65
1.66
1.66
1.67
1.68
1.67
1.68
1.69
1.7
1.71
1.72
1.74
1.75
1.77
1.77
1.79
1.8
1.82
1.84
1.85
1.87
1.89
1.91
8.27
8.06
7.86
7.68
7.51
7.33
7.17
7.02
6.94
7.01
10.28
9.71
10.66
6.24
6.17
6.04
6.09
6.21
6.34
6.47
6.63
6.78
6.94
0.8
0.78
0.77
0.77
0.74
0.74
0.73
0.73
0.69
0.65
0.64
0.63
0.63
0.62
0.62
0.61
0.61
0.6
0.6
0.59
0.58
0.58
0.57
0.57
0.56
0.56
0.55
0.56
0.55
0.54
0.55
0.54
0.54
0.53
0.53
0.53
0.53
0.53
0.52
0.52
0.52
0.53
0.53
0.53
0.54
0.53
0.53
0.54
0.54
0.53
0.53
0.52
0.52
0.52
0.53
0.53
0.53
0.53
