1.05
1.05
1.06
1.07
1.06
1.07
1.06
1.05
1.06
1.07
1.07
1.07
1.07
1.09
1.08
1.09
1.1
1.11
1.12
1.12
1.13
1.13
1.14
1.15
1.16
1.17
1.18
1.2
1.21
1.24
1.25
1.27
1.28
1.3
1.33
1.35
1.39
1.4
1.41
1.44
1.47
1.49
1.52
1.56
1.59
1.61
1.66
1.69
1.73
1.77
1.82
1.86
1.91
1.97
2.02
2.09
2.16
2.23
2.32
3.72
3.72
3.69
3.46
3.42
3.4
3.38
3.35
3.46
3.65
3.89
4.14
4.46
4.77
5.16
5.67
6.2
6.92
7.79
9.17
9.15
9.14
9.12
9.11
9.1
9.1
9.1
9.11
9.11
9.12
4.84
4.74
4.67
4.7
4.77
4.83
4.88
4.96
5.02
5.04
4.95
4.99
4.97
3.86
3.88
3.97
3.99
4.02
4.07
4.12
4.15
4.08
81.83
2.34
2.26
2.19
2.13
2.07
2.01
1.97
1.92
1.86
1.81
1.77
1.74
1.69
1.68
1.64
1.61
1.58
1.54
1.52
1.5
1.47
1.45
1.42
1.4
1.39
1.37
1.36
1.33
1.32
1.3
1.28
1.27
1.26
1.26
1.24
1.23
1.22
1.21
1.2
1.19
1.18
1.17
1.16
1.16
1.15
1.15
1.14
1.13
1.13
1.12
1.12
1.12
1.12
1.11
1.11
1.11
1.1
1.1
1.1
1.1
1.1
1.1
1.1
1.09
1.09
1.1
1.1
1.1
