8.62
7.68
7.07
6.63
6.27
3.91
3.79
3.68
3.57
3.48
3.39
3.31
3.23
3.14
3.08
3.0
2.94
2.87
2.82
2.78
2.78
2.76
2.79
2.84
2.9
2.96
3.02
3.08
3.15
3.28
3.24
3.19
3.15
3.12
3.08
3.05
3.01
2.98
2.96
2.94
2.91
2.88
2.87
2.86
2.83
2.82
2.81
2.79
2.77
2.77
2.75
2.75
2.74
2.73
2.71
2.71
2.7
2.7
2.69
2.68
2.67
2.69
2.69
2.68
2.69
2.68
2.69
2.69
2.7
2.71
2.72
2.73
2.75
2.76
2.76
2.77
2.78
2.79
6.91
7.66
8.6
9.81
11.31
17.08
17.18
81.83
81.83
81.83
15.52
81.83
81.83
81.83
81.83
10.04
8.47
7.3
6.39
5.7
5.53
5.56
4.37
4.03
3.75
3.52
3.31
3.11
2.95
2.8
2.66
2.54
2.43
2.34
2.26
2.16
2.1
2.02
1.96
1.89
1.83
1.78
1.72
1.68
1.64
1.59
1.55
1.5
1.47
1.44
1.41
1.37
1.34
1.32
1.3
1.28
1.25
1.22
1.2
1.2
1.18
1.15
1.14
1.15
1.11
1.1
1.09
1.07
1.07
1.05
1.05
1.03
1.03
1.01
1.0
1.0
0.99
0.98
0.98
0.96
0.97
0.96
0.95
0.96
0.95
0.94
0.94
0.93
0.93
0.92
0.91
0.92
0.91
0.92
0.91
0.91
0.91
0.91
0.91
0.91
0.91
0.92
