1.08
1.07
1.05
1.04
1.03
1.02
1.01
1.0
0.99
0.98
0.98
0.97
0.96
0.95
0.95
0.76
0.76
0.93
0.92
0.91
0.91
0.9
0.9
0.9
0.9
0.89
0.89
0.88
0.88
0.88
0.88
0.88
0.88
0.87
0.87
0.88
0.87
0.88
0.88
0.88
0.88
0.89
0.89
0.89
0.89
0.9
0.9
0.9
0.9
0.91
0.91
0.92
0.93
0.93
0.94
0.94
0.95
0.96
0.98
0.98
0.99
1.0
1.01
1.01
1.03
1.04
1.05
1.06
1.07
1.07
1.09
1.1
1.12
1.14
1.15
1.17
1.19
1.22
1.23
1.25
1.28
1.31
1.32
1.35
1.37
1.41
1.44
1.47
1.49
1.54
1.55
1.62
1.67
1.71
1.76
1.82
1.87
1.94
2.01
2.08
2.17
2.25
2.34
2.45
2.55
2.67
2.78
2.29
3.13
3.24
3.23
3.22
3.2
3.21
3.37
3.73
4.17
4.74
5.45
6.43
9.59
9.58
10.85
10.87
10.87
13.28
13.29
13.28
13.3
6.17
5.15
4.45
3.95
3.54
3.21
2.93
2.71
2.51
2.34
2.19
2.06
1.95
1.84
1.76
1.68
1.6
1.53
1.46
1.4
1.36
1.31
1.26
1.21
1.17
1.13
1.09
1.06
1.04
1.0
0.98
0.96
0.94
0.91
0.89
0.87
0.85
0.84
0.82
0.81
0.8
0.79
0.77
0.77
0.76
0.75
0.75
0.74
0.72
0.68
0.68
