1.49
1.49
1.47
1.47
1.47
1.46
1.46
1.45
1.44
1.43
1.42
1.41
1.4
1.39
1.39
1.38
1.37
1.37
1.36
1.36
1.34
1.34
1.34
1.34
1.34
1.35
1.35
1.35
1.34
1.34
1.34
1.33
1.34
1.35
1.35
1.36
1.36
1.37
1.37
1.38
1.39
1.4
1.41
1.41
1.42
1.43
1.44
1.45
1.47
1.48
1.49
1.49
1.51
1.52
1.54
1.56
1.56
1.58
1.6
1.62
1.63
1.66
1.69
1.71
1.73
1.76
1.78
1.82
1.85
1.87
1.91
1.95
1.99
2.03
2.08
2.13
2.18
2.24
2.3
2.35
2.42
2.48
2.56
2.65
2.74
2.84
2.95
3.07
3.19
3.34
3.51
3.73
3.99
4.3
4.67
5.18
6.01
13.21
8.03
8.03
8.13
8.2
13.17
13.18
13.2
13.2
13.21
6.93
6.93
6.83
6.84
7.39
6.12
5.62
5.22
4.85
4.52
4.25
4.03
3.81
3.62
3.44
3.3
3.15
3.02
2.91
2.8
2.7
2.6
2.51
2.43
2.36
2.29
2.21
2.15
2.09
2.05
1.99
1.95
1.91
1.86
1.83
1.78
1.75
1.76
1.79
1.82
1.85
1.9
1.92
4.51
4.59
4.7
4.78
4.74
4.4
4.62
6.63
6.65
6.58
6.51
5.17
5.2
5.48
6.28
6.21
6.18
6.11
6.08
6.04
6.01
5.95
5.18
5.15
5.11
5.08
5.09
5.59
5.76
5.81
