5.58
5.58
5.47
5.48
4.81
4.8
4.8
4.82
4.82
1.19
1.1
1.09
1.11
1.11
1.11
1.12
1.12
1.13
1.12
1.12
1.13
1.14
1.15
1.15
1.15
1.17
1.17
1.18
1.2
1.21
1.22
1.23
1.25
1.26
1.27
1.3
1.31
1.33
1.35
1.37
1.38
1.4
1.42
1.45
1.48
1.51
1.54
1.57
1.61
1.64
1.68
1.72
1.74
1.78
1.83
1.89
1.92
1.98
2.01
2.08
2.14
2.23
2.28
2.37
2.46
2.55
2.65
2.79
2.9
3.04
3.19
3.35
3.52
3.72
3.97
4.22
4.5
4.84
5.22
8.49
8.45
8.42
8.43
8.56
8.56
8.55
81.83
81.83
81.83
81.83
81.83
10.12
81.83
81.83
81.83
11.94
11.82
11.95
12.37
19.31
19.36
81.83
13.96
4.1
3.46
3.05
2.73
2.51
2.32
2.17
2.04
1.94
1.84
1.78
1.7
1.63
1.58
1.51
1.46
1.42
1.37
1.31
1.3
1.25
1.22
1.19
1.17
1.14
1.11
1.09
1.07
1.05
1.03
1.01
1.0
0.98
0.96
0.94
0.93
0.91
0.9
0.89
0.87
0.86
0.85
0.84
0.84
0.83
0.81
0.8
0.79
0.79
0.77
0.76
0.76
0.75
0.75
0.74
0.74
0.74
0.74
0.73
0.73
0.72
0.71
0.71
0.71
0.71
0.7
0.7
0.7
0.7
0.7
0.7
0.7
0.7
0.7
0.7
0.71
0.7
