2.31
2.54
2.82
2.81
1.54
1.53
1.55
2.8
2.8
2.8
2.79
2.78
2.8
2.79
2.79
2.78
2.8
2.8
2.8
2.82
2.81
2.82
2.84
2.85
2.86
2.87
2.88
2.9
2.92
2.94
2.95
2.97
3.0
3.02
3.04
3.0
1.73
1.67
1.62
1.56
1.55
1.58
1.28
1.25
1.22
1.19
1.15
1.12
1.1
1.08
1.06
1.03
1.01
0.98
0.97
1.01
1.03
1.04
1.07
1.09
1.11
1.13
1.17
1.2
1.22
1.25
1.28
1.31
1.25
1.31
1.36
1.39
1.44
1.46
1.5
6.6
6.85
7.13
7.44
7.78
8.8
8.79
9.01
9.51
10.06
10.71
11.47
12.33
13.28
16.69
16.68
16.78
4.18
3.46
2.94
2.92
2.93
2.94
2.95
2.97
3.03
3.6
3.6
3.57
3.57
3.59
3.71
3.72
3.73
3.74
3.75
3.77
3.78
3.79
3.81
3.83
3.85
3.88
3.89
3.91
3.93
3.97
3.98
4.02
4.05
4.07
4.12
4.14
4.19
4.23
4.22
4.19
4.21
4.28
4.33
4.38
4.43
4.48
4.55
4.61
1.75
1.71
1.69
1.66
1.64
1.56
1.56
1.62
1.59
1.57
1.54
1.52
1.5
1.48
1.46
1.44
1.42
1.41
1.4
1.38
1.37
1.35
1.31
1.34
1.38
1.44
1.46
1.5
1.55
1.59
3.45
3.42
3.4
3.38
3.36
3.34
3.34
3.32
3.31
3.31
