1.11
1.1
1.1
1.09
1.1
1.09
1.09
1.1
1.09
1.1
1.09
1.09
1.09
1.09
1.09
1.1
1.1
1.11
1.11
1.11
1.11
1.11
1.12
1.13
1.13
1.14
1.15
1.16
1.16
1.17
1.17
1.17
1.19
1.2
1.21
1.23
1.24
1.26
1.27
1.28
1.3
1.31
1.33
1.35
1.36
1.37
1.4
1.41
1.44
1.46
1.49
1.52
1.54
1.57
1.6
1.64
1.67
1.7
1.73
1.77
1.82
1.87
1.91
1.97
2.02
2.08
2.16
2.23
2.31
2.4
2.48
2.59
2.7
2.83
2.96
3.11
3.31
3.54
3.85
4.22
4.66
5.3
9.71
9.65
9.6
9.56
9.44
9.48
9.43
6.76
6.73
6.71
6.67
6.67
6.66
6.64
6.64
6.62
6.62
6.61
6.61
6.61
6.61
6.62
6.62
6.64
6.65
6.66
5.4
4.74
4.24
3.83
3.51
3.25
3.01
2.8
2.62
2.46
2.33
2.21
2.1
2.0
1.9
1.83
1.74
1.67
1.6
1.55
1.5
1.45
1.41
1.35
1.32
1.29
1.24
1.2
1.17
1.16
1.12
1.1
1.07
1.06
1.04
1.02
1.0
0.99
1.02
1.04
1.06
1.1
1.12
1.14
1.16
1.18
1.37
1.68
4.31
5.66
5.82
5.99
5.93
5.86
5.81
5.75
5.7
5.65
4.4
5.57
5.52
5.49
5.45
5.41
5.38
5.35
5.31
5.28
5.25
4.62
4.42
4.39
