0.85
0.86
0.86
0.86
0.87
0.88
0.89
0.9
0.91
0.92
0.93
0.93
0.95
0.96
0.97
1.0
1.0
1.02
1.04
1.06
1.07
1.09
1.1
1.13
1.16
1.18
1.21
3.29
3.36
3.47
3.53
3.5
3.48
3.45
3.42
3.42
3.39
3.37
3.35
3.33
3.32
3.04
3.22
3.27
3.25
3.24
3.23
3.21
3.2
3.19
3.18
2.34
1.77
1.65
1.53
1.47
1.48
1.49
1.5
1.49
1.5
1.52
1.52
1.54
1.55
1.55
1.57
1.58
1.6
1.62
1.64
1.85
1.87
1.89
1.92
1.94
1.89
1.84
1.75
1.3
1.32
1.34
1.37
1.38
1.41
1.43
1.46
1.49
1.5
1.48
1.46
1.43
1.41
1.39
1.38
1.36
1.34
1.32
1.31
1.29
1.27
0.92
0.92
0.92
0.96
0.99
1.04
1.07
1.12
1.17
1.22
3.18
3.16
2.83
2.85
3.04
3.1
3.09
3.07
3.06
3.05
3.03
3.03
3.01
3.0
3.0
3.0
3.0
2.99
3.0
3.0
2.99
2.93
2.71
3.0
2.99
3.0
3.0
3.01
3.03
3.03
3.05
3.06
3.08
3.09
3.11
3.12
3.13
2.98
2.86
2.83
2.68
2.57
2.46
2.38
2.28
2.2
2.11
2.13
2.12
2.12
2.05
2.0
1.94
1.89
1.85
1.8
1.75
1.72
1.69
1.65
1.61
1.58
1.55
1.52
1.34
1.31
1.33
1.3
1.28
