0.86
0.85
0.86
0.86
0.87
0.87
0.87
0.88
0.88
0.89
0.89
0.89
0.89
0.9
0.91
0.92
0.92
0.93
0.94
0.95
0.95
0.97
0.98
0.99
0.99
1.0
1.01
1.02
1.03
1.05
1.06
1.07
1.09
1.11
1.12
1.14
1.16
1.18
1.2
1.22
1.25
1.26
1.29
1.32
1.34
1.36
1.4
1.43
1.45
1.5
1.54
1.59
1.63
1.68
1.73
1.79
1.85
1.92
1.99
2.06
4.64
4.76
6.96
6.88
6.81
6.73
6.67
6.6
6.55
6.49
6.43
6.39
6.34
6.3
6.25
6.22
6.18
5.77
6.11
6.08
6.05
3.32
3.31
3.3
3.29
3.28
3.28
3.27
3.26
3.25
3.24
3.24
3.23
3.24
3.23
3.23
3.24
3.24
3.24
3.24
3.25
3.25
3.26
3.26
3.27
3.28
3.29
3.29
3.3
3.31
3.32
3.34
3.36
3.37
3.39
3.42
3.43
3.45
3.59
3.62
3.65
3.79
3.83
3.86
3.89
2.59
2.52
2.43
2.37
2.3
2.25
2.19
2.14
2.09
2.04
1.99
1.95
1.91
1.87
1.83
1.8
1.77
1.74
1.7
1.68
1.66
1.64
1.61
1.58
1.55
1.54
1.53
1.51
1.49
1.48
1.46
1.45
1.42
1.41
1.41
1.4
1.39
1.38
1.38
1.36
1.36
1.34
1.34
1.34
1.33
1.31
1.32
1.31
1.3
1.3
1.3
1.3
1.3
1.3
1.29
