4.09
4.09
4.09
4.09
4.09
4.09
4.1
4.1
3.86
3.42
3.08
2.77
2.43
2.24
2.06
1.92
1.79
1.68
1.59
1.51
1.44
1.36
1.31
1.26
1.2
1.15
1.12
1.07
1.04
1.0
0.96
0.94
0.91
0.87
0.86
0.84
0.83
0.84
0.86
0.88
0.89
0.89
0.92
0.92
0.94
0.96
0.97
0.99
0.98
1.03
3.66
3.63
3.58
3.61
6.74
6.91
3.6
3.59
4.96
2.07
2.03
2.0
1.97
1.96
1.88
1.87
1.83
1.83
1.83
1.82
1.93
2.02
2.13
2.24
2.38
2.52
2.68
2.87
3.08
3.31
3.61
3.96
4.39
4.92
5.58
6.49
7.48
21.14
20.59
17.47
17.44
17.43
14.66
14.73
8.8
7.13
5.98
4.83
3.77
3.39
3.04
2.73
2.49
2.3
2.12
1.97
1.83
1.73
1.62
1.54
1.46
1.39
1.34
1.27
1.23
1.17
1.13
1.1
1.05
1.02
0.99
0.95
0.93
0.89
0.87
0.86
0.83
0.81
0.79
0.78
0.77
0.75
0.73
0.72
0.71
0.7
0.69
0.69
0.67
0.66
0.65
0.63
0.64
0.67
0.68
0.68
0.7
0.72
0.74
0.77
0.77
0.8
0.83
0.86
0.89
2.65
2.62
2.6
2.58
2.56
2.55
2.54
2.52
2.51
2.49
2.48
2.47
2.46
2.45
2.44
2.43
2.42
2.4
2.39
2.39
2.38
2.38
2.38
2.39
2.39
