1.36
1.37
1.39
1.42
1.44
1.45
1.48
1.51
1.53
1.57
1.6
1.64
1.67
1.72
1.75
1.8
3.27
3.22
3.18
3.16
3.15
3.11
3.09
3.06
2.8
2.77
2.75
2.73
2.68
2.76
2.87
3.01
3.14
3.29
3.45
3.65
3.87
4.09
4.34
4.66
5.06
5.43
5.89
6.52
7.22
8.48
8.44
8.44
8.41
8.4
8.39
8.38
8.38
8.37
8.38
8.38
8.39
8.4
4.06
3.96
3.95
4.0
4.04
4.1
4.16
4.21
4.28
4.32
4.29
4.25
4.24
4.22
4.25
3.11
3.18
3.26
3.29
3.31
3.35
3.39
3.42
3.47
3.41
81.83
81.83
81.83
81.83
3.51
81.83
81.83
1.68
1.65
1.61
1.58
1.55
1.52
1.49
1.46
1.44
1.42
1.4
1.38
1.35
1.34
1.32
1.29
1.28
1.26
1.23
1.22
1.2
1.2
1.18
1.17
1.16
1.14
1.13
1.12
1.12
1.11
1.11
1.1
1.09
1.08
1.07
1.07
1.06
1.05
1.05
1.04
1.04
1.03
1.03
1.02
1.02
1.02
1.02
1.02
1.01
1.01
1.01
1.01
1.01
1.01
1.01
1.01
1.02
1.02
1.02
1.02
1.02
1.02
1.03
1.03
1.03
1.04
1.04
1.05
1.05
1.06
1.07
1.08
1.08
1.08
1.09
1.1
1.1
1.11
1.12
1.13
1.14
1.16
1.17
1.18
1.19
1.2
1.21
1.23
1.25
1.27
