2.83
3.16
3.52
22.16
22.11
81.83
15.97
81.83
12.68
8.44
8.43
7.25
6.81
6.41
6.07
5.75
5.48
5.22
5.01
4.79
4.61
4.42
4.28
4.12
3.98
3.84
3.74
3.63
3.52
3.43
3.35
3.26
3.13
3.13
3.15
3.21
6.25
6.36
6.45
6.54
5.68
6.76
4.64
81.83
7.02
6.9
2.42
2.37
2.34
2.3
2.27
2.27
2.28
2.34
2.41
2.48
2.55
2.63
2.72
2.81
2.9
3.01
3.12
3.25
3.39
3.53
3.68
3.86
4.07
4.3
4.57
4.86
5.19
5.36
5.34
5.32
5.31
5.3
5.29
5.27
5.26
5.26
5.25
5.24
5.24
5.23
5.23
5.23
5.23
5.24
3.86
3.07
2.58
2.51
2.47
2.48
2.49
2.5
2.5
2.52
2.52
2.53
2.55
2.56
2.57
2.59
2.61
2.63
2.57
2.46
2.37
2.28
2.19
2.11
2.04
1.97
1.92
1.85
1.8
1.75
1.73
1.78
1.81
1.84
1.87
1.9
1.9
6.75
6.86
6.96
7.06
7.19
7.33
7.45
7.58
7.46
5.65
7.24
7.14
7.05
6.96
6.87
5.88
5.82
5.74
5.69
5.62
5.57
5.51
5.43
3.68
3.66
3.63
3.62
3.59
3.58
3.56
3.55
3.53
3.32
3.3
3.28
3.27
3.25
3.39
3.54
3.53
3.52
3.51
3.5
3.5
3.49
3.49
3.49
3.48
3.48
3.53
5.69
5.69
5.69
