3.38
3.36
3.33
3.32
3.3
3.29
3.27
3.27
3.27
3.27
3.25
3.24
3.23
3.23
3.22
3.56
3.57
3.56
3.56
3.56
3.53
3.33
3.29
3.26
3.23
3.19
3.17
3.13
3.1
3.08
3.05
3.03
3.01
2.98
2.96
2.95
2.93
2.91
2.89
2.87
2.86
2.37
2.84
2.83
2.85
2.12
2.15
3.38
3.01
1.64
1.63
3.37
3.36
3.14
2.94
3.36
3.23
2.92
2.75
2.75
2.77
2.78
2.78
1.92
1.95
14.84
2.47
14.51
2.12
8.48
81.83
81.83
81.83
81.83
81.83
81.83
6.21
6.3
81.83
81.83
81.83
81.83
10.81
7.74
7.63
12.07
11.95
4.32
4.24
4.22
4.2
4.14
4.1
4.13
4.18
11.48
11.45
7.9
4.91
81.83
7.4
3.32
7.31
81.83
10.33
3.32
81.83
81.83
81.83
81.83
81.83
81.83
2.51
2.55
2.62
81.83
81.83
2.75
81.83
81.83
2.59
81.83
81.83
81.83
2.45
81.83
2.4
2.36
2.34
2.3
2.28
2.27
2.25
2.23
2.21
2.19
2.19
2.17
2.15
2.13
2.11
2.11
2.1
2.08
2.04
2.07
2.04
2.03
2.02
2.02
2.0
1.99
1.99
1.99
1.96
1.96
1.95
1.93
1.93
1.91
1.91
1.89
1.89
1.89
1.89
1.91
1.89
1.89
1.89
1.9
1.92
1.92
1.93
1.94
1.95
1.96
1.94
81.83
81.83
81.83
