2.97
2.95
2.93
2.9
2.88
2.86
2.83
2.82
2.8
2.78
2.77
2.75
2.74
2.73
2.72
2.71
2.7
2.68
2.68
2.67
2.66
2.65
2.64
2.63
2.63
2.62
2.63
2.64
2.64
2.63
2.62
2.63
2.63
2.64
2.65
2.66
2.68
2.99
3.35
3.92
81.83
81.83
14.3
10.43
9.59
9.05
8.58
8.14
7.75
7.4
7.08
6.79
6.52
6.28
6.06
5.85
5.66
5.48
5.32
5.13
5.15
5.21
8.06
8.16
8.25
8.36
4.31
4.23
4.13
4.19
4.25
4.32
4.38
4.46
4.54
4.62
4.71
4.81
4.91
5.01
5.12
5.23
5.36
5.48
5.62
5.76
5.92
6.08
6.27
6.46
6.66
6.75
6.68
3.6
3.56
3.54
3.51
2.43
2.42
2.41
2.39
2.39
2.37
3.22
3.43
3.64
3.62
3.61
3.6
3.58
3.57
3.55
3.53
3.54
3.55
3.55
3.53
3.62
5.93
4.91
81.83
5.94
4.8
5.98
4.73
5.99
5.99
6.01
5.98
5.4
5.41
5.45
5.46
6.15
5.98
5.56
5.57
5.59
5.62
6.34
6.39
6.44
6.48
6.53
6.59
6.65
6.69
5.09
6.83
2.81
2.74
2.68
2.63
2.57
2.35
2.18
2.13
2.08
2.0
2.0
2.04
2.07
2.1
2.13
2.18
2.22
2.17
2.14
2.11
2.07
2.05
2.02
1.99
1.98
1.95
1.93
1.9
1.88
1.86
1.84
