1.69
1.71
1.74
1.75
1.77
1.8
1.83
1.85
1.89
1.92
1.95
1.98
2.01
2.05
2.09
1.94
2.16
2.21
2.26
2.31
2.37
2.42
2.48
2.54
2.62
2.69
2.77
2.85
2.95
3.03
3.14
2.87
3.37
3.5
3.66
3.82
4.0
4.21
3.94
4.29
4.88
4.86
4.85
4.83
5.19
5.63
6.14
6.77
7.54
12.22
11.22
11.22
12.46
12.43
12.41
14.83
7.04
2.11
1.73
0.96
0.87
0.71
0.71
0.7
0.7
0.7
0.71
0.71
0.71
0.71
0.72
0.72
0.73
0.73
0.74
0.74
0.75
0.75
0.76
0.76
0.77
0.78
0.78
0.79
0.79
0.8
0.81
0.82
0.83
0.83
0.85
0.85
0.87
0.88
0.89
0.9
0.93
0.94
0.95
0.97
0.98
1.0
1.02
1.03
1.05
1.08
1.11
1.13
1.15
1.18
1.2
1.24
1.27
1.31
1.34
1.38
1.42
1.46
1.51
1.56
1.62
1.68
1.74
1.81
1.88
1.97
2.05
2.16
2.27
2.39
2.52
2.68
2.85
3.07
3.3
3.5
3.5
3.48
3.47
3.46
3.45
3.45
3.45
3.45
3.44
3.44
3.44
3.44
3.45
3.45
3.45
3.45
3.45
3.46
3.47
3.47
3.48
3.49
3.51
3.52
3.54
3.55
3.57
3.59
3.6
3.62
3.64
3.66
3.68
3.66
3.74
3.77
3.8
3.84
3.87
3.73
1.74
1.72
1.65
1.6
