1.52
1.52
1.52
1.52
1.51
1.51
1.51
1.5
1.5
1.5
1.51
1.5
1.5
1.51
1.51
1.51
1.52
1.51
1.51
1.52
1.52
1.53
1.54
1.54
1.56
1.56
1.57
1.57
1.59
1.59
1.59
1.61
1.62
1.64
1.66
1.67
1.68
1.7
1.71
1.73
1.73
1.68
1.64
1.6
1.56
1.52
1.51
1.62
1.93
1.96
2.0
2.02
2.05
2.09
2.13
2.17
1.95
2.24
2.28
2.33
2.39
2.43
2.49
2.56
2.61
2.67
2.75
2.82
2.91
2.99
3.1
3.18
3.29
3.26
3.52
3.66
3.8
3.97
4.14
4.35
4.08
4.84
5.11
5.42
5.38
6.12
6.09
6.06
6.31
6.94
7.7
8.64
13.48
12.49
12.49
13.72
13.68
16.08
1.97
1.95
1.97
1.97
1.98
1.98
1.98
1.98
1.99
1.99
2.0
2.01
2.02
2.02
2.03
2.04
2.05
2.06
2.07
2.08
2.09
2.11
2.12
2.13
2.16
2.17
2.19
2.21
2.23
2.25
2.27
2.29
2.31
2.33
2.36
2.39
2.42
2.45
2.48
2.51
2.54
2.58
2.62
2.66
2.69
2.74
2.79
2.84
2.89
2.95
3.0
3.07
3.14
3.21
3.27
0.88
0.88
0.86
0.85
0.84
0.83
0.82
0.8
0.82
0.8
0.8
0.79
0.78
0.78
0.76
0.76
0.77
0.76
0.75
0.76
0.75
0.75
0.75
0.73
0.74
0.73
0.73
