1.49
1.51
1.54
1.57
1.6
1.64
1.66
1.7
1.74
1.77
1.81
1.85
1.9
1.95
2.0
2.07
2.1
2.18
2.25
2.32
2.39
2.48
2.57
2.67
2.78
2.89
3.02
3.18
3.35
3.54
3.75
3.99
4.26
4.58
4.94
5.37
5.86
6.44
7.15
12.51
12.42
12.31
81.83
81.83
11.6
81.83
81.83
10.79
81.83
81.83
81.83
81.83
81.83
81.83
81.83
81.83
81.83
5.72
5.23
4.83
4.5
4.19
3.92
3.69
3.5
3.35
3.15
3.0
2.85
2.73
2.61
2.51
2.43
2.34
2.27
2.19
2.12
2.05
1.99
1.92
1.88
1.82
1.77
1.73
1.69
1.65
1.61
1.57
1.54
1.52
1.49
1.45
1.43
1.4
1.39
1.36
1.34
1.33
1.31
1.29
1.27
1.26
1.25
1.29
1.34
1.38
1.42
1.46
1.94
2.01
2.07
2.14
4.46
5.95
5.9
5.86
5.82
5.78
5.74
5.71
5.68
4.99
4.97
4.95
4.93
4.91
5.46
5.51
5.49
5.48
5.61
5.6
5.59
5.59
5.58
5.58
4.4
5.57
5.57
5.58
5.46
4.84
4.81
4.81
4.84
4.89
5.52
5.53
5.55
5.57
1.33
1.27
1.17
1.09
1.1
1.1
1.11
1.12
1.11
1.12
1.12
1.14
1.14
1.15
1.16
1.17
1.18
1.19
1.2
1.22
1.24
1.24
1.26
1.27
1.29
1.31
1.33
1.35
1.36
1.39
