15.1
15.14
15.18
13.18
11.94
10.85
9.99
9.37
9.41
8.04
7.55
7.13
6.72
6.37
6.1
5.82
5.55
5.32
5.12
4.93
4.75
4.58
4.42
4.29
4.15
4.04
3.92
3.82
3.76
3.83
3.89
3.93
6.34
6.26
6.3
6.38
6.48
6.09
81.83
6.69
6.74
8.27
8.34
8.5
8.46
6.96
6.98
8.12
8.02
7.93
7.84
7.74
7.63
6.75
6.68
6.65
6.85
7.01
7.26
7.23
7.2
7.11
7.07
7.03
6.96
6.9
6.87
6.84
6.8
6.16
6.1
6.09
6.68
5.85
4.21
4.19
3.85
3.83
3.82
3.82
2.1
2.1
2.1
2.08
2.09
2.09
2.07
2.11
4.1
3.31
2.77
1.73
1.73
1.72
1.7
1.69
1.68
1.68
1.67
1.66
1.65
1.64
1.64
1.63
1.62
1.64
1.65
1.63
1.63
1.63
1.64
1.65
1.65
1.66
1.67
1.68
1.69
1.71
1.72
1.73
1.73
1.76
1.71
1.75
1.76
1.77
1.77
1.79
1.78
1.8
1.82
1.83
1.83
1.85
1.87
1.88
1.9
1.9
1.93
1.93
1.96
1.97
1.98
2.01
2.05
81.83
2.21
2.1
2.15
2.15
81.83
2.04
81.83
1.94
81.83
81.83
81.83
81.83
81.83
81.83
81.83
81.83
2.78
81.83
2.69
8.96
81.83
6.21
9.27
2.68
9.49
4.25
8.13
9.95
10.12
3.69
8.01
3.54
3.49
3.46
