1.53
1.53
1.52
1.52
1.52
1.53
1.53
1.53
1.53
1.54
1.55
1.56
1.57
1.57
1.58
1.59
1.6
1.61
1.62
1.63
1.63
1.65
1.65
1.67
1.68
1.69
1.7
1.71
1.73
1.76
1.77
1.79
1.82
1.83
1.86
1.88
1.9
1.93
1.96
1.99
2.02
2.06
2.09
2.14
2.18
2.23
2.26
2.31
2.37
2.43
2.48
2.53
2.6
2.68
2.76
2.84
2.94
3.05
3.15
3.28
3.4
3.54
3.73
3.93
4.18
4.46
4.81
5.27
5.9
16.22
13.61
13.59
13.55
13.56
13.56
13.56
13.57
13.58
13.59
13.63
10.61
9.11
7.98
7.75
6.42
5.84
5.36
4.95
4.61
4.31
4.06
3.81
3.61
3.43
3.26
3.13
2.99
2.85
2.75
2.64
2.54
2.45
2.37
2.29
2.22
2.15
2.09
2.03
2.02
2.05
2.08
2.11
2.14
2.16
4.59
4.48
4.51
4.59
4.66
4.74
4.82
4.9
5.0
4.66
4.48
5.06
6.66
6.81
6.83
6.75
5.29
6.57
5.33
6.45
6.38
6.33
6.27
6.22
6.15
6.11
6.07
5.25
5.21
5.18
5.15
5.32
5.6
4.34
5.83
5.8
5.79
5.51
5.75
5.73
5.71
5.64
5.62
5.6
5.59
5.58
5.57
5.56
5.56
4.97
4.96
4.97
5.56
5.56
5.57
4.56
5.58
4.41
5.61
5.63
5.64
3.89
3.61
3.34
3.24
3.28
