0.8
0.8
0.8
0.8
0.79
0.79
0.78
0.79
0.85
4.19
4.2
4.21
4.22
4.23
2.88
4.24
4.25
4.26
4.29
4.23
3.97
3.74
3.54
3.36
3.2
3.04
2.92
2.8
2.7
2.59
2.51
2.42
2.06
1.97
1.89
1.83
1.77
1.71
1.65
1.61
1.56
1.52
1.48
1.43
1.41
1.38
1.34
1.32
1.32
1.34
1.33
1.29
1.27
1.26
1.25
1.25
1.27
1.32
1.34
1.38
1.41
1.45
1.59
3.28
3.25
3.22
3.2
3.18
3.19
3.26
3.39
3.52
3.68
3.72
3.71
3.68
3.65
3.64
3.62
3.6
3.58
3.57
3.56
3.55
3.53
3.53
3.52
3.52
5.86
5.86
5.87
5.88
5.87
5.87
5.91
5.71
5.71
5.71
6.04
6.05
6.04
6.06
6.08
6.09
6.2
8.38
8.4
8.44
8.48
8.51
8.56
8.6
8.65
8.41
8.02
7.66
7.33
7.02
6.75
6.49
6.25
6.03
5.84
5.65
5.57
5.67
5.7
9.81
9.91
8.2
4.56
4.45
4.36
4.31
4.74
2.22
2.14
2.05
1.99
1.91
1.86
1.8
1.75
1.69
1.66
1.6
1.57
1.53
1.5
1.47
1.43
1.41
1.38
1.35
1.32
1.3
1.28
1.26
1.24
1.22
1.21
1.19
1.17
1.16
1.15
1.14
1.12
1.11
1.1
1.09
1.07
1.06
1.05
1.05
1.04
1.03
1.02
1.01
1.0
0.99
