1.06
1.07
1.07
1.08
1.08
1.08
1.09
1.09
1.1
1.11
1.11
1.12
1.13
1.12
1.12
1.14
1.14
1.16
1.16
1.17
1.18
1.19
1.21
1.22
1.23
1.24
1.25
1.26
1.28
1.3
1.32
1.34
1.36
1.37
1.4
1.42
1.44
1.47
1.49
1.53
1.55
1.57
1.61
1.64
1.68
1.72
1.75
1.77
1.76
1.74
1.71
1.7
1.68
1.67
1.65
1.63
1.63
2.39
2.48
2.57
2.14
2.78
2.91
3.05
3.19
3.36
3.54
3.77
3.35
4.3
4.61
5.01
4.54
6.01
6.0
6.55
6.54
7.16
81.83
12.97
12.96
14.19
14.23
16.63
16.63
9.5
7.25
5.62
4.58
3.75
3.75
2.79
2.56
2.54
2.56
2.57
2.58
2.59
2.6
2.61
2.63
2.65
2.66
2.67
2.69
2.71
2.73
2.75
2.78
2.8
2.81
2.85
2.87
2.9
2.92
2.96
3.0
3.03
3.07
3.11
3.15
3.2
3.23
3.27
3.32
3.38
3.44
3.49
3.56
3.62
3.68
1.55
1.52
1.5
1.46
1.45
1.45
1.43
1.4
1.38
1.37
1.35
1.34
1.33
1.31
1.3
1.29
1.29
1.28
1.26
1.26
1.24
1.24
1.23
1.23
1.22
1.21
1.2
1.2
1.2
1.2
1.2
1.19
1.19
1.16
1.19
1.19
1.17
1.18
1.18
1.17
1.17
1.17
1.17
1.17
1.17
1.17
1.17
1.17
1.18
