0.93
0.92
0.92
0.92
0.92
0.93
0.92
0.93
0.93
0.93
0.93
0.94
0.94
0.95
0.95
0.95
0.95
0.96
0.97
0.97
0.98
0.98
0.98
0.99
1.0
1.01
1.02
1.03
1.04
1.05
1.06
1.07
1.08
1.08
1.09
1.11
1.13
1.14
1.17
1.19
1.2
1.22
1.23
1.26
1.29
1.31
1.33
1.35
1.38
1.41
1.44
1.47
1.51
1.55
1.57
1.62
3.8
3.73
3.74
3.81
3.9
4.03
4.13
4.2
4.31
6.54
6.46
6.37
6.3
6.22
6.17
6.1
6.04
5.98
5.93
5.88
5.82
5.79
5.74
5.69
5.65
5.61
5.42
5.55
5.51
2.78
2.75
2.75
2.74
2.72
2.71
2.69
2.68
2.68
2.68
2.67
2.67
2.66
2.66
2.65
2.66
2.66
2.66
2.66
2.65
2.67
2.67
2.67
2.67
2.67
2.68
2.68
2.69
2.7
2.71
2.73
2.73
2.74
2.76
2.76
2.79
2.8
2.82
2.84
2.85
2.88
2.9
2.92
2.95
3.0
3.1
3.14
3.16
3.32
3.37
3.39
3.43
3.47
3.5
5.51
2.18
2.12
2.08
2.02
1.99
1.94
1.91
1.88
1.85
1.81
1.77
1.76
1.73
1.69
1.68
1.65
1.62
1.61
1.59
1.57
1.55
1.54
1.53
1.5
1.49
1.47
1.47
1.46
1.45
1.44
1.43
1.42
1.41
1.4
1.39
1.39
1.38
1.37
1.38
1.37
