4.62
5.52
6.3
7.23
8.94
14.32
14.6
14.61
81.83
81.83
16.29
81.83
18.18
17.97
18.0
25.37
25.38
6.89
6.28
5.82
5.45
5.15
4.88
4.65
4.44
4.27
4.1
3.96
3.84
3.71
3.61
3.5
3.42
3.33
3.26
3.18
3.1
3.04
2.97
2.91
2.86
2.82
2.76
2.71
2.67
2.63
2.6
2.57
2.52
2.49
2.47
2.43
2.4
2.37
2.33
2.32
2.29
2.27
2.24
2.22
2.21
2.19
2.17
2.16
2.13
2.12
2.11
2.1
2.08
2.08
2.07
2.06
2.09
2.23
4.13
4.28
4.45
4.57
4.57
4.8
5.06
5.34
5.67
6.04
6.45
6.94
7.48
8.09
8.07
8.06
11.07
12.72
13.06
81.83
19.52
20.76
20.75
9.02
9.03
9.02
9.01
9.01
9.03
7.01
5.9
5.09
4.49
3.99
3.59
3.3
3.34
3.36
3.38
3.39
3.44
3.47
3.48
3.5
3.52
3.55
3.58
3.59
1.61
1.52
1.47
1.42
1.37
1.32
1.28
1.24
1.2
1.16
1.12
1.1
1.07
1.04
1.02
0.99
0.98
0.96
0.94
0.92
0.91
0.9
0.88
0.87
0.86
0.86
0.85
0.83
0.81
0.8
0.78
0.76
0.75
0.75
0.75
0.74
0.74
0.73
0.73
0.72
0.71
0.71
0.7
0.69
0.69
0.68
0.68
0.67
0.67
0.69
0.66
0.67
0.67
0.67
0.66
0.66
0.66
0.65
