1.47
0.74
0.59
0.6
0.56
0.56
0.56
0.62
1.13
1.13
1.31
1.13
1.11
1.11
1.04
1.04
1.09
1.16
1.14
1.12
1.1
1.09
1.07
0.86
0.86
0.83
0.83
0.83
0.99
0.98
0.97
0.96
0.95
0.95
0.93
0.92
0.92
0.92
0.91
0.9
0.89
0.88
0.88
0.88
0.87
0.86
0.86
0.85
0.85
0.85
0.84
0.84
0.84
0.84
0.84
0.84
0.84
0.84
0.84
0.84
0.84
0.84
0.84
0.84
0.84
0.84
0.84
0.84
0.84
0.84
0.85
0.85
0.85
0.86
0.85
0.86
0.86
0.87
0.88
0.88
0.9
0.9
0.91
0.92
0.92
0.92
0.93
0.94
0.95
0.96
0.98
0.99
0.99
1.0
1.01
1.04
1.05
1.06
1.07
1.09
1.1
1.12
1.13
1.16
1.17
1.2
1.22
1.24
1.27
1.28
1.32
1.34
1.37
1.4
1.43
1.47
1.51
1.54
1.59
1.63
1.69
1.74
1.8
1.87
1.92
1.99
2.07
2.15
2.24
2.32
2.43
2.56
2.7
2.85
3.01
3.22
3.45
3.71
4.01
4.37
4.81
5.34
5.73
5.72
5.71
5.7
5.69
5.69
5.68
5.68
3.61
1.44
1.46
2.11
5.7
5.69
0.9
0.91
3.48
3.48
3.49
3.51
3.54
2.55
2.56
3.59
3.61
5.79
5.81
3.82
3.83
1.06
1.03
0.99
0.99
1.0
0.99
0.98
1.0
1.01
