5.45
5.45
5.45
5.45
4.17
4.24
5.27
4.26
4.71
4.62
4.69
1.65
1.59
1.54
1.48
1.23
1.12
1.02
0.95
0.95
0.96
0.95
0.95
0.96
0.96
0.98
0.98
0.99
0.99
1.01
1.01
1.02
1.02
1.04
1.05
1.07
1.07
1.1
1.11
1.12
1.13
1.15
1.16
1.18
1.21
1.23
1.25
1.28
1.3
1.32
1.35
1.38
1.41
1.44
1.48
1.51
1.55
1.58
1.65
1.69
1.74
1.79
1.84
1.91
1.97
2.04
2.12
2.2
2.29
2.38
2.49
2.61
2.73
2.9
3.04
3.21
3.41
3.62
3.89
4.2
4.53
4.95
6.34
6.33
6.94
7.98
9.35
12.23
12.2
12.19
12.19
12.19
12.19
12.18
12.19
7.93
7.72
7.76
7.85
7.95
8.03
8.06
6.86
6.9
6.97
5.1
4.75
4.43
4.17
3.94
3.73
3.55
3.39
3.24
3.11
3.0
2.88
2.78
2.68
2.6
2.52
2.46
2.38
2.31
2.24
2.18
2.12
2.07
2.02
1.98
1.94
1.9
1.85
1.82
1.78
1.75
1.72
1.69
1.68
1.65
1.62
1.59
1.57
1.54
1.53
1.51
1.49
1.48
1.47
1.44
1.43
1.41
1.4
1.38
1.37
1.37
1.36
1.34
1.33
1.32
1.32
1.31
1.29
1.29
1.28
1.27
1.27
1.26
1.26
1.26
1.25
1.25
1.24
1.24
1.24
1.23
1.23
1.23
1.23
1.23
