0.68
0.69
0.7
0.7
0.71
0.72
0.73
0.75
0.75
0.76
0.77
0.78
0.79
0.8
0.81
0.83
0.84
0.85
0.87
0.87
0.89
0.9
0.93
0.95
0.96
0.98
1.01
1.03
1.05
1.08
1.1
1.13
1.16
1.19
1.23
1.27
1.32
1.37
1.4
1.48
1.51
1.6
1.69
1.79
1.91
2.07
2.26
2.48
2.77
3.19
6.3
6.3
5.65
5.42
6.35
6.38
6.41
11.41
11.39
11.39
11.36
11.36
11.36
11.36
12.53
14.5
14.54
15.27
15.17
10.08
9.02
9.03
7.23
6.54
5.99
5.56
5.17
4.81
1.75
1.67
1.53
1.5
1.5
1.5
1.51
1.52
1.55
1.51
1.49
1.5
1.51
1.52
1.52
1.52
1.55
1.55
1.56
1.57
1.58
1.59
1.61
1.62
1.63
1.65
1.66
1.68
0.66
0.66
0.64
0.65
0.64
0.61
0.61
0.6
0.59
0.58
0.59
0.58
0.57
0.57
0.56
0.55
0.55
0.54
0.55
0.54
0.53
0.52
0.53
0.52
0.52
0.51
0.51
0.51
0.51
0.5
0.5
0.5
0.5
0.5
0.49
0.49
0.49
0.49
0.49
0.49
0.5
0.49
0.49
0.49
0.49
0.5
0.49
0.49
0.5
0.5
0.5
0.5
0.49
0.49
0.49
0.5
0.49
0.49
0.49
0.49
0.49
0.5
0.5
0.5
0.51
0.51
0.52
0.52
0.52
0.52
0.53
0.54
0.54
0.55
