2.29
2.26
2.24
2.21
2.18
2.15
2.14
2.15
2.21
2.28
2.34
2.41
2.49
2.2
2.61
2.6
2.57
2.55
1.0
0.98
0.97
0.99
2.48
2.46
1.87
1.79
1.8
1.8
1.79
1.79
1.78
1.78
1.1
1.09
1.31
1.44
3.64
9.61
9.63
81.83
12.06
12.3
81.83
12.49
12.65
12.74
14.22
13.98
13.75
13.54
13.46
7.36
81.83
81.83
81.83
81.83
81.83
81.83
5.08
5.12
5.16
81.83
81.83
81.83
4.25
4.48
9.57
6.58
10.29
6.48
10.86
10.79
3.09
3.08
3.06
3.04
3.03
2.99
2.92
2.91
2.94
2.99
3.01
10.22
3.4
81.83
3.71
81.83
7.23
6.14
81.83
7.26
6.91
2.17
8.75
8.62
8.58
8.38
8.27
2.22
81.83
81.83
81.83
81.83
81.83
81.83
81.83
81.83
81.83
81.83
81.83
81.83
81.83
81.83
81.83
81.83
1.53
1.63
1.67
81.83
1.71
1.77
1.76
1.75
1.75
1.75
1.72
1.7
1.71
1.7
1.69
1.69
1.68
1.68
1.66
1.65
1.64
1.62
1.62
1.6
1.6
1.6
1.6
1.61
1.61
1.61
1.62
1.61
1.61
1.61
1.6
1.6
1.61
1.61
1.63
1.65
1.66
1.67
1.68
1.69
1.7
1.7
1.72
1.72
1.72
1.74
1.75
1.75
1.76
1.77
1.79
1.8
1.81
1.83
1.84
1.86
1.87
1.89
1.9
1.91
