1.01
1.01
1.02
1.02
1.01
1.04
1.75
1.75
1.74
1.74
1.73
1.73
1.67
0.65
0.64
0.64
0.64
1.12
1.73
1.73
1.74
1.74
1.74
1.75
1.75
1.75
1.76
1.76
1.77
1.79
1.79
1.8
1.82
1.83
1.83
1.85
1.86
1.88
1.89
1.9
1.91
1.94
1.96
1.98
1.99
2.0
2.02
2.05
2.07
2.1
2.13
2.15
2.18
2.22
2.23
2.27
2.3
2.34
2.38
2.41
2.46
2.5
2.55
2.6
2.65
2.69
2.69
2.69
2.69
2.69
2.7
2.71
2.71
2.72
2.72
2.73
2.74
2.75
2.76
2.77
2.79
2.79
2.81
2.83
2.85
2.86
2.84
2.79
2.93
2.95
2.39
2.73
3.01
3.03
3.06
3.09
3.12
3.16
3.2
3.22
3.26
3.09
3.04
2.95
2.89
2.86
2.88
2.13
2.58
2.17
2.15
2.14
2.15
2.14
1.59
1.57
1.53
1.52
1.5
1.48
1.45
1.43
1.42
1.33
1.31
1.3
1.28
1.27
1.26
1.25
1.23
1.22
1.22
1.27
1.32
1.37
1.43
1.49
1.58
1.66
1.77
1.89
2.03
2.19
2.38
2.59
4.29
4.28
4.27
4.26
4.26
4.25
4.24
4.24
4.24
4.24
4.24
4.24
4.24
4.25
4.25
4.26
4.27
4.27
4.29
4.3
4.32
4.33
4.16
3.73
3.48
3.25
3.05
2.89
1.94
1.88
1.88
1.88
1.88
1.89
