1.21
1.21
1.21
1.22
1.21
1.21
1.21
1.22
1.21
1.21
1.21
1.22
1.21
1.22
1.22
1.22
1.23
1.24
1.24
1.25
1.25
1.26
1.27
1.28
1.29
1.29
1.3
1.32
1.33
1.34
1.35
1.35
1.36
1.37
1.39
1.41
1.43
1.45
1.46
1.48
1.49
1.52
1.54
1.57
1.59
1.61
1.64
1.66
1.69
1.72
1.76
1.79
1.83
1.86
1.9
1.95
2.0
2.04
2.1
2.16
2.22
2.29
2.36
2.44
2.53
2.61
2.7
2.82
2.93
3.09
3.27
3.46
3.68
4.0
4.35
4.78
5.58
17.48
17.49
17.5
20.9
22.07
21.37
21.35
15.19
7.62
6.46
5.83
5.33
4.91
4.55
4.24
3.98
3.73
3.52
3.35
3.19
3.03
2.9
2.77
2.67
2.55
2.47
2.38
2.29
2.22
2.12
2.08
2.1
2.1
2.14
5.0
5.06
5.11
5.19
5.25
5.33
5.4
5.48
4.57
5.64
3.59
4.23
81.83
5.97
5.88
5.79
1.34
1.33
1.3
1.29
1.26
1.26
1.25
1.24
1.22
1.22
1.22
1.24
1.28
1.32
1.36
1.42
1.46
1.53
1.6
1.67
1.75
1.83
1.93
2.03
2.15
2.29
2.45
2.62
2.84
3.22
3.53
3.89
4.33
4.45
4.44
4.43
4.43
4.42
4.42
4.42
4.42
4.42
4.42
4.43
4.43
4.44
4.45
4.46
4.47
4.47
4.49
4.51
4.52
