3.3
3.25
3.19
2.38
2.26
2.21
2.17
2.12
2.08
2.06
2.03
2.0
1.98
1.95
1.93
1.91
1.91
1.98
2.03
2.11
2.18
2.26
2.34
2.43
2.41
2.27
2.24
2.36
2.4
2.39
2.5
2.65
2.8
2.97
3.19
3.43
3.74
4.05
4.44
5.97
5.95
6.71
7.83
9.58
11.97
11.95
11.96
11.95
21.46
81.83
23.69
24.02
13.52
11.51
10.7
10.09
9.59
2.28
1.18
1.18
1.42
1.45
1.46
1.47
1.48
1.48
1.49
1.51
1.52
1.51
1.34
1.32
1.71
1.68
2.16
1.52
1.63
1.82
1.68
1.64
1.9
1.9
1.46
1.48
1.95
1.68
1.65
1.65
1.69
1.74
1.81
1.89
2.08
2.05
2.07
2.04
2.21
2.31
3.45
3.4
3.35
3.3
1.87
1.86
3.17
3.14
3.1
3.06
3.04
3.01
2.98
2.96
2.93
2.91
2.89
2.87
2.86
2.83
2.82
2.8
2.79
2.77
2.76
1.99
1.97
1.95
1.95
1.95
1.93
1.92
1.91
1.9
1.91
1.91
1.9
1.89
1.9
1.91
1.91
1.9
1.91
1.92
1.91
1.91
1.9
1.89
1.91
2.01
2.68
2.7
2.71
2.72
2.73
2.74
2.76
2.77
2.79
2.21
2.19
2.18
2.14
1.92
2.34
2.33
2.35
2.74
2.77
2.8
2.82
3.02
2.74
3.16
3.21
3.25
3.29
3.33
3.32
3.25
3.19
3.12
