1.16
1.16
1.16
1.16
1.16
1.17
1.17
1.17
1.17
1.17
1.17
1.18
1.18
1.18
1.19
1.18
1.19
1.19
0.88
0.87
1.17
1.21
1.22
1.22
1.24
1.24
1.25
1.25
1.27
1.28
1.27
1.07
1.06
1.04
1.03
1.02
1.03
1.01
0.99
0.98
1.01
1.02
1.03
1.08
1.15
1.2
1.53
1.58
1.61
1.64
1.66
1.7
1.73
1.76
1.79
1.82
1.87
1.91
1.96
2.01
2.06
2.1
2.16
2.23
2.3
2.37
2.45
2.44
2.43
2.41
2.39
2.38
2.35
2.33
2.31
2.31
2.28
2.26
2.41
2.33
2.31
2.3
2.29
2.26
2.26
2.38
2.61
2.94
2.91
2.93
2.94
2.92
2.34
1.93
1.92
1.92
2.29
2.35
2.36
2.91
2.92
2.93
2.94
2.95
2.95
2.97
2.97
2.97
2.99
3.0
3.02
3.02
3.04
3.06
3.08
3.09
3.12
3.15
3.17
3.2
3.13
3.03
2.93
2.84
2.74
2.67
2.59
2.52
1.25
1.23
1.19
1.18
1.15
1.12
1.11
1.09
1.07
1.06
1.04
1.02
1.0
0.96
1.03
1.03
1.05
1.09
1.1
1.13
1.16
1.2
1.23
1.28
1.31
1.36
1.41
1.46
1.51
1.52
1.5
1.49
1.48
1.27
1.28
1.34
1.41
1.43
3.86
3.86
3.87
3.87
3.88
3.89
3.9
3.91
3.92
3.94
3.95
3.96
3.99
4.05
