0.78
0.77
0.77
0.76
0.76
0.76
0.75
0.75
0.76
0.85
1.13
1.25
1.39
1.56
2.06
2.05
2.02
2.0
1.98
1.96
1.95
1.94
1.93
1.92
1.9
1.89
1.88
1.86
1.86
1.85
1.85
1.93
1.92
1.92
1.92
1.92
1.86
1.45
1.88
1.9
1.9
1.89
1.89
1.89
1.89
1.89
1.89
1.89
1.89
1.89
1.9
1.9
1.91
1.91
1.91
1.92
1.91
1.79
1.79
1.4
1.36
1.32
1.31
1.28
1.24
1.23
1.2
1.19
1.18
1.18
1.23
1.23
1.2
1.36
1.33
1.3
1.21
1.22
1.26
1.27
1.29
1.31
1.33
1.35
1.37
1.39
1.42
1.44
1.47
1.5
2.44
2.5
2.54
2.55
2.56
2.57
2.59
2.6
1.71
1.71
1.7
1.7
1.7
2.17
2.84
2.86
2.92
3.14
2.03
2.01
2.02
2.02
2.05
2.93
1.7
1.63
1.65
2.38
2.35
2.35
2.38
2.48
2.63
2.07
1.96
1.95
2.3
2.83
2.82
2.82
2.81
2.81
2.81
2.81
2.81
2.07
2.06
2.06
2.07
2.06
2.05
2.05
2.04
2.05
2.07
2.1
2.09
2.12
1.93
1.9
1.87
1.89
1.91
1.91
1.93
1.94
1.95
1.96
2.31
3.06
3.09
3.14
3.14
3.17
3.19
3.24
3.27
3.29
3.33
2.28
2.25
2.28
2.28
2.26
2.26
2.1
2.08
2.11
2.08
81.83
