0.83
0.83
0.83
0.82
0.82
0.82
0.82
0.82
0.82
0.81
0.82
0.82
0.83
0.83
0.82
0.82
0.81
0.81
0.81
0.81
0.81
0.82
0.82
0.82
0.82
0.82
0.83
0.83
0.84
0.84
0.84
0.84
0.85
0.85
0.85
0.86
0.87
0.88
0.89
0.89
0.98
0.98
0.99
0.99
0.99
0.99
1.0
1.01
1.02
1.02
1.03
1.04
1.05
1.06
1.07
1.07
1.08
1.09
1.08
1.05
1.05
1.09
1.1
1.12
1.12
1.13
1.15
1.16
1.17
1.2
1.21
1.23
1.25
1.27
1.3
1.33
1.35
1.37
1.4
1.43
1.46
1.49
1.53
5.47
8.57
11.35
6.57
11.63
11.67
6.18
6.07
6.07
6.13
6.12
6.12
6.46
9.81
11.37
11.37
13.31
13.28
4.03
4.05
81.83
81.83
81.83
81.83
4.21
4.18
4.15
3.8
4.2
4.43
4.7
4.78
4.75
4.72
2.15
2.01
1.89
1.79
1.7
1.62
1.55
1.48
1.43
1.37
1.31
1.27
1.21
1.19
1.14
1.1
1.08
1.05
1.02
0.99
0.97
0.94
0.92
0.9
0.88
0.86
0.83
0.83
0.82
0.8
0.78
0.77
0.74
0.74
0.76
0.77
0.79
0.8
0.82
0.83
0.86
0.88
0.91
0.94
0.96
0.98
1.01
1.05
1.08
1.11
1.15
1.2
1.24
1.29
1.35
1.4
1.46
1.55
1.63
1.71
1.81
1.94
2.08
