1.41
1.4
1.4
1.4
1.4
1.4
1.4
1.4
1.4
1.4
1.4
1.4
1.41
1.41
1.41
1.42
1.43
1.43
1.44
1.44
1.45
1.46
1.46
1.46
1.46
1.47
1.49
1.5
1.5
1.52
1.54
1.55
1.56
1.57
1.59
1.6
1.63
1.65
1.65
1.68
1.7
1.72
1.74
1.76
1.79
1.81
1.85
1.87
1.9
1.94
1.97
1.99
2.03
2.07
5.04
5.07
5.1
3.83
4.7
4.89
4.69
4.59
3.5
4.65
4.71
81.83
3.89
3.87
4.1
8.27
81.83
81.83
81.83
13.56
10.74
14.07
14.01
6.46
6.26
6.23
6.15
6.15
6.22
12.0
9.82
6.95
5.33
81.83
81.83
81.83
81.83
81.83
4.5
4.58
81.83
81.83
4.52
81.83
81.83
81.83
81.83
81.83
81.83
81.83
81.83
81.83
81.83
3.71
81.83
81.83
81.83
81.83
81.83
81.83
81.83
81.83
81.83
81.83
81.83
81.83
81.83
2.96
3.01
3.04
3.06
3.09
3.13
3.17
3.18
3.22
3.26
3.14
3.07
3.0
2.98
3.21
3.27
3.19
3.12
3.08
3.02
2.96
2.92
2.9
2.93
3.0
3.05
3.11
3.07
3.04
2.72
2.73
2.81
2.88
3.32
3.43
3.53
3.69
5.32
5.6
5.75
5.71
5.66
3.48
3.49
5.54
5.51
4.88
4.85
4.85
5.01
5.36
5.22
5.3
5.28
5.21
4.2
3.93
3.91
3.93
