1.08
1.07
1.07
1.06
1.06
1.05
1.04
1.04
1.03
1.03
1.03
1.02
1.01
1.01
1.0
1.0
1.0
1.0
0.99
0.99
0.99
0.99
0.99
0.97
0.98
0.99
0.99
0.99
0.99
0.99
0.99
1.0
1.0
1.0
1.0
1.01
1.02
1.03
1.03
1.04
1.04
1.04
1.05
1.06
1.05
1.06
1.07
1.08
1.09
1.1
1.1
1.11
1.13
1.13
1.14
1.15
1.16
1.18
1.2
1.2
1.22
1.24
1.26
1.27
1.29
1.31
1.33
1.36
1.37
1.4
1.44
1.45
1.48
1.52
1.56
1.59
1.64
1.67
1.74
3.15
3.14
3.12
3.09
3.06
3.05
3.03
2.77
2.74
2.71
2.69
2.67
2.64
2.79
2.93
3.07
3.23
3.41
3.61
3.86
4.11
4.4
4.75
5.16
5.63
6.25
6.95
8.48
8.45
8.43
8.41
8.39
8.38
8.38
8.38
8.39
8.38
8.39
8.39
8.41
4.16
4.06
3.95
3.97
4.03
4.07
4.13
4.19
4.26
4.3
4.36
4.31
4.26
4.26
4.26
4.27
3.34
3.23
3.3
3.34
3.37
3.41
3.45
3.5
3.52
3.47
81.83
81.83
81.83
81.83
3.59
81.83
81.83
1.76
1.75
1.72
1.69
1.66
1.62
1.6
1.57
1.55
1.52
1.49
1.46
1.45
1.43
1.41
1.38
1.37
1.36
1.35
1.33
1.32
1.3
1.29
1.27
1.26
1.25
1.24
1.22
