1.64
1.62
1.62
1.56
1.55
1.57
1.56
1.48
1.47
1.48
1.47
1.43
1.43
1.51
1.56
1.63
1.7
1.76
1.85
1.92
1.96
1.94
1.94
1.93
1.92
1.91
1.05
1.03
1.3
1.88
1.84
1.85
0.91
0.91
0.91
1.04
1.02
1.0
1.01
1.01
1.04
1.04
1.09
1.1
1.23
1.86
1.87
1.87
1.87
1.89
1.89
1.9
1.04
1.02
1.01
1.93
1.94
1.95
1.96
1.97
1.97
1.97
1.88
1.8
1.74
1.67
1.62
1.56
1.49
1.45
1.41
1.35
1.32
0.81
0.79
0.79
0.8
0.82
0.83
0.85
0.86
0.87
0.89
0.9
0.92
0.93
0.95
0.97
0.99
1.01
1.04
1.02
0.99
1.0
1.01
1.04
1.06
1.09
1.13
1.15
1.2
2.56
2.6
2.67
10.64
10.55
9.71
9.64
9.59
81.83
8.82
10.23
10.18
10.12
10.04
9.99
9.95
9.91
9.28
9.27
9.79
9.78
7.35
6.98
6.97
5.3
5.22
5.22
5.23
4.88
4.85
4.81
4.79
4.77
4.73
4.72
4.67
4.67
4.65
2.3
2.28
2.27
2.25
2.24
2.5
4.51
4.5
4.49
4.47
4.46
4.44
4.43
4.3
4.25
4.42
4.41
4.4
4.4
4.4
4.39
4.36
4.32
4.19
4.22
6.22
9.43
7.59
9.38
2.11
2.14
9.31
1.52
1.5
1.53
9.52
9.52
81.83
4.52
4.32
4.32
