0.34
0.35
0.35
0.35
0.34
0.34
0.34
0.34
0.34
0.34
0.34
0.34
0.34
0.34
0.35
0.34
0.35
0.35
0.35
0.35
0.35
0.35
0.35
0.36
0.35
0.36
0.36
0.36
0.36
0.37
0.37
0.37
0.37
0.38
0.38
0.38
0.39
0.39
0.39
0.4
0.41
0.41
0.42
0.42
0.43
0.44
0.44
0.45
0.45
0.46
0.47
0.47
0.48
0.49
0.5
0.51
0.52
0.53
0.54
0.55
0.55
0.56
0.58
0.59
0.61
0.63
0.65
0.67
0.69
0.71
0.73
0.76
0.79
0.82
0.86
0.89
0.93
0.97
1.03
1.07
1.14
1.2
1.27
1.35
1.44
1.57
1.7
1.84
2.05
2.3
2.6
3.02
3.56
4.36
4.86
4.93
8.78
8.78
8.77
8.48
8.79
8.79
8.78
4.67
4.16
4.22
3.11
2.91
2.97
2.56
2.48
2.49
2.49
2.41
1.66
1.65
1.66
1.54
1.48
1.44
1.36
1.17
1.12
1.1
1.11
1.12
1.14
1.15
1.11
1.07
1.06
1.03
0.92
0.89
0.88
0.85
0.83
0.83
0.8
0.78
0.76
0.75
0.73
0.72
0.72
0.7
0.7
0.68
0.66
0.62
0.6
0.59
0.63
0.73
0.74
0.76
0.78
0.8
0.82
0.85
0.87
0.89
0.75
0.74
0.73
0.71
0.72
0.58
0.52
0.52
0.53
0.52
0.52
0.52
0.52
0.51
0.51
0.51
0.51
0.51
