1.05
1.06
1.07
1.08
1.08
1.08
1.05
1.03
1.02
1.0
1.0
1.01
1.03
1.05
1.06
1.08
1.09
1.1
1.11
1.12
1.12
1.11
1.12
1.12
1.13
1.14
1.16
1.17
1.19
1.2
1.21
1.22
1.19
1.15
1.14
1.11
1.1
1.08
1.06
1.04
1.02
1.01
0.99
0.97
0.96
0.94
0.94
0.92
0.91
0.9
0.87
0.87
0.86
0.86
0.85
0.84
0.83
0.82
0.82
0.81
0.81
0.56
0.54
0.54
0.56
0.58
0.61
0.64
0.67
0.72
0.76
0.74
0.74
0.74
0.74
0.74
0.74
0.74
0.74
0.73
0.74
0.74
0.74
0.74
0.74
0.73
0.73
0.74
0.74
0.74
0.72
0.72
0.72
0.73
0.72
0.73
0.74
0.74
0.74
0.75
0.75
0.76
0.76
0.76
0.77
0.77
0.77
0.78
0.78
0.79
0.79
0.81
0.81
0.82
0.82
0.83
0.84
0.86
0.86
0.87
0.88
0.89
0.9
0.91
0.91
0.89
0.87
0.86
0.83
0.82
0.8
0.79
0.77
0.77
0.76
0.76
0.77
0.76
0.79
0.83
0.87
0.91
0.98
1.04
1.04
1.03
1.03
1.03
1.02
1.02
1.02
1.01
1.01
1.01
1.01
1.01
1.01
1.01
1.01
1.01
1.01
1.01
1.01
1.01
1.01
1.01
1.02
1.03
1.03
1.03
1.03
1.04
1.05
1.05
1.04
0.96
0.91
0.88
0.85
0.79
