1.01
1.01
1.0
1.01
1.01
1.01
1.01
1.0
1.0
1.0
1.01
1.01
1.01
1.01
1.02
1.01
1.02
1.03
1.03
1.03
1.03
1.03
1.03
1.04
1.06
1.1
1.11
1.77
1.81
1.83
1.83
1.85
1.87
1.9
2.03
1.99
1.93
1.88
1.83
1.78
1.73
1.69
1.64
1.6
1.56
1.54
1.51
1.48
1.44
1.41
1.39
1.37
1.35
1.33
1.3
1.28
1.27
1.25
1.23
1.22
1.19
1.18
1.16
1.15
1.14
1.13
1.12
1.11
1.1
1.09
1.07
1.07
1.06
1.04
1.04
1.03
1.02
1.02
1.02
1.01
1.0
1.0
0.99
0.98
0.98
0.98
0.98
0.97
0.97
0.96
0.96
0.96
0.95
0.96
0.96
0.95
0.95
0.95
0.96
0.96
0.96
0.94
0.96
0.96
0.96
0.96
0.96
0.97
0.96
0.97
0.98
0.98
0.99
0.99
1.0
1.0
1.02
1.02
1.03
1.04
1.04
1.05
1.06
1.08
1.08
1.1
1.11
1.12
1.13
1.13
1.15
1.17
1.18
1.19
1.18
1.15
1.14
1.12
1.09
1.07
1.04
1.03
1.01
0.99
0.97
0.95
0.95
0.94
0.93
0.91
0.9
0.88
0.87
0.87
0.86
0.85
0.83
0.82
0.82
0.81
0.8
0.79
0.79
0.78
0.78
0.77
0.76
0.76
0.75
0.75
0.75
0.74
0.74
0.73
0.73
0.73
0.73
0.72
0.72
0.72
