5.36
5.38
5.4
5.42
5.45
5.48
5.49
5.52
5.56
5.58
5.62
5.65
5.69
1.8
1.78
1.75
1.72
1.7
1.67
1.64
1.63
1.6
1.58
1.56
1.54
1.52
1.5
1.49
1.48
1.47
1.45
1.43
1.42
1.43
1.42
1.41
1.4
1.38
1.38
1.37
1.36
1.36
1.35
1.34
1.34
1.33
1.33
1.32
1.32
1.32
1.32
1.31
1.31
1.31
1.31
1.31
1.32
1.31
1.31
1.31
1.31
1.32
1.32
1.32
1.33
1.33
1.33
1.33
1.34
1.35
1.36
1.36
1.37
1.38
1.39
1.4
1.41
1.42
1.43
1.44
1.46
1.47
1.48
1.49
1.5
1.52
1.54
1.56
1.58
1.59
1.62
1.63
1.66
1.69
1.71
1.74
1.77
1.79
1.83
1.86
1.89
1.93
1.97
2.02
2.06
2.1
2.17
2.22
2.28
2.34
2.4
2.48
2.55
2.65
2.74
2.85
2.96
3.1
3.23
3.39
3.6
3.84
4.12
4.46
4.92
5.63
13.25
8.04
8.03
8.2
8.21
13.21
13.21
13.21
13.22
13.25
11.35
11.04
7.5
7.49
7.42
6.35
5.81
5.37
5.02
4.66
4.4
4.15
3.96
3.75
3.56
3.39
3.25
3.12
3.0
2.9
2.79
2.68
2.59
2.51
2.43
2.37
2.29
2.23
2.17
2.12
2.07
2.01
1.97
1.93
1.88
1.84
1.81
1.78
1.81
1.85
1.89
1.92
1.96
4.55
