1.4
1.72
1.4
1.4
1.42
1.53
1.61
1.59
1.58
1.56
1.54
1.53
1.5
0.77
0.76
0.77
1.42
1.43
1.42
1.41
1.4
1.36
1.12
1.01
1.02
1.35
1.33
0.89
0.88
0.88
0.87
0.87
0.86
0.86
0.86
0.85
0.85
0.85
0.85
1.0
1.27
1.28
1.28
1.28
1.28
0.8
0.59
0.59
0.61
0.59
0.59
0.59
0.59
0.59
0.59
0.6
0.6
0.61
0.61
0.61
0.62
0.62
0.62
0.62
0.63
0.62
0.66
0.72
0.68
0.67
0.65
0.63
0.61
0.61
0.61
0.63
0.64
0.65
0.66
0.68
0.68
0.69
0.71
0.7
0.71
0.73
1.62
1.64
1.67
1.69
1.72
1.25
1.26
1.8
1.81
1.85
1.88
1.92
1.95
1.99
2.04
1.06
1.04
2.17
2.22
2.26
2.22
2.17
2.13
2.08
2.05
2.01
1.97
1.94
1.91
1.88
1.86
1.83
1.8
1.79
1.76
1.72
0.89
0.89
1.55
1.67
1.65
1.48
1.62
1.59
1.15
1.15
1.57
1.57
1.55
1.29
1.27
1.26
1.26
1.24
1.23
1.24
1.23
1.23
1.22
1.21
1.21
1.2
1.26
1.37
1.44
1.44
1.44
1.44
1.44
1.43
1.44
1.43
1.44
1.44
1.44
1.44
1.38
1.45
1.45
1.46
1.45
1.47
1.47
1.48
1.48
1.49
1.5
1.5
1.52
1.52
1.53
1.54
1.55
1.57
