2.05
2.07
2.13
2.14
2.14
2.13
2.34
3.66
3.7
3.74
3.79
3.83
3.88
3.82
3.73
3.65
3.56
3.44
3.41
3.35
3.28
3.22
3.17
3.11
2.21
2.17
2.15
2.11
2.05
2.02
1.99
1.97
1.96
1.92
1.9
1.88
1.83
1.85
1.92
2.0
2.07
2.14
2.22
2.31
2.4
2.39
2.2
2.19
2.31
2.37
2.39
2.49
2.63
2.8
2.99
3.22
3.51
3.84
4.21
4.71
5.96
6.49
7.59
9.39
11.97
11.96
11.95
11.96
21.46
23.69
23.69
24.03
12.09
11.09
10.38
9.86
9.41
7.24
2.24
1.43
1.21
1.2
1.39
1.5
1.5
1.5
1.51
1.52
1.52
1.53
1.51
1.46
1.34
1.35
1.51
2.14
1.61
1.65
1.69
1.83
1.72
1.69
1.91
1.54
1.53
1.9
1.7
1.69
1.7
1.76
1.78
1.84
1.92
2.07
2.08
2.24
2.09
2.52
3.49
3.43
3.38
3.34
1.94
1.92
1.93
3.19
3.15
3.13
3.09
3.06
3.04
3.01
2.98
2.96
2.93
2.91
2.91
2.88
2.87
2.84
2.83
2.82
2.26
2.03
2.02
2.02
2.01
2.01
1.99
1.98
1.95
1.96
1.97
1.97
1.96
1.96
1.96
1.96
1.96
1.96
1.97
1.98
1.96
1.95
1.95
1.97
1.99
2.75
2.76
2.77
2.78
2.79
2.79
2.82
2.82
2.29
2.25
2.25
2.25
1.96
