6.61
6.63
6.65
6.68
6.7
6.73
6.75
6.77
6.82
6.85
6.9
9.13
9.2
9.71
9.94
10.02
10.08
8.11
7.43
7.43
2.63
2.58
2.56
2.53
2.5
2.49
2.53
2.6
2.71
2.81
2.91
3.02
3.12
3.12
3.07
3.03
2.98
2.93
2.9
2.9
2.92
2.72
2.82
2.71
2.68
2.66
2.62
2.57
2.54
2.54
2.5
2.45
2.45
2.43
2.28
81.83
81.83
81.83
81.83
81.83
81.83
81.83
81.83
81.83
81.83
81.83
4.02
5.35
5.74
5.96
5.94
5.93
6.32
7.13
7.23
7.94
11.31
14.08
15.39
19.09
9.36
8.05
8.04
8.05
7.98
6.52
6.53
7.94
3.64
3.2
2.89
2.58
2.35
2.16
2.03
2.03
2.04
2.05
2.07
2.08
2.09
2.11
2.12
2.13
2.15
2.16
2.17
2.19
2.22
2.24
2.25
2.27
2.3
2.33
2.35
2.36
2.4
2.43
2.46
2.5
2.53
2.56
2.59
2.64
2.68
2.73
2.77
2.81
2.87
2.93
2.99
3.05
3.12
3.18
3.25
3.33
3.41
3.49
3.58
3.69
3.78
3.89
4.02
4.14
4.27
4.43
4.59
4.77
4.98
5.2
5.44
5.69
5.98
6.29
6.64
7.03
7.5
9.73
19.75
12.4
12.27
12.18
12.27
81.83
81.83
81.83
81.83
81.83
81.83
81.83
81.83
81.83
81.83
4.0
2.86
2.08
1.73
1.43
1.22
1.07
