3.18
3.31
3.46
3.62
3.81
4.02
4.28
4.55
4.88
5.25
5.67
14.21
10.35
10.17
10.06
10.14
81.83
81.83
9.37
81.83
81.83
81.83
8.6
8.76
81.83
81.83
81.83
81.83
81.83
7.74
81.83
81.83
81.83
81.83
81.83
6.91
6.95
6.98
3.36
3.16
3.0
2.84
2.71
2.58
2.48
2.36
2.29
2.21
2.12
2.05
1.98
1.91
1.85
1.79
1.75
1.69
1.64
1.59
1.55
1.52
1.49
1.46
1.43
1.39
1.37
1.34
1.32
1.32
1.35
1.27
1.24
1.22
1.19
1.18
1.16
1.16
1.14
1.12
1.11
1.1
1.08
1.07
1.06
1.05
1.05
1.04
1.04
1.02
1.01
1.0
1.0
0.98
0.99
0.98
0.97
0.97
0.96
0.96
0.96
0.95
0.94
0.94
0.94
0.93
0.93
0.93
0.92
0.92
0.92
0.91
0.91
0.91
0.91
0.91
0.92
0.92
0.92
0.92
0.92
0.92
0.93
0.93
0.93
0.95
0.95
0.95
0.95
0.97
0.97
0.97
0.97
0.98
0.98
1.0
1.0
1.0
1.01
1.01
1.02
1.04
1.04
1.05
1.06
1.06
1.08
1.1
1.11
1.11
1.13
1.14
1.15
1.16
1.18
1.21
1.22
1.23
1.26
1.28
1.3
1.33
1.36
1.38
1.4
1.44
1.47
1.52
1.54
1.59
1.64
1.68
1.73
1.8
3.18
3.16
3.14
3.12
3.11
3.05
2.84
2.81
