81.83
2.5
2.49
4.59
4.55
4.51
4.45
4.17
4.45
4.43
4.41
4.4
4.39
4.62
5.58
5.8
5.64
6.12
8.67
10.62
13.5
17.53
17.36
7.81
6.52
6.49
6.49
6.49
6.5
5.53
5.0
5.0
5.16
6.42
6.44
6.46
6.49
2.36
2.2
2.07
1.96
1.86
1.76
1.68
1.61
1.55
1.49
1.44
1.38
1.34
1.29
1.24
1.21
1.17
1.13
1.1
1.06
1.03
1.0
0.97
0.95
0.94
0.92
0.9
0.88
0.87
0.84
0.83
0.82
0.81
0.79
0.78
0.77
0.75
0.74
0.74
0.73
0.72
0.71
0.73
0.74
0.76
0.79
0.81
0.83
0.86
0.89
0.92
0.96
0.99
1.04
1.08
1.13
1.18
1.24
1.29
1.37
1.44
1.53
1.63
1.73
1.86
2.01
2.2
2.42
2.69
3.05
3.5
4.08
4.93
6.11
12.1
81.83
18.45
18.17
81.83
81.83
10.63
81.83
81.83
81.83
81.83
81.83
9.91
81.83
81.83
81.83
81.83
9.16
9.16
9.19
5.57
5.27
5.01
4.79
4.59
4.39
4.22
4.06
3.9
3.78
3.65
3.54
3.48
3.34
3.24
3.15
3.07
2.97
2.91
2.84
2.78
2.72
2.66
2.6
2.55
2.49
2.46
2.42
2.37
2.33
2.29
2.25
2.22
2.17
2.15
2.12
2.09
2.05
2.03
2.02
1.99
1.97
1.94
1.92
1.91
1.89
1.87
1.86
1.84
