1.42
1.38
1.3
1.3
1.3
1.31
1.32
1.35
1.36
1.36
1.37
1.37
1.39
1.39
1.4
1.41
1.41
1.42
1.44
1.45
1.46
1.47
1.48
1.49
1.5
1.52
1.54
1.56
1.58
1.59
1.61
1.64
1.66
1.68
1.71
1.73
1.76
1.79
1.82
1.86
1.89
1.92
1.95
1.99
2.03
2.08
2.12
2.18
2.23
2.27
2.33
2.39
2.46
2.54
2.6
2.69
2.79
2.88
2.96
3.08
3.2
3.32
3.46
3.61
3.79
3.99
4.07
4.05
4.02
4.01
5.39
5.81
6.28
6.82
7.49
6.85
8.96
8.96
81.83
16.42
15.43
16.67
16.63
19.05
19.07
6.08
4.94
4.96
4.96
4.96
4.98
4.99
5.0
5.02
5.03
5.05
5.07
5.07
5.09
3.5
3.27
3.09
2.93
2.79
2.66
2.54
2.42
2.32
2.23
2.15
2.07
1.99
1.93
1.87
1.8
1.77
1.71
1.67
1.63
1.58
1.55
1.51
1.47
1.44
1.4
1.37
1.34
1.32
1.29
1.27
1.24
1.23
1.21
1.19
1.17
1.15
1.13
1.12
1.11
1.1
1.08
1.06
1.06
1.04
1.03
1.03
1.02
1.01
1.01
1.0
1.0
0.99
0.98
0.98
0.97
0.97
0.96
0.96
0.95
0.95
0.94
0.94
0.93
0.93
0.93
0.92
0.92
0.92
0.92
0.91
0.91
0.92
0.92
0.92
0.92
0.92
0.92
0.92
0.92
0.92
