3.26
3.22
3.17
3.13
3.1
3.05
3.02
2.99
2.95
2.91
2.89
2.86
2.52
2.52
2.6
2.71
2.75
2.72
2.7
2.67
2.67
2.65
2.63
2.61
2.6
2.59
2.57
2.56
2.56
2.55
2.53
2.53
2.52
2.52
2.22
2.36
2.5
2.49
2.49
2.49
2.49
2.49
2.49
2.49
2.5
2.5
2.51
2.51
2.52
2.53
2.54
2.53
2.55
2.54
2.33
2.28
2.21
2.08
1.98
1.87
1.78
1.7
1.63
1.52
1.52
1.53
1.53
1.54
1.49
1.45
1.4
1.37
1.33
1.28
1.25
1.23
1.2
1.16
1.13
1.11
1.09
1.06
1.05
1.03
1.0
0.98
0.96
0.95
0.93
0.91
0.9
0.88
0.87
0.72
0.71
0.71
0.73
0.71
0.71
0.7
0.7
0.69
0.67
0.67
0.67
0.66
0.65
0.65
0.64
0.64
0.63
0.63
0.63
0.63
0.63
0.62
0.62
0.62
0.62
0.62
0.62
0.61
0.61
0.61
0.6
0.6
0.6
0.6
0.61
0.64
0.76
0.76
0.76
0.77
0.78
2.67
2.68
2.68
2.68
2.68
2.69
2.7
3.23
3.24
3.17
3.05
2.62
2.56
2.72
2.73
2.76
2.78
2.8
2.81
2.84
2.86
2.88
3.16
2.8
3.6
3.63
3.67
3.7
3.74
3.77
3.82
3.87
3.93
3.97
3.87
3.79
3.7
3.62
3.56
3.5
3.43
3.38
3.32
3.27
3.22
