1.33
1.31
1.29
1.28
1.26
1.26
1.24
1.24
1.23
1.22
1.21
1.2
1.2
1.19
1.18
1.17
1.17
1.16
1.15
1.15
1.14
1.14
1.13
0.82
0.82
1.09
1.13
1.12
1.12
1.12
1.12
1.12
1.12
1.12
1.12
1.12
1.12
1.12
1.12
1.12
1.13
1.13
1.13
1.14
1.14
1.15
1.15
1.16
1.15
0.84
0.84
1.17
1.19
1.19
1.2
1.21
1.22
1.23
1.24
1.24
1.26
1.08
1.04
1.05
1.02
1.02
1.01
1.01
0.99
0.98
0.98
0.99
0.99
1.01
1.07
1.14
1.2
1.56
1.59
1.62
1.65
1.68
1.71
1.75
1.79
1.83
1.87
1.91
1.97
2.0
2.06
2.13
2.18
2.24
2.32
2.38
2.48
2.43
2.42
2.41
2.39
2.38
2.36
2.34
2.33
2.31
2.29
2.3
2.49
2.34
2.32
2.3
2.29
2.27
2.27
2.49
2.94
2.94
2.94
2.94
2.95
2.94
2.17
1.92
1.93
2.06
2.38
2.39
2.42
2.94
2.95
2.96
2.97
2.98
2.99
3.0
3.01
3.02
3.05
3.05
3.07
3.09
3.1
3.12
3.14
3.17
3.2
3.22
3.25
3.16
3.06
2.95
2.85
2.76
2.7
2.61
2.55
1.3
1.27
1.25
1.22
1.2
1.18
1.15
1.13
1.11
1.1
1.09
1.07
1.06
1.06
1.03
1.09
1.11
1.14
1.17
1.19
1.22
1.26
1.31
