1.25
1.25
1.24
1.24
1.24
1.24
1.25
1.24
1.24
1.25
1.25
1.25
1.26
1.26
1.26
1.27
1.27
1.26
1.27
1.27
1.28
1.28
1.28
1.29
1.3
1.31
1.31
1.32
1.33
1.33
1.35
1.36
1.37
1.38
1.39
1.41
1.43
1.44
1.46
1.47
1.48
1.49
1.52
1.54
1.56
1.57
1.6
1.63
1.65
1.67
1.7
1.72
1.75
1.78
1.82
1.85
1.9
1.94
1.97
2.01
2.06
2.12
2.17
2.22
2.29
2.34
2.42
2.49
2.57
2.66
2.74
2.84
2.95
3.04
3.17
3.31
3.47
3.56
3.53
3.51
3.49
3.48
4.81
5.17
5.57
6.03
6.55
7.22
8.05
8.46
8.43
81.83
15.88
14.89
16.15
16.13
16.18
81.83
10.61
4.93
4.42
4.44
4.45
4.45
4.46
4.47
4.49
4.5
4.52
4.53
4.55
4.56
4.59
4.61
4.64
3.26
2.97
2.81
2.7
2.58
2.49
2.39
2.31
2.24
2.15
2.08
2.01
1.94
1.89
1.84
1.79
1.75
1.69
1.65
1.61
1.57
1.53
1.5
1.47
1.44
1.41
1.38
1.36
1.34
1.33
1.31
1.28
1.29
1.25
1.22
1.21
1.2
1.18
1.17
1.16
1.14
1.13
1.11
1.11
1.1
1.09
1.08
1.08
1.06
1.05
1.05
1.04
1.04
1.04
1.03
1.02
1.02
1.02
1.02
1.02
1.02
1.0
1.01
1.0
1.0
