3.0
2.86
2.75
2.64
2.56
2.54
2.51
2.52
2.54
2.57
2.6
2.62
2.65
2.68
2.72
2.75
2.8
2.84
2.87
2.82
2.76
2.71
2.66
2.62
2.58
2.53
2.49
2.46
2.42
2.39
2.36
2.32
2.3
2.28
2.26
2.23
2.21
2.19
2.17
2.15
2.14
2.11
2.1
2.09
2.07
2.07
2.05
2.04
2.03
2.02
2.01
2.0
1.97
1.98
1.97
1.97
1.96
1.96
1.96
1.96
1.96
1.96
1.97
1.96
1.96
1.96
1.96
1.96
1.96
1.96
1.97
1.97
1.97
1.98
1.99
2.0
1.97
5.27
5.7
6.2
6.82
7.6
8.55
9.77
11.36
16.29
16.78
81.83
81.83
81.83
14.81
81.83
81.83
81.83
81.83
81.83
8.42
7.3
6.44
5.77
5.21
4.79
4.76
4.8
4.83
3.62
3.4
3.21
3.04
2.89
2.75
2.63
2.52
2.41
2.31
2.23
2.15
2.07
2.01
1.94
1.88
1.83
1.78
1.72
1.68
1.63
1.6
1.56
1.53
1.51
1.5
1.44
1.4
1.38
1.35
1.33
1.29
1.27
1.27
1.24
1.22
1.19
1.2
1.18
1.16
1.15
1.14
1.13
1.11
1.1
1.09
1.07
1.07
1.07
1.06
1.04
1.04
1.04
1.02
1.03
1.02
1.01
1.01
1.0
1.0
0.99
0.98
0.98
0.98
0.97
0.97
0.97
0.97
0.97
0.96
0.97
0.96
0.96
0.96
0.97
