5.62
4.85
4.11
3.75
2.3
5.19
5.26
7.5
5.44
1.2
1.22
1.7
1.71
8.04
8.14
8.27
3.47
8.07
3.55
5.61
3.19
7.36
7.33
5.51
7.12
3.71
3.78
3.76
4.87
4.11
3.82
5.55
81.83
81.83
5.15
4.66
3.83
6.39
6.34
81.83
81.83
81.83
6.07
81.83
81.83
81.83
81.83
81.83
81.83
81.83
3.63
81.83
81.83
81.83
81.83
2.98
81.83
3.07
3.05
81.83
81.83
20.83
20.8
20.76
20.76
16.33
16.41
9.75
7.32
1.34
6.86
7.43
2.13
2.11
2.08
2.07
1.92
1.82
1.81
1.81
1.82
1.81
1.83
1.84
1.85
1.86
1.88
1.88
1.88
1.32
1.34
1.91
2.02
4.26
4.26
4.27
4.26
4.27
4.28
4.28
4.29
4.31
4.31
4.33
7.39
7.36
7.61
4.72
4.08
4.08
7.78
7.64
7.68
7.03
6.96
6.35
6.24
6.04
6.01
6.05
6.19
2.19
2.17
2.03
2.04
81.83
81.83
81.83
81.83
81.83
81.83
81.83
81.83
81.83
81.83
81.83
81.83
2.49
2.47
2.52
2.53
81.83
2.57
81.83
81.83
81.83
81.83
81.83
81.83
81.83
81.83
81.83
81.83
81.83
81.83
81.83
81.83
81.83
4.14
4.13
4.13
4.13
4.12
4.13
4.17
4.2
4.21
2.7
4.24
3.37
4.29
4.3
4.37
4.38
4.4
2.61
3.09
2.38
2.36
3.13
