2.72
2.69
2.64
2.61
2.58
2.54
2.52
2.49
2.46
2.43
2.41
2.4
2.38
2.37
2.33
2.31
2.29
2.27
2.25
2.24
2.22
2.22
2.21
2.19
1.55
1.53
1.53
1.52
1.51
1.5
1.5
1.49
1.48
1.46
1.45
1.47
1.48
1.46
1.47
2.07
2.1
2.12
2.11
2.11
1.48
1.49
1.49
1.49
1.49
1.5
1.49
1.49
1.49
1.49
1.5
1.52
1.53
1.54
1.55
1.8
2.24
2.24
2.26
2.28
2.29
2.31
2.33
2.35
2.4
2.4
2.42
2.44
2.47
2.49
2.52
2.55
2.58
2.61
2.65
2.68
2.72
2.77
2.81
2.85
2.91
2.97
3.01
3.08
3.07
3.02
2.98
2.94
2.89
2.85
2.83
1.21
1.16
1.16
1.2
2.67
2.64
2.62
2.6
2.57
2.55
2.53
2.52
2.5
2.5
2.46
2.44
2.42
2.42
2.41
2.4
2.38
2.37
1.61
1.6
1.58
1.56
1.56
1.56
1.56
1.56
1.57
1.57
1.56
1.56
1.56
1.56
1.55
1.54
1.54
1.57
1.57
1.55
1.55
1.55
1.57
1.59
1.6
1.6
1.62
1.62
1.63
1.63
1.64
1.61
1.6
1.65
1.63
1.63
1.65
1.69
2.51
2.55
2.58
2.6
2.62
2.65
2.68
2.7
2.74
2.77
2.81
2.84
2.87
2.92
2.96
3.01
3.05
3.11
3.15
1.96
1.97
1.76
1.75
1.73
1.72
