10.49
10.5
1.42
81.83
81.83
7.18
7.11
4.07
3.82
3.77
3.77
3.77
3.77
3.71
3.67
3.75
3.8
7.16
4.58
7.84
6.75
9.52
9.41
8.15
9.15
9.04
8.94
3.11
8.76
8.68
81.83
3.16
3.28
81.83
81.83
81.83
81.83
81.83
81.83
81.83
81.83
81.83
81.83
81.83
2.57
2.71
2.8
2.82
2.8
2.79
2.76
2.76
2.75
2.74
2.72
2.72
2.71
2.7
2.69
2.68
2.66
2.65
2.63
2.62
2.62
2.63
2.62
2.62
2.63
2.62
2.62
2.61
2.61
2.61
2.64
2.63
2.63
2.64
2.65
2.67
2.68
2.69
2.71
2.71
2.73
2.72
2.73
2.75
2.77
2.78
2.79
2.81
2.85
2.85
2.87
2.89
2.9
4.25
4.8
5.68
3.38
3.4
3.38
3.37
3.68
3.68
3.69
3.69
3.69
3.7
4.02
3.68
3.74
4.06
4.05
3.81
4.97
6.93
6.67
6.02
5.91
5.78
5.68
5.77
5.86
7.27
7.32
7.37
7.34
6.88
6.78
6.78
6.87
6.85
6.92
7.03
7.88
7.97
7.14
7.97
6.67
6.89
8.16
8.34
7.83
7.37
7.44
7.53
6.66
4.17
4.12
4.09
4.05
3.99
3.82
3.78
3.72
3.78
3.87
3.96
4.06
4.17
4.27
4.4
4.54
4.69
4.83
5.0
5.17
5.36
5.56
5.81
6.04
6.29
6.59
6.93
7.28
7.68
8.14
9.22
