1.01
1.02
1.02
1.04
1.06
1.08
1.11
1.11
1.14
1.15
1.17
1.19
1.22
1.25
1.27
1.3
1.34
1.35
1.38
1.43
1.45
1.49
1.53
1.57
1.62
1.67
1.72
1.78
1.83
1.9
1.97
2.05
2.14
2.23
2.35
2.46
2.59
2.74
2.85
2.84
2.82
2.81
2.8
2.79
2.78
2.78
2.77
2.77
2.76
2.75
2.75
2.75
2.74
2.74
2.74
2.74
2.74
2.75
2.75
2.76
2.76
2.77
2.77
2.78
2.78
2.79
2.81
2.81
2.83
2.85
2.85
2.87
2.89
2.91
2.92
2.94
2.96
1.26
3.0
3.04
3.06
3.08
3.1
2.2
3.16
3.19
81.83
1.84
1.85
1.88
1.93
0.75
0.74
3.53
3.57
3.63
3.61
3.54
3.48
3.42
3.36
3.31
3.27
3.21
3.16
3.11
1.97
3.04
3.0
2.96
2.92
2.89
2.85
2.83
2.79
2.76
2.74
2.71
2.69
2.67
2.64
1.68
2.6
2.59
2.58
1.02
1.01
0.96
0.98
81.83
81.83
2.49
2.48
2.47
2.46
2.45
2.45
2.44
2.44
2.44
2.43
2.43
2.43
2.43
2.43
2.43
2.43
1.11
1.08
2.44
2.44
2.44
2.44
2.45
2.45
2.46
2.47
2.48
2.49
2.51
2.37
2.25
2.12
2.02
1.93
1.84
1.76
1.69
1.63
1.56
1.51
1.47
1.42
1.37
1.35
1.3
1.26
1.24
1.19
1.16
