81.83
8.78
7.37
6.24
6.05
4.97
4.47
4.08
3.74
3.45
3.19
2.99
2.8
2.64
2.52
2.38
2.27
2.16
2.05
1.97
1.89
1.81
1.75
1.7
1.63
1.58
1.54
1.48
1.44
1.42
1.37
1.34
1.29
1.27
1.24
1.21
1.17
1.15
1.13
1.1
1.07
1.05
1.03
1.02
1.0
1.0
0.98
0.96
0.95
0.94
0.91
0.92
0.9
0.9
0.89
0.88
0.87
0.86
0.86
0.85
0.85
0.84
0.83
0.82
0.81
0.81
0.8
0.8
0.8
0.8
0.79
0.78
0.77
0.79
0.86
0.95
1.06
1.24
1.31
1.4
1.47
1.62
1.9
1.91
1.91
1.87
1.88
4.41
4.43
4.31
4.32
4.35
4.43
3.91
5.25
5.35
5.34
5.23
5.28
4.67
4.68
4.71
4.72
4.73
4.69
4.67
4.68
5.26
5.33
5.39
5.51
5.69
5.74
5.79
5.84
5.63
5.63
5.68
5.76
5.84
4.02
6.05
5.9
5.76
5.64
1.91
1.89
1.84
1.8
1.77
1.7
1.45
1.42
1.39
1.38
1.36
1.28
1.21
1.19
1.17
1.15
1.15
1.13
1.12
1.1
1.08
1.08
1.06
1.06
1.05
1.04
1.04
1.03
1.02
1.01
1.01
1.0
0.99
0.99
0.99
0.98
0.98
0.97
0.97
0.96
0.95
0.95
0.95
0.95
0.95
0.95
0.95
0.95
0.95
0.95
0.95
0.95
0.94
0.94
0.94
