1.46
1.46
1.45
1.45
1.45
1.45
1.45
1.44
1.43
1.43
1.43
1.44
1.44
1.44
1.44
1.44
1.45
1.45
1.45
1.45
1.45
1.46
1.46
1.47
1.48
1.49
1.5
1.5
1.51
1.52
1.52
1.54
1.54
1.56
1.58
1.58
1.6
1.62
1.62
1.64
1.66
1.68
1.7
1.71
1.73
1.76
1.78
1.81
1.84
1.86
1.88
1.92
1.94
1.98
2.02
2.05
2.07
5.06
5.07
3.85
3.83
5.11
4.9
4.72
4.58
3.46
4.63
4.67
81.83
3.84
3.85
4.07
4.06
8.25
81.83
81.83
81.83
9.75
14.16
14.05
6.63
6.25
6.23
6.17
6.13
6.15
6.28
13.46
6.92
5.34
81.83
81.83
81.83
81.83
81.83
4.47
4.56
4.51
81.83
81.83
4.47
81.83
81.83
81.83
81.83
81.83
81.83
81.83
81.83
81.83
81.83
81.83
81.83
81.83
81.83
81.83
81.83
81.83
81.83
81.83
81.83
81.83
81.83
81.83
81.83
2.92
2.97
3.0
3.03
3.07
3.09
3.12
3.16
3.19
3.23
3.04
2.98
2.93
2.88
3.18
3.23
3.11
3.04
2.99
2.94
2.9
2.82
2.84
2.88
2.93
3.0
3.05
3.01
2.99
2.64
2.66
2.75
2.83
3.27
3.37
3.49
3.6
5.35
5.54
5.7
5.65
5.61
3.43
3.44
3.51
5.48
4.83
4.8
4.79
4.94
5.32
4.88
5.27
5.26
5.17
