1.26
1.25
1.26
1.25
1.25
1.25
1.25
1.26
1.26
1.25
1.25
1.25
1.25
1.26
1.27
1.27
1.27
1.26
1.27
1.27
1.28
1.29
1.3
1.31
1.31
1.32
1.34
1.35
1.36
1.36
1.36
1.37
1.39
1.4
1.42
1.44
1.45
1.46
1.49
1.5
1.52
1.53
1.55
1.57
1.59
1.62
1.65
1.67
1.7
1.73
1.75
1.79
1.83
1.86
1.9
1.94
1.98
2.03
2.09
2.14
2.2
2.25
2.32
2.39
2.45
2.55
2.63
2.73
2.85
2.98
3.11
3.27
3.47
3.7
3.96
4.27
4.75
5.26
17.13
17.11
17.12
17.13
20.71
20.32
20.99
20.98
7.43
7.23
5.86
5.24
4.79
4.37
4.05
3.76
3.51
3.3
3.1
2.91
2.76
2.63
2.5
2.4
2.29
2.2
2.11
2.04
1.96
1.9
1.83
1.79
1.71
1.69
1.71
1.71
1.73
1.78
4.69
4.76
4.82
4.89
4.96
5.04
5.11
5.19
4.13
5.38
3.19
81.83
81.83
3.98
5.48
5.4
5.33
5.27
2.82
5.14
4.31
5.03
4.97
1.01
0.99
1.0
1.0
0.99
0.99
0.98
0.97
0.96
0.96
0.96
0.95
0.94
0.93
0.93
0.92
0.92
0.97
1.05
1.15
1.26
1.41
1.58
1.8
2.07
2.43
3.09
3.85
4.27
4.26
4.26
4.26
4.26
4.26
4.27
4.28
4.28
4.29
4.3
4.31
4.32
