16.15
16.11
13.45
13.41
13.4
13.39
13.38
13.36
13.37
13.36
13.38
7.99
5.94
4.7
3.99
3.34
2.95
2.6
2.33
2.11
1.93
1.78
1.68
1.57
1.52
1.53
1.56
1.57
1.58
1.59
1.6
1.61
1.62
2.5
2.51
4.38
4.42
4.47
4.45
4.33
4.2
4.1
3.99
3.88
3.89
3.94
4.01
4.05
4.11
4.17
3.76
4.31
4.02
3.64
4.3
4.35
4.52
5.94
6.07
6.19
6.11
4.6
4.6
5.84
4.9
5.72
5.69
5.62
5.57
5.51
5.46
5.41
5.37
4.96
4.51
4.47
4.44
4.41
4.38
4.61
4.85
3.66
5.11
5.09
5.06
4.86
5.03
5.01
4.99
4.99
4.88
4.87
4.85
4.85
4.84
4.83
4.83
4.83
4.82
4.31
4.27
4.28
4.28
4.85
4.85
4.87
4.88
3.87
4.89
4.91
4.92
4.95
4.97
4.86
5.01
3.25
3.09
2.96
2.84
2.68
2.61
2.65
2.67
2.68
2.6
2.51
2.44
2.41
2.43
2.46
2.48
2.5
2.54
2.56
2.59
2.63
2.78
2.71
2.65
2.6
2.54
2.49
2.44
2.4
2.36
2.32
2.28
2.25
2.21
2.18
2.15
2.12
2.09
2.06
2.04
2.02
1.99
1.97
1.95
1.92
1.89
1.89
1.87
1.85
1.84
1.82
1.81
1.81
1.79
1.78
1.77
1.76
1.71
1.55
1.65
1.76
1.94
1.91
1.92
1.91
