1.48
1.48
1.47
1.47
1.48
1.48
1.48
1.48
1.48
1.48
1.48
1.49
1.49
1.5
1.49
1.5
1.51
1.51
1.52
1.53
1.53
1.53
1.54
1.55
1.56
1.57
1.58
1.6
1.61
1.62
1.64
1.66
1.67
1.69
1.7
1.72
1.74
1.76
1.78
1.81
1.83
1.84
1.87
1.9
1.93
1.96
1.99
2.03
2.07
2.11
2.16
2.19
2.24
2.3
2.34
2.4
2.45
2.53
2.59
2.67
2.75
2.83
2.93
3.03
3.14
3.27
3.41
3.56
3.74
3.97
4.22
4.54
4.91
5.39
6.17
8.51
13.45
13.41
13.37
10.71
10.68
10.67
10.64
10.63
10.62
10.61
10.6
10.61
10.61
10.61
10.61
7.56
6.08
5.01
4.72
4.75
3.36
3.02
2.75
2.53
2.33
2.17
2.02
1.9
1.79
1.69
1.6
1.53
1.46
1.39
1.32
1.32
1.25
1.19
1.14
1.1
1.06
1.02
0.99
0.95
0.93
0.9
0.88
0.85
0.83
0.82
0.8
0.78
0.76
0.74
0.73
0.72
0.71
0.69
0.69
0.68
0.66
0.66
0.65
0.64
0.63
0.63
0.61
0.62
0.6
0.61
0.6
0.59
0.58
0.57
0.57
0.57
0.56
0.56
0.56
0.55
0.55
0.54
0.54
0.54
0.53
0.54
0.52
0.54
0.54
0.53
0.54
0.53
0.53
0.52
0.52
0.53
0.53
0.52
0.53
0.53
0.53
0.53
0.53
0.53
