1.13
1.14
1.15
1.15
1.15
1.15
1.15
1.15
1.15
1.15
1.16
1.15
1.15
1.17
1.18
1.18
1.19
1.2
1.21
1.22
1.22
1.24
1.24
1.26
1.29
1.29
1.3
1.32
1.33
1.35
1.37
1.37
1.4
1.42
1.43
1.47
1.48
1.5
1.53
1.55
1.58
1.62
1.65
1.68
1.72
1.76
1.8
1.84
1.88
1.93
1.99
2.04
2.11
2.17
2.22
2.3
2.37
2.45
2.53
2.63
2.73
2.85
2.95
3.09
3.23
6.67
6.62
6.59
6.56
6.52
6.49
6.45
6.44
6.42
6.28
6.57
6.55
6.53
6.52
81.83
81.83
81.83
81.83
81.83
81.83
8.16
8.1
81.83
81.83
81.83
17.15
9.79
9.78
9.94
16.08
17.34
17.39
81.83
81.83
11.87
81.83
81.83
4.86
3.85
3.29
2.93
2.66
2.43
2.26
2.11
2.0
1.9
1.81
1.73
1.66
1.61
1.54
1.48
1.44
1.39
1.34
1.29
1.27
1.22
1.2
1.18
1.14
1.12
1.09
1.07
1.04
1.02
0.99
0.98
0.96
0.94
0.92
0.91
0.9
0.88
0.87
0.85
0.84
0.83
0.83
0.82
0.8
0.79
0.78
0.77
0.76
0.75
0.75
0.74
0.73
0.73
0.73
0.72
0.72
0.71
0.71
0.7
0.7
0.71
0.7
0.69
0.69
0.69
0.68
0.69
0.69
0.68
0.68
0.68
0.68
0.69
0.68
0.68
0.68
0.68
