3.72
3.71
3.7
3.69
3.68
3.67
3.66
3.66
3.66
3.66
3.66
3.66
3.66
3.66
3.65
3.66
3.67
3.67
3.69
3.7
3.7
3.71
3.71
3.73
3.52
3.16
2.97
2.78
2.62
2.48
2.35
1.95
1.86
1.41
1.29
1.3
1.3
1.3
1.31
1.32
1.32
1.32
1.34
1.33
1.34
6.42
6.26
6.11
5.97
5.85
5.71
5.6
5.48
5.35
5.27
5.17
5.08
4.99
4.91
4.91
5.01
7.72
81.83
7.59
8.09
9.75
9.76
9.66
9.52
9.43
9.34
9.25
9.17
9.08
8.43
8.12
8.05
8.17
8.69
8.73
8.68
8.61
8.57
8.51
8.43
8.38
8.33
8.3
7.73
7.62
7.96
7.11
8.16
5.71
5.35
5.33
5.33
3.61
3.6
3.6
3.59
7.44
8.09
3.21
3.2
3.18
3.16
3.14
3.12
3.12
3.11
3.1
3.09
3.07
3.06
3.06
3.05
3.02
3.01
3.03
3.03
3.02
3.0
3.0
2.98
2.97
2.97
2.97
2.96
2.96
2.96
2.97
2.97
2.97
2.98
2.99
2.98
2.94
2.87
2.84
3.04
3.05
3.05
3.06
3.07
3.09
3.09
3.1
3.11
3.14
81.83
81.83
3.29
3.19
81.83
81.83
81.83
8.55
8.56
8.59
16.01
81.83
6.95
6.29
8.77
6.11
8.71
7.14
8.82
3.83
3.62
3.52
3.53
3.57
3.59
3.57
3.55
3.56
3.83
3.89
