0.75
0.75
0.75
0.75
0.75
0.76
0.76
0.77
0.76
0.76
0.77
0.77
0.78
0.78
0.78
0.79
0.79
0.8
0.81
0.81
0.82
0.83
0.84
0.85
0.85
0.85
0.86
0.87
0.88
0.9
0.91
0.92
0.93
0.95
0.97
0.97
0.99
1.0
1.01
1.03
1.05
1.06
1.08
1.1
1.13
1.14
1.17
1.2
1.23
1.25
1.29
1.32
1.36
1.38
1.42
1.47
1.5
1.55
1.61
1.66
1.72
1.79
1.85
8.25
8.6
8.99
9.05
8.99
8.95
8.89
5.97
5.95
5.94
5.9
5.88
4.87
4.88
4.86
6.12
6.11
6.09
6.07
6.06
6.08
6.06
6.18
8.46
7.29
7.26
7.48
8.49
8.51
8.53
7.89
7.92
7.92
8.59
7.99
8.01
8.03
8.73
1.61
1.52
1.4
1.4
1.41
1.4
1.39
1.43
1.44
1.39
1.39
1.4
1.4
1.4
1.41
1.42
1.43
1.44
1.44
1.47
1.48
1.49
1.5
1.52
1.53
1.55
1.56
1.58
1.59
1.61
1.62
0.57
0.56
0.56
0.57
0.56
0.54
0.54
0.53
0.52
0.52
0.52
0.51
0.51
0.51
0.5
0.5
0.49
0.49
0.49
0.49
0.48
0.47
0.47
0.47
0.46
0.46
0.46
0.45
0.46
0.46
0.45
0.45
0.44
0.45
0.45
0.45
0.44
0.44
0.45
0.44
0.44
0.44
0.44
0.44
0.45
0.44
0.44
0.44
