0.71
0.7
0.71
0.81
0.91
1.02
2.89
2.88
2.88
2.88
2.88
2.88
2.88
2.88
2.88
2.87
2.87
2.86
2.24
2.17
2.57
2.88
2.91
2.47
2.1
2.09
2.14
2.52
2.85
2.98
3.0
2.4
2.28
2.23
2.21
2.26
2.28
2.29
2.36
2.38
2.4
2.42
2.46
2.47
2.5
2.52
2.5
2.56
2.61
2.63
2.67
2.71
2.75
2.79
2.94
2.99
3.92
4.02
4.09
4.16
4.19
4.32
4.42
4.52
4.57
4.51
4.45
4.38
4.32
4.27
2.93
4.18
4.14
4.09
4.06
4.01
3.98
3.94
3.91
3.88
3.85
3.83
3.79
3.76
3.74
3.72
3.71
3.1
2.87
2.86
2.84
2.83
2.83
2.81
2.79
2.8
3.45
3.7
3.71
3.7
3.69
3.69
3.69
3.69
2.51
2.51
3.69
3.7
3.71
3.71
3.73
3.73
3.59
3.59
3.6
3.58
3.32
2.97
2.98
3.0
3.01
3.03
3.05
3.06
3.13
3.83
3.86
3.89
3.91
3.95
3.99
4.03
4.07
4.11
4.16
4.2
4.25
4.3
4.35
2.88
2.92
4.54
4.61
4.66
4.56
4.47
4.38
3.48
3.45
3.39
3.45
3.53
3.62
3.71
3.06
2.86
2.83
2.79
2.75
2.73
2.7
2.66
2.64
2.61
2.58
2.55
2.54
2.5
1.52
1.49
1.5
1.49
1.5
1.51
1.53
1.57
81.83
1.45
1.37
1.35
