0.95
0.95
0.95
0.95
0.95
0.95
0.95
0.95
0.96
0.95
0.96
0.96
0.96
0.97
0.97
0.98
0.98
0.99
0.99
1.0
1.0
1.01
1.02
1.03
1.04
1.05
1.06
1.06
1.08
1.08
1.09
1.1
1.12
1.13
1.14
1.16
1.17
1.18
1.2
1.21
1.23
1.26
1.27
1.29
1.3
1.33
1.35
1.38
1.41
1.44
1.47
1.5
1.53
1.57
1.61
1.66
1.7
1.75
1.8
1.86
1.91
1.98
2.05
2.13
2.21
2.32
2.41
2.54
2.67
2.81
2.99
3.33
3.7
4.27
7.82
7.84
7.06
7.91
7.93
12.95
12.94
12.92
12.91
12.89
12.89
13.79
16.43
16.14
17.45
16.72
2.99
2.95
2.94
2.0
1.83
1.65
1.5
1.36
1.26
1.18
1.08
1.0
0.96
0.89
0.85
0.8
0.76
0.72
0.7
0.66
0.64
0.62
0.59
0.57
0.55
0.53
0.52
0.5
0.5
0.48
0.47
0.46
0.45
0.44
0.43
0.42
0.41
0.4
0.4
0.4
0.39
0.39
0.38
0.38
0.37
0.37
0.37
0.35
0.36
0.35
0.34
0.34
0.34
0.33
0.32
0.33
0.32
0.32
0.31
0.31
0.31
0.3
0.3
0.29
0.29
0.28
0.28
0.28
0.28
0.28
0.27
0.27
0.27
0.26
0.27
0.27
0.27
0.27
0.26
0.26
0.28
0.29
0.29
0.28
0.28
0.28
0.28
0.29
0.29
0.29
