2.38
2.39
2.39
2.39
2.39
2.4
2.41
2.07
1.99
1.9
1.89
1.89
1.9
1.9
1.93
1.95
2.12
2.59
2.61
2.63
2.66
2.69
2.72
2.75
2.79
2.81
2.84
2.89
2.93
2.96
1.75
1.75
1.76
3.16
3.21
3.2
3.15
3.1
3.03
2.98
2.94
2.9
2.85
2.81
2.78
2.74
2.7
2.67
2.64
2.61
2.58
2.57
2.55
2.52
1.86
1.66
1.64
1.64
1.63
1.61
1.6
1.59
1.58
1.57
1.56
1.55
1.55
1.55
1.55
1.53
1.51
1.49
1.49
1.5
1.49
1.49
1.53
1.5
1.5
1.5
1.51
1.5
1.49
1.67
1.69
1.7
1.69
1.7
1.7
1.7
1.71
1.72
1.72
1.73
2.32
2.33
2.34
2.36
2.36
2.38
2.38
2.38
2.41
2.43
2.44
2.46
2.47
2.5
2.51
2.54
2.57
2.61
2.61
2.63
2.67
2.7
2.74
2.78
2.81
2.85
2.9
2.95
2.98
3.04
2.98
2.94
2.95
18.65
16.9
81.83
81.83
8.88
8.61
8.32
8.01
7.72
6.79
6.79
7.24
7.31
8.16
7.2
8.26
8.32
8.39
8.47
8.54
8.62
8.7
8.79
8.88
8.96
8.89
8.86
6.54
6.51
5.1
5.05
5.0
4.94
4.9
4.87
4.82
4.78
4.74
4.71
4.69
4.66
4.63
4.6
4.58
4.56
4.55
4.52
4.52
4.51
4.49
4.47
4.46
4.45
