8.51
81.83
81.83
81.83
7.65
7.65
81.83
81.83
81.83
81.83
81.83
11.17
11.16
11.38
11.22
14.98
4.07
4.07
4.91
4.46
4.46
4.47
4.49
4.54
5.22
5.2
5.2
5.24
5.25
5.26
5.28
5.3
5.31
5.33
5.35
5.38
5.41
5.43
5.46
5.49
5.52
5.56
5.58
5.63
5.66
1.77
1.73
1.71
1.67
1.64
1.63
1.61
1.58
1.56
1.54
1.52
1.5
1.49
1.48
1.46
1.45
1.43
1.42
1.41
1.38
1.38
1.39
1.38
1.37
1.36
1.35
1.34
1.34
1.33
1.33
1.32
1.31
1.31
1.3
1.3
1.29
1.29
1.29
1.28
1.29
1.28
1.29
1.29
1.28
1.29
1.29
1.28
1.28
1.29
1.29
1.29
1.31
1.31
1.32
1.32
1.33
1.33
1.33
1.34
1.35
1.36
1.37
1.38
1.39
1.4
1.41
1.43
1.44
1.45
1.46
1.48
1.49
1.51
1.53
1.53
1.55
1.58
1.6
1.62
1.64
1.67
1.71
1.73
1.74
1.78
1.81
1.85
1.89
1.93
1.96
2.01
2.05
2.09
2.15
2.2
2.27
2.32
2.39
2.47
2.54
2.63
2.72
2.83
2.95
3.09
3.23
3.41
3.62
3.86
4.16
4.52
5.01
5.83
13.27
9.15
9.11
9.14
13.24
13.25
13.25
13.25
13.27
13.3
81.83
81.83
8.12
7.46
7.45
6.1
5.64
5.27
4.89
4.6
4.32
4.12
