1.39
1.36
1.33
1.31
1.27
1.25
1.22
1.21
1.2
1.18
1.16
1.14
1.12
1.1
1.09
1.07
1.07
1.06
1.04
1.03
1.02
1.0
0.99
0.98
0.93
0.93
0.92
0.94
0.98
1.0
1.07
2.64
2.62
2.61
2.6
2.59
2.57
2.56
2.54
2.54
2.53
2.52
2.51
2.5
2.5
2.49
2.48
2.48
2.48
2.48
2.48
2.48
2.48
2.47
2.47
2.47
4.01
4.01
4.02
4.03
4.04
4.04
4.06
4.07
4.08
4.1
4.1
3.92
3.97
3.95
3.98
4.0
4.03
4.05
4.3
4.33
4.38
4.41
4.44
1.14
0.96
0.92
0.89
0.86
0.84
0.82
0.8
0.79
0.76
0.74
0.73
0.73
0.72
0.71
0.69
0.68
0.68
0.67
0.66
0.64
0.63
0.62
0.61
0.61
0.6
0.59
0.59
0.58
0.57
0.57
0.57
0.57
0.56
0.56
0.55
0.55
0.54
0.54
0.54
0.54
0.53
0.53
0.53
0.53
0.53
0.52
0.52
0.51
0.52
0.52
0.52
0.52
0.51
0.52
0.52
0.52
0.51
0.52
0.52
0.51
0.52
0.53
0.52
0.52
0.52
0.53
0.53
0.52
0.52
0.53
0.67
0.67
0.68
0.68
0.68
0.69
0.69
0.7
0.7
0.7
0.71
0.71
0.72
0.72
0.72
0.73
0.73
0.73
0.74
0.75
0.76
0.77
0.77
0.78
0.79
0.8
0.81
0.82
0.84
0.84
