0.83
0.83
0.84
0.84
0.84
0.85
0.84
0.84
0.84
0.85
0.85
0.85
0.85
0.86
0.86
0.87
0.88
0.88
0.88
0.88
0.89
0.89
0.9
0.9
0.91
0.92
0.92
0.93
0.95
0.95
0.96
0.98
0.99
0.99
1.0
1.02
1.03
1.04
1.06
1.07
1.1
1.11
1.13
1.15
1.16
1.19
1.21
1.24
1.27
1.31
1.33
1.36
1.39
1.43
1.45
1.51
1.54
1.59
1.64
1.7
1.75
1.82
1.88
1.96
2.04
2.13
2.23
2.33
2.49
2.63
2.79
2.99
7.56
7.49
7.44
7.37
7.32
7.27
7.23
7.18
7.15
6.74
7.07
7.03
7.0
4.33
4.3
4.28
4.26
4.26
4.24
4.24
4.23
4.22
4.21
4.21
4.21
4.22
4.22
4.21
4.21
4.21
4.22
4.23
4.24
4.25
4.25
4.26
4.27
4.29
4.31
4.33
4.34
4.36
4.48
4.5
4.53
4.67
3.36
3.21
3.07
2.95
2.83
2.72
2.64
2.54
2.45
2.37
2.31
2.25
2.18
2.12
2.06
2.0
1.96
1.9
1.87
1.82
1.78
1.74
1.71
1.67
1.64
1.61
1.59
1.55
1.54
1.51
1.49
1.47
1.46
1.44
1.42
1.44
1.37
1.36
1.35
1.33
1.32
1.31
1.29
1.28
1.27
1.25
1.26
1.25
1.24
1.23
1.23
1.22
1.21
1.21
1.19
1.2
1.19
1.19
1.18
1.18
1.18
1.17
