3.69
3.93
4.2
4.55
4.91
5.67
23.28
24.22
23.51
81.83
17.34
10.09
9.79
8.44
7.79
7.23
6.76
6.33
5.96
5.64
5.36
5.08
4.86
4.65
4.45
4.28
4.3
4.32
6.95
7.01
7.07
3.42
3.36
3.26
3.22
3.24
3.28
3.32
3.37
3.39
3.45
3.5
3.55
3.61
3.65
3.71
3.78
3.85
3.92
3.99
4.06
4.15
4.24
4.32
4.43
4.52
4.64
4.75
4.87
5.0
5.14
5.28
5.43
5.61
5.7
5.65
2.56
2.53
2.51
2.49
2.48
2.46
2.44
1.4
1.38
1.38
1.37
1.37
1.37
1.35
1.35
1.34
1.33
1.34
2.6
2.59
2.6
2.61
2.61
2.59
2.58
2.6
2.6
2.6
2.59
2.6
2.59
2.58
2.6
2.6
2.62
3.91
3.91
3.92
3.8
3.77
3.87
3.86
5.1
4.8
4.61
4.63
4.66
4.68
4.71
5.03
4.82
4.84
4.87
4.91
4.93
5.73
5.79
5.85
5.9
5.97
6.04
6.1
6.19
6.27
4.52
4.57
6.46
6.33
6.2
6.09
5.98
5.88
5.79
4.66
4.6
4.53
4.47
2.42
2.39
2.36
2.33
2.32
2.29
2.28
2.26
2.24
2.22
2.21
2.19
2.17
1.95
1.93
1.92
1.9
1.88
1.88
1.85
1.87
1.95
2.06
2.19
2.13
2.12
2.11
2.11
2.09
2.09
2.08
2.07
2.07
2.06
2.06
2.05
2.05
