1.87
1.9
1.93
1.95
1.98
1.27
1.14
1.15
2.14
2.18
2.21
2.26
2.32
2.31
2.25
2.21
2.16
2.11
2.06
2.03
1.99
1.95
1.92
1.87
0.95
0.92
0.99
1.78
1.75
1.72
1.71
1.69
1.55
1.18
1.17
1.21
1.58
1.59
1.57
1.3
1.28
1.28
1.25
1.24
1.23
1.23
1.22
1.21
1.2
1.19
1.18
1.17
1.2
1.27
1.38
1.41
1.41
1.41
1.41
1.41
1.41
1.41
1.4
1.4
1.4
1.4
1.31
1.29
1.29
1.4
1.4
1.39
1.4
1.41
1.41
1.42
1.42
1.42
1.42
1.43
1.42
1.43
1.44
1.42
1.42
1.46
1.48
1.49
1.49
1.5
1.51
1.52
1.53
1.55
1.56
1.58
1.59
1.6
1.48
1.22
1.22
4.18
4.08
3.98
3.9
3.81
3.74
0.99
0.97
0.98
3.45
3.4
3.34
3.27
3.22
3.16
3.16
3.18
3.22
4.91
4.86
4.79
4.73
4.68
4.63
4.57
4.52
4.49
4.44
4.4
4.36
4.33
4.3
4.26
4.22
4.21
4.19
4.15
4.12
3.87
3.86
3.84
3.82
3.8
3.8
3.77
3.78
3.97
3.96
3.95
3.94
3.93
3.93
3.93
3.93
3.92
3.92
3.92
3.92
3.92
3.92
3.93
3.93
3.94
3.95
3.96
3.97
3.98
4.0
4.01
4.02
2.48
2.47
2.49
2.5
2.52
2.53
2.54
2.56
2.58
