81.83
16.17
81.83
4.29
3.82
3.44
3.11
2.85
2.67
2.5
2.36
2.24
2.13
2.03
1.96
1.89
1.81
1.75
1.7
1.62
1.6
1.55
1.5
1.46
1.42
1.39
1.35
1.33
1.3
1.26
1.23
1.21
1.17
1.15
1.13
1.11
1.09
1.07
1.05
1.05
1.08
1.1
1.12
1.15
1.18
1.22
1.24
1.35
2.31
2.36
2.38
2.43
2.48
2.53
2.58
2.63
2.69
2.75
2.82
2.89
2.97
3.05
3.14
3.23
3.33
3.41
3.39
3.39
3.54
3.68
3.81
3.97
4.14
4.34
4.56
4.8
5.08
5.38
5.72
6.13
6.58
6.86
6.85
6.84
9.31
10.39
11.81
11.83
81.83
18.28
19.51
19.49
20.6
7.79
7.78
7.78
7.78
7.79
7.8
7.81
5.74
5.02
4.49
4.05
3.67
3.38
3.12
2.88
2.68
2.52
2.38
2.25
2.13
2.16
2.18
2.2
2.21
2.22
2.24
2.31
2.34
2.36
2.38
2.4
2.42
2.45
2.47
2.49
2.52
4.83
4.71
4.61
4.51
4.46
4.49
4.56
4.64
4.71
4.68
4.6
4.52
4.45
4.38
4.32
4.26
4.2
4.15
4.1
4.05
4.0
3.95
3.91
3.86
3.82
3.79
3.74
3.71
3.67
3.65
3.62
3.6
3.08
3.54
3.51
3.5
3.48
0.76
0.73
0.74
0.73
0.73
0.73
0.72
0.72
0.71
0.7
0.71
0.71
0.71
0.7
