3.23
3.16
3.0
2.99
2.98
2.93
2.88
2.83
2.78
2.73
2.7
2.67
2.62
1.61
1.6
1.58
1.57
1.56
1.54
1.53
1.52
1.5
1.49
1.49
1.49
1.48
1.45
1.64
1.8
1.93
2.05
2.17
2.16
2.16
2.14
2.13
1.95
1.95
2.13
4.47
10.53
81.83
8.21
8.2
8.2
8.47
10.37
13.06
17.51
21.41
11.66
10.34
10.36
10.38
8.84
8.84
5.71
4.91
4.33
4.33
4.34
4.35
4.37
4.38
4.4
2.15
2.04
2.0
2.02
2.18
2.19
2.2
2.23
2.02
1.92
1.85
1.78
1.71
1.65
1.6
1.55
1.51
1.5
1.49
1.51
1.52
1.54
1.56
1.58
1.6
1.62
1.65
1.67
1.69
2.83
2.89
2.93
2.99
3.05
3.1
3.14
3.24
3.31
3.38
3.47
3.56
3.6
3.56
3.51
3.48
3.44
3.41
3.37
3.35
3.32
2.27
2.14
2.14
2.09
2.1
2.06
2.03
1.99
2.03
2.06
3.08
3.06
2.01
2.0
1.99
1.99
1.92
1.9
1.96
2.01
2.15
2.16
2.23
2.24
2.23
2.23
2.24
2.24
2.22
2.21
2.21
2.2
2.21
2.23
2.24
2.26
2.26
2.26
2.26
2.27
2.02
2.02
2.02
2.35
3.12
3.16
3.17
3.19
3.21
3.23
3.26
1.92
1.93
1.94
3.37
3.4
3.43
3.47
3.51
3.55
3.59
3.64
3.69
3.66
3.58
