2.72
2.71
6.22
6.24
1.38
6.05
5.94
5.89
5.49
5.77
5.72
2.31
2.33
0.97
2.49
5.51
1.78
1.58
1.58
5.36
2.07
2.09
4.31
3.46
3.78
3.76
5.22
3.94
2.55
81.83
1.22
3.6
3.57
3.55
3.56
3.66
3.73
1.33
1.29
1.14
1.3
4.12
4.05
2.27
2.28
1.98
1.97
1.97
1.93
2.38
3.67
1.51
1.51
3.55
3.52
3.48
3.46
3.39
0.87
0.9
3.35
3.32
3.32
3.3
3.28
3.26
1.32
1.33
3.22
3.2
3.19
3.18
3.18
3.17
3.15
3.14
3.14
3.13
3.12
3.13
3.12
3.12
3.16
3.22
3.31
3.31
3.31
3.31
3.32
3.33
3.33
3.35
3.36
3.36
3.37
3.38
3.4
3.41
3.44
3.42
1.42
3.48
3.51
3.53
3.56
3.58
3.58
3.61
3.62
2.28
3.68
3.74
1.65
81.83
0.99
0.98
3.74
3.78
2.56
3.84
3.91
3.97
4.02
4.09
4.15
2.22
1.34
1.35
4.43
1.31
1.3
1.31
4.77
4.87
4.99
5.1
2.32
2.25
2.22
1.31
1.3
5.9
6.09
1.94
1.92
1.95
4.97
4.98
1.87
3.31
4.1
2.31
4.07
4.05
2.27
5.17
5.15
1.16
1.18
3.5
1.64
7.75
7.8
7.89
8.0
6.31
3.41
3.4
6.56
7.71
7.61
6.02
5.79
5.44
5.79
7.07
3.72
81.83
6.0
4.05
