1.12
1.12
1.12
1.12
1.13
1.13
1.13
1.14
1.14
1.14
1.15
1.16
1.16
1.16
1.17
1.18
1.18
1.19
1.2
1.2
1.2
1.22
1.23
1.24
1.26
1.27
1.28
1.29
1.29
1.31
1.33
1.34
1.36
1.38
1.4
1.42
1.44
1.46
1.48
1.5
1.52
1.55
1.57
1.6
1.64
1.66
1.7
1.73
1.77
1.8
1.85
1.89
1.94
2.0
2.04
2.1
2.16
2.2
4.77
4.8
3.59
81.83
81.83
8.37
4.06
4.31
81.83
81.83
14.37
11.22
14.17
10.42
6.56
6.53
6.51
6.41
6.46
6.56
13.78
10.73
81.83
5.68
81.83
81.83
81.83
81.83
81.83
4.88
4.86
81.83
81.83
81.83
81.83
81.83
81.83
81.83
81.83
81.83
81.83
81.83
81.83
81.83
81.83
81.83
81.83
81.83
81.83
81.83
81.83
81.83
81.83
81.83
81.83
81.83
3.42
3.47
3.5
3.53
3.56
3.6
3.64
3.69
3.74
3.55
3.5
3.43
3.62
3.72
3.64
3.57
3.5
3.46
3.39
3.36
3.38
3.46
3.52
3.55
3.51
3.14
3.17
3.27
3.34
3.79
3.89
3.99
4.21
5.71
5.74
6.12
6.15
3.9
3.91
6.0
5.96
5.9
5.25
5.23
5.26
5.52
5.76
5.3
5.67
5.02
4.32
4.26
4.27
4.3
4.31
4.33
5.52
5.52
5.56
5.56
5.54
5.55
5.56
5.55
5.55
5.56
