0.69
0.69
0.69
0.7
0.7
0.7
0.71
0.7
0.71
0.71
0.71
0.71
0.71
0.72
0.72
0.73
0.74
0.74
0.75
0.75
0.76
0.76
0.77
0.78
0.78
0.79
0.8
0.8
0.81
0.82
0.82
0.83
0.85
0.86
0.87
0.89
0.9
0.92
0.93
0.95
0.97
0.99
1.01
1.04
1.05
1.08
1.11
1.14
1.18
1.19
1.24
1.28
1.31
1.36
1.41
1.47
1.5
1.56
1.62
1.69
1.76
1.84
1.92
2.03
2.12
2.25
2.38
2.53
2.67
2.89
3.07
4.01
4.01
4.02
6.55
6.54
6.53
6.51
6.5
6.5
6.5
8.85
8.87
8.89
8.68
8.67
8.99
9.0
9.01
9.03
9.14
11.35
11.39
11.41
11.44
11.49
11.53
11.41
10.71
10.04
9.51
9.03
3.42
2.87
2.54
2.25
2.04
1.9
1.78
1.67
1.57
1.5
1.43
1.36
1.32
1.26
1.21
1.16
1.13
1.1
1.06
1.03
1.01
0.98
0.95
0.92
0.9
0.88
0.87
0.85
0.82
0.8
0.8
0.78
0.77
0.76
0.74
0.73
0.72
0.7
0.69
0.68
0.67
0.67
0.67
0.66
0.65
0.64
0.63
0.62
0.62
0.61
0.6
0.6
0.59
0.6
0.59
0.58
0.57
0.57
0.57
0.56
0.56
0.56
0.55
0.55
0.54
0.54
0.54
0.53
0.53
0.53
0.53
0.53
0.53
0.53
0.54
0.54
0.54
0.54
