1.13
1.14
1.15
1.15
1.15
1.16
1.17
1.17
1.18
1.19
1.19
1.18
1.17
1.16
1.14
1.13
1.12
1.12
1.11
1.1
1.1
1.09
1.08
1.07
1.06
1.06
1.05
1.05
1.05
1.05
1.04
1.04
1.03
1.03
1.03
1.03
1.03
1.02
1.02
1.02
1.02
1.02
1.02
1.02
1.02
1.02
1.02
1.02
1.02
1.02
1.03
1.04
1.03
1.04
1.05
1.05
1.05
1.06
1.06
1.07
1.07
1.08
1.09
1.1
1.11
1.07
1.02
1.02
1.15
1.15
1.16
1.17
1.19
1.2
1.21
1.23
1.25
1.26
1.28
1.3
1.17
0.66
0.67
0.67
1.38
1.42
1.43
1.46
1.49
1.52
1.54
1.58
1.61
1.65
1.68
1.54
1.51
1.49
1.48
1.45
1.44
1.43
1.42
1.4
1.39
1.38
1.36
1.35
1.35
1.38
1.44
1.49
1.57
1.65
1.73
1.83
1.89
1.88
1.88
1.87
1.86
1.85
1.85
1.85
1.84
1.8
0.98
0.97
1.28
1.32
1.23
1.06
0.95
0.86
0.86
0.87
0.97
0.96
0.95
1.0
0.99
1.02
1.05
1.09
1.25
1.84
1.87
1.88
1.9
1.91
1.91
1.92
1.39
1.01
1.02
1.98
1.99
2.01
1.93
1.87
1.8
1.75
1.7
1.64
1.6
1.55
1.5
1.47
1.44
1.4
1.36
1.34
1.31
1.29
0.89
0.84
0.85
0.89
0.9
0.92
