1.98
1.97
1.97
1.96
1.91
1.86
1.9
1.94
1.93
1.93
1.93
1.93
1.93
1.93
1.93
1.93
1.93
1.93
1.93
1.94
1.93
1.94
1.94
1.95
1.84
1.82
1.82
1.41
1.36
1.32
1.32
1.29
1.27
1.23
1.22
1.22
1.24
1.29
1.29
1.27
1.41
1.37
1.33
1.23
1.25
1.3
1.31
1.33
1.35
1.36
1.37
1.41
1.43
1.45
1.46
1.49
1.65
2.45
2.49
2.55
2.55
2.56
2.57
2.58
2.59
1.92
1.76
1.74
1.74
1.75
1.81
2.98
3.23
3.08
3.17
3.15
2.11
2.06
2.05
2.04
2.05
1.69
1.65
1.66
2.36
2.34
2.31
2.29
2.43
2.54
2.66
2.86
1.88
1.89
2.11
2.83
2.82
2.81
2.81
2.81
2.8
2.81
2.04
2.04
2.05
2.04
2.04
2.05
2.05
2.04
2.03
2.03
2.04
2.06
2.06
1.97
1.87
1.81
1.82
1.87
1.88
1.89
1.9
1.91
1.92
1.94
3.01
3.02
3.05
3.1
3.1
3.13
3.15
3.19
3.22
3.26
3.3
3.33
2.18
2.18
2.21
2.21
2.24
2.08
2.08
2.08
2.08
2.06
2.24
2.24
2.25
2.27
3.35
3.3
3.25
3.2
3.16
3.12
3.08
3.04
3.01
2.99
2.94
2.91
2.01
1.97
1.96
1.95
1.93
1.92
1.94
1.96
1.93
1.92
1.92
1.94
1.93
1.93
1.94
1.94
