0.84
0.91
1.61
1.61
1.62
1.63
1.63
1.64
1.65
1.65
1.65
1.66
1.68
1.68
1.71
1.71
1.71
1.73
1.75
1.77
1.78
1.79
1.82
1.83
1.85
1.87
1.89
1.91
1.95
1.97
1.99
2.02
2.05
2.09
2.12
2.15
2.19
2.23
2.27
2.29
2.36
2.41
2.35
2.51
2.57
2.63
2.61
2.58
2.54
1.91
1.86
1.83
1.82
1.8
1.79
1.77
1.75
1.75
1.74
1.73
1.71
1.7
1.69
1.04
0.86
0.87
0.92
2.18
2.18
2.17
2.17
2.16
2.15
2.14
2.14
2.14
2.14
2.13
2.13
2.13
2.13
2.12
2.12
2.12
2.13
2.12
2.13
2.13
2.13
2.13
2.14
2.15
2.16
2.16
2.17
2.11
1.96
1.84
1.7
1.61
1.53
1.42
1.45
1.46
1.48
1.49
1.49
1.5
1.52
1.53
1.53
1.56
1.58
1.59
1.6
1.63
1.71
1.66
1.63
1.6
1.56
1.53
1.49
1.46
1.44
1.41
1.38
1.36
1.33
1.3
1.29
1.28
1.25
1.23
1.21
1.2
1.18
1.17
1.16
1.14
1.13
1.12
1.11
1.09
1.08
1.08
1.07
1.06
1.05
1.04
1.03
1.03
0.94
0.74
0.74
0.71
0.7
0.7
0.69
0.69
0.68
0.67
0.67
0.67
0.67
0.66
0.67
0.67
0.67
0.67
0.67
0.67
0.69
0.69
0.66
0.7
0.72
0.74
0.8
0.74
