4.32
4.35
4.28
4.42
4.45
4.06
4.53
4.58
4.62
4.67
4.73
4.77
4.59
4.48
4.39
3.67
3.65
3.58
3.06
3.01
2.94
2.77
2.72
2.67
2.64
2.64
2.69
2.75
2.81
2.86
2.93
3.0
3.08
3.15
3.23
3.31
3.4
3.5
3.61
3.71
3.84
5.6
5.55
5.5
5.46
5.43
5.39
5.37
5.33
5.3
5.27
5.24
2.7
2.67
2.65
2.62
2.59
2.56
2.61
2.69
2.8
2.91
3.03
3.17
3.3
3.47
3.67
3.91
4.2
4.54
5.0
5.72
16.62
16.65
16.68
16.71
16.81
81.83
12.74
11.67
10.94
10.97
9.38
8.81
8.29
7.84
7.47
7.08
6.76
6.48
6.21
5.96
5.74
5.52
5.33
5.29
5.34
5.39
8.25
8.01
7.8
7.68
7.73
7.84
7.75
8.02
8.06
8.06
8.28
9.51
9.67
8.24
8.2
9.47
9.36
9.21
9.07
8.94
7.89
6.93
7.76
7.96
2.97
2.93
2.43
2.37
2.31
2.26
2.21
2.19
2.14
2.09
2.07
81.83
81.83
81.83
81.83
1.89
1.84
1.86
81.83
1.77
81.83
81.83
81.83
1.68
81.83
81.83
81.83
81.83
81.83
1.55
1.53
1.52
1.48
1.48
1.46
1.46
1.44
1.43
1.43
1.42
1.4
1.39
1.39
1.38
1.36
1.35
1.35
1.35
1.3
1.3
1.27
1.04
1.05
1.19
1.18
1.3
1.29
1.29
