2.47
2.38
2.31
2.24
2.16
2.11
2.04
1.98
1.93
1.88
1.85
1.8
1.76
1.73
1.69
1.65
1.62
1.59
1.11
1.12
1.47
1.47
1.46
1.44
1.41
1.39
1.37
1.35
1.34
1.31
1.3
1.28
1.27
1.26
1.25
1.23
1.22
1.21
1.2
1.19
1.18
1.17
1.16
1.15
1.15
1.14
1.13
1.13
1.12
1.12
1.1
1.1
1.1
1.1
1.09
1.09
1.05
0.77
0.74
1.07
1.08
1.08
1.08
1.08
1.08
1.08
1.08
1.08
1.08
1.08
1.09
1.09
1.09
1.09
1.1
1.1
1.1
1.1
1.1
1.11
1.12
1.12
1.13
1.09
0.81
0.82
1.16
1.17
1.18
1.18
1.2
1.2
1.22
1.23
1.23
1.24
1.04
1.02
1.01
1.01
1.0
0.99
0.98
0.98
0.96
0.96
0.98
0.99
1.0
1.09
1.17
1.57
1.59
1.63
1.65
1.69
1.74
1.76
1.81
1.85
1.89
1.95
1.99
2.05
2.11
2.17
2.25
2.32
2.39
2.48
2.44
2.43
2.43
2.41
2.4
2.37
2.36
2.35
2.33
2.31
2.33
2.58
2.37
2.35
2.33
2.31
2.3
2.31
2.58
2.98
2.52
2.08
2.97
2.97
2.97
1.95
1.94
1.93
1.93
2.41
2.42
2.12
2.07
2.08
3.01
3.01
3.03
3.04
3.05
3.07
3.08
3.09
3.1
3.12
3.14
3.16
3.19
3.21
3.22
3.26
