6.19
6.99
7.12
7.11
11.03
12.12
18.77
18.57
19.83
19.87
20.92
14.3
8.2
8.15
8.16
8.17
8.19
8.22
8.22
8.25
6.32
5.84
5.39
5.03
4.74
4.44
4.2
3.98
3.78
3.6
3.43
3.28
3.15
3.02
2.91
2.81
2.73
2.67
2.74
2.77
2.79
2.83
2.92
2.96
2.97
3.02
3.06
3.1
3.14
5.21
5.12
5.09
5.16
5.23
5.35
5.32
5.22
5.15
5.08
5.01
4.94
4.87
4.8
4.75
4.69
4.65
4.59
4.54
4.49
4.45
4.41
4.36
4.33
4.28
1.42
1.37
1.36
1.35
1.34
1.33
1.33
1.32
1.32
1.31
1.31
1.3
1.3
1.3
1.29
1.28
1.28
1.27
1.27
1.27
1.26
1.27
1.27
1.27
1.27
1.27
1.26
1.27
1.27
1.27
1.26
1.27
1.27
1.28
1.28
1.28
1.28
1.29
1.3
1.28
1.31
1.31
1.31
1.32
1.33
1.33
1.34
1.35
1.37
1.37
1.38
1.39
1.4
1.41
1.42
1.44
1.46
1.46
1.49
1.5
1.52
1.54
1.55
1.57
1.6
1.62
1.65
1.68
1.71
1.74
1.77
1.8
1.84
1.87
1.92
1.95
2.0
2.18
2.22
2.41
2.51
2.56
2.63
5.29
81.83
5.14
5.06
81.83
6.69
6.62
6.57
6.52
6.47
6.43
6.37
6.33
6.29
5.46
5.44
5.42
5.4
6.0
6.11
6.16
1.57
1.57
