0.83
0.83
0.83
0.82
0.84
0.84
0.84
0.85
0.84
0.85
0.85
0.84
0.85
0.85
0.86
0.85
0.86
0.86
0.87
0.87
0.87
0.87
0.89
0.89
0.9
0.91
0.91
0.92
0.92
0.93
0.94
0.94
0.95
0.96
0.97
0.98
1.0
1.01
1.01
1.04
1.05
1.07
1.07
1.1
1.12
1.13
1.16
1.19
1.2
1.22
1.25
1.29
1.31
2.44
2.41
2.38
2.35
2.31
2.27
2.24
2.21
2.19
2.16
2.15
2.18
2.15
2.14
2.12
2.13
2.26
2.35
4.16
4.37
4.6
4.69
4.66
4.63
4.61
4.59
4.58
4.56
4.54
4.53
4.51
4.5
4.5
6.86
6.87
6.85
6.85
6.88
6.7
6.71
6.7
7.02
7.04
7.04
7.05
7.07
7.16
9.35
9.38
9.41
9.44
9.49
9.53
9.56
9.61
9.11
8.65
8.19
7.81
7.46
7.14
6.86
6.59
6.44
6.54
6.55
2.97
2.7
2.48
2.29
2.15
2.01
1.91
1.83
1.75
1.68
1.6
1.56
1.49
1.45
1.39
1.36
1.3
1.28
1.23
1.2
1.17
1.14
1.12
1.09
1.07
1.05
1.02
1.01
0.99
0.97
0.96
0.95
0.93
0.91
0.89
0.89
0.88
0.86
0.85
0.84
0.82
0.81
0.8
0.8
0.79
0.78
0.77
0.76
0.75
0.75
0.74
0.73
0.73
0.72
0.71
0.71
0.7
0.7
0.71
0.7
0.68
