0.75
0.75
0.75
0.75
0.75
0.75
0.75
0.76
0.75
0.75
0.75
0.75
0.75
0.76
0.76
0.78
1.38
1.41
1.44
1.46
1.48
1.5
1.52
1.55
1.59
1.61
1.65
1.67
1.71
1.73
2.02
2.07
2.11
2.17
2.23
2.31
2.37
2.44
2.51
2.59
2.55
2.56
2.56
2.68
2.75
2.79
2.84
2.92
2.91
2.88
2.84
2.82
2.79
2.76
2.75
2.71
2.69
2.66
2.65
2.62
2.34
2.45
2.56
2.55
2.54
2.52
2.5
2.49
2.48
1.35
0.88
0.7
0.7
0.71
0.71
0.71
0.72
0.71
0.72
0.72
0.72
0.73
0.74
0.73
0.73
0.73
0.73
0.74
0.74
0.76
0.75
0.76
0.77
0.78
0.79
0.8
0.8
0.81
0.82
0.83
0.84
0.85
0.86
1.09
1.11
1.12
1.13
1.16
1.17
1.18
1.15
1.13
1.1
1.1
1.08
1.06
1.04
1.01
1.0
0.99
0.98
0.96
0.95
0.92
0.59
0.58
0.6
0.62
0.65
0.67
0.7
0.72
0.75
0.78
0.82
0.84
0.84
0.83
0.82
0.83
0.82
0.81
0.81
0.81
0.8
0.8
0.8
0.79
0.79
0.79
0.79
0.79
0.79
0.79
0.8
0.8
0.8
0.8
0.8
0.8
0.79
0.79
0.79
0.79
0.79
0.79
0.79
0.8
0.8
0.81
0.81
0.82
0.81
0.82
0.82
0.78
0.74
0.71
0.68
0.65
