2.67
1.26
1.26
1.27
2.62
2.56
2.6
2.6
2.57
2.56
1.18
1.07
1.03
1.02
1.08
1.08
1.0
1.02
1.17
1.19
1.2
1.31
1.35
1.37
2.55
2.55
2.55
1.05
1.01
1.04
2.58
2.58
2.61
2.62
2.51
2.37
2.24
2.12
2.04
1.92
1.94
1.95
1.97
1.98
2.0
2.03
2.04
2.05
2.07
2.1
2.12
2.14
2.17
2.19
2.22
2.25
2.27
2.31
2.34
3.34
3.39
3.45
3.5
3.56
3.63
3.7
3.77
3.85
3.94
2.21
2.16
2.17
2.18
3.96
3.91
3.9
2.17
2.13
3.74
3.7
3.66
3.62
3.6
3.56
3.54
3.51
3.51
3.46
3.44
3.41
3.39
3.38
3.37
3.35
3.34
3.33
3.31
2.49
2.5
2.52
2.51
2.5
2.51
2.51
2.51
2.51
3.24
3.37
3.36
3.36
3.36
3.37
3.37
3.38
3.38
3.39
3.4
3.09
3.1
2.06
2.03
2.01
2.05
2.05
2.06
2.07
2.08
2.1
2.13
2.77
2.81
2.83
2.84
2.87
2.89
2.91
2.94
3.68
3.71
3.69
3.7
3.88
3.88
3.93
3.98
4.04
4.09
4.15
4.21
4.27
4.33
4.41
2.93
4.55
2.71
2.74
2.72
2.75
2.73
2.71
2.94
2.96
4.12
4.07
4.02
3.97
3.93
3.91
3.16
2.97
2.93
2.91
2.89
2.86
2.84
2.52
2.5
1.93
1.83
1.85
