1.09
1.11
1.14
1.17
1.18
1.21
1.23
1.27
1.3
1.57
1.55
1.52
1.51
1.48
1.47
1.45
1.24
1.21
1.26
1.29
1.34
1.37
1.42
2.14
4.11
4.08
4.04
4.01
3.99
3.96
3.94
3.91
3.9
3.88
3.86
3.84
3.82
3.8
3.79
3.78
3.77
3.75
3.74
3.74
3.73
3.73
3.73
3.72
3.71
3.71
3.71
3.71
3.72
3.75
18.03
17.63
12.08
10.48
9.29
9.74
8.86
6.73
6.21
5.77
5.4
5.06
4.76
4.48
4.25
4.03
3.89
3.92
3.95
3.98
4.01
7.18
7.24
7.29
7.26
7.31
7.38
7.49
10.08
5.84
5.7
5.55
5.44
5.32
5.21
5.1
5.0
4.9
4.82
4.73
4.66
4.57
4.5
4.43
4.36
4.29
4.24
4.17
4.12
4.11
4.14
4.2
4.25
4.31
4.38
4.44
4.51
4.59
4.65
4.73
4.83
4.91
5.01
1.4
1.4
1.45
1.53
1.55
1.55
1.55
1.54
1.53
1.52
1.52
1.51
1.5
1.5
1.5
1.49
1.5
1.49
1.49
1.49
1.48
1.47
1.48
1.48
1.49
1.48
1.48
1.48
1.47
1.49
1.49
1.5
1.5
1.5
1.5
1.51
1.51
1.52
1.52
1.53
1.54
1.54
1.55
1.56
1.57
1.57
1.59
1.62
1.62
1.63
1.6
1.55
1.5
1.46
1.42
1.38
1.34
1.3
1.28
1.24
1.21
1.19
1.17
