0.78
0.78
0.78
0.78
0.79
0.78
0.8
0.79
0.8
0.8
0.79
0.79
0.8
0.8
0.81
0.82
0.82
0.83
0.82
0.83
0.82
0.83
0.83
0.84
0.84
0.85
0.85
0.87
0.88
0.89
0.89
0.9
0.91
0.91
0.93
0.94
0.95
0.97
0.98
0.99
1.0
1.01
1.03
1.03
1.06
1.07
1.09
1.11
1.13
1.17
1.17
1.2
1.24
1.27
1.3
1.34
1.38
1.42
1.46
1.5
1.54
1.59
1.64
1.69
1.75
1.82
1.89
1.97
2.05
2.15
2.24
2.36
2.49
2.63
2.8
2.99
3.18
3.42
3.64
4.6
4.6
4.84
7.13
7.11
7.09
7.07
7.07
7.07
9.41
9.43
9.46
9.25
9.27
9.55
9.56
9.57
9.59
11.88
11.9
11.93
11.96
12.0
12.04
12.09
11.5
10.73
2.7
2.36
2.06
1.78
1.64
1.51
1.4
1.3
1.23
1.17
1.11
1.05
1.01
0.95
0.91
0.87
0.84
0.82
0.78
0.75
0.74
0.72
0.7
0.68
0.66
0.65
0.64
0.63
0.61
0.59
0.58
0.58
0.57
0.55
0.55
0.54
0.54
0.53
0.52
0.51
0.5
0.49
0.49
0.48
0.48
0.47
0.47
0.46
0.45
0.45
0.45
0.45
0.44
0.44
0.43
0.43
0.43
0.42
0.43
0.42
0.42
0.42
0.42
0.41
0.41
0.4
0.4
0.4
0.4
0.41
0.4
0.4
0.39
0.39
