1.63
1.63
1.64
1.65
1.65
1.65
1.66
1.67
1.69
1.69
1.69
1.7
1.71
1.72
1.74
1.75
1.77
1.78
1.8
1.81
1.82
1.85
1.87
1.9
1.92
1.94
1.96
1.99
2.02
2.05
2.1
3.77
3.7
3.63
3.56
3.51
3.45
3.39
3.34
3.29
3.24
3.19
3.15
3.12
3.08
3.04
3.0
2.96
2.94
2.91
2.88
2.86
2.83
2.81
2.78
2.75
2.73
2.72
2.71
2.68
2.65
2.63
2.83
2.92
3.85
3.82
3.83
3.83
4.2
4.57
5.02
5.6
6.28
7.16
8.44
9.59
12.01
12.0
14.35
14.37
14.17
14.23
14.51
3.89
2.82
2.5
2.26
2.06
1.92
1.79
1.7
1.62
1.54
1.48
1.4
1.35
1.29
1.24
1.2
1.15
1.12
1.09
1.05
1.01
0.99
0.96
0.94
0.92
0.9
0.88
0.86
0.85
0.84
0.82
0.79
0.78
0.77
0.76
0.75
0.74
0.73
0.71
0.71
0.7
0.69
0.68
0.68
0.66
0.65
0.65
0.65
0.65
0.64
0.64
0.63
0.63
0.62
0.62
0.61
0.6
0.6
0.6
0.6
0.59
0.59
0.59
0.59
0.58
0.58
0.58
0.58
0.57
0.57
0.56
0.57
0.57
0.57
0.58
0.58
0.58
0.57
0.57
0.56
0.57
0.58
0.57
0.57
0.57
0.58
0.58
0.58
0.59
0.59
0.59
0.6
0.6
0.6
0.61
0.61
0.62
