1.25
1.26
1.27
1.27
1.27
1.28
1.28
1.29
1.29
1.31
1.3
1.24
1.19
1.14
1.1
1.06
1.01
1.02
1.4
1.41
1.43
1.44
1.46
1.47
1.5
1.52
1.54
1.55
1.57
1.6
1.62
1.65
1.67
1.44
1.74
1.76
1.8
1.82
1.86
1.89
1.94
1.99
2.02
2.08
2.12
2.17
2.23
2.29
2.36
2.42
2.5
2.58
2.66
2.76
2.85
2.59
3.08
3.2
3.35
3.5
3.66
3.86
4.07
3.63
4.62
4.94
5.3
4.78
5.61
5.6
5.76
6.45
7.3
8.42
12.02
12.01
13.26
13.22
13.24
15.64
81.83
6.87
4.63
3.49
2.74
2.74
2.0
1.74
1.55
1.55
1.56
1.56
1.57
1.57
1.58
1.58
1.59
1.6
1.61
1.62
1.64
1.65
1.66
1.68
1.68
1.69
1.71
1.74
1.75
1.77
1.78
1.8
1.82
1.84
1.86
1.89
1.92
1.94
1.96
1.99
2.02
2.05
2.09
2.12
2.16
2.2
2.24
2.28
2.33
2.37
2.41
2.47
2.53
2.59
2.65
2.73
2.8
2.87
2.96
3.04
3.13
3.23
3.34
3.45
3.57
3.7
3.83
3.9
3.88
3.86
3.83
3.8
3.78
3.77
3.74
3.73
3.72
3.71
3.69
3.67
3.67
3.66
3.65
1.03
1.02
1.01
1.0
1.0
1.01
1.0
1.0
1.0
1.0
1.01
1.0
1.0
1.0
1.01
1.02
1.02
