1.1
1.1
1.1
1.1
1.09
1.09
1.09
1.09
1.09
1.08
1.08
1.08
1.08
1.09
1.08
1.09
1.08
1.08
1.08
1.09
1.09
1.09
1.1
1.1
1.11
1.1
1.11
1.11
1.12
1.13
1.14
1.14
1.15
1.16
1.16
1.17
1.2
1.2
1.2
1.22
1.23
1.23
1.26
1.27
1.27
1.29
1.3
1.31
1.34
1.36
1.37
1.39
1.42
1.43
1.46
1.49
1.51
1.55
1.57
1.61
1.65
1.67
1.72
1.75
1.79
1.85
1.9
1.95
2.01
2.09
2.12
2.2
2.27
2.34
2.43
2.51
2.61
2.72
2.83
2.97
3.11
3.27
3.43
3.62
3.82
4.06
4.33
5.51
5.48
5.48
5.47
5.45
5.43
5.42
5.41
5.4
5.39
5.4
7.64
11.7
14.87
17.24
17.1
17.1
17.43
17.46
7.16
5.8
5.38
5.01
4.69
4.42
4.2
4.0
3.84
3.71
3.57
3.47
3.36
3.27
3.18
3.09
3.01
2.93
2.87
2.81
2.75
2.69
2.63
2.59
2.54
2.36
2.04
2.42
2.37
2.33
2.3
2.27
2.24
2.21
2.18
2.16
1.66
1.67
2.09
2.07
2.05
2.02
2.02
2.0
1.99
1.96
1.16
1.15
1.13
1.11
1.11
1.1
1.09
1.09
1.09
1.09
1.09
1.08
1.07
1.07
1.07
1.07
1.07
1.07
1.07
1.07
1.08
1.08
1.08
1.08
1.08
1.08
1.08
1.08
