4.9
4.74
4.6
4.47
4.36
4.24
4.15
4.05
3.95
3.87
3.8
3.72
3.64
3.58
3.51
3.46
3.4
3.34
3.13
3.25
3.2
2.24
2.19
2.16
2.15
2.13
2.11
2.08
2.07
2.05
2.03
2.02
2.01
2.0
1.99
1.98
1.97
1.97
1.95
1.95
1.94
1.93
1.93
1.93
1.92
1.92
1.92
1.91
1.91
1.9
1.9
1.91
1.9
1.9
1.91
1.9
1.91
1.91
1.91
1.92
1.92
1.93
1.94
1.94
1.95
1.99
2.69
2.71
2.73
2.74
2.76
2.78
2.78
2.81
2.83
2.85
2.88
2.91
2.93
2.96
2.99
3.03
3.05
3.09
3.13
3.17
3.21
3.26
3.31
3.35
3.41
3.45
3.52
3.58
3.65
3.71
3.79
3.87
3.96
4.01
7.15
7.17
7.4
7.57
6.17
5.98
5.81
5.65
5.52
5.4
5.26
5.15
5.04
4.93
4.84
4.75
4.66
4.57
4.49
4.41
4.34
4.31
4.21
4.14
4.09
4.02
3.96
3.91
3.86
3.81
3.76
3.73
3.68
3.65
3.61
3.57
3.56
3.52
3.48
3.45
3.42
3.4
3.38
3.35
3.32
3.31
3.28
3.26
3.25
3.25
3.24
3.22
3.21
3.21
3.21
3.66
3.9
4.33
4.32
6.8
6.8
6.82
6.69
6.69
6.34
6.87
7.7
7.7
7.59
7.0
7.0
7.0
6.95
6.93
3.13
2.84
2.62
2.45
2.3
2.16
