1.46
1.46
1.46
1.47
1.48
1.48
1.49
1.49
1.51
1.5
1.52
1.53
1.53
1.54
1.55
1.55
1.57
1.58
1.6
1.62
1.64
1.65
1.67
1.69
1.71
1.72
1.75
1.77
1.79
1.81
1.84
1.88
1.9
1.94
1.98
2.01
2.04
2.08
2.12
2.17
2.23
2.27
2.31
2.37
2.43
2.47
2.54
2.61
2.67
2.76
2.85
2.95
3.03
3.14
3.25
3.38
3.49
3.62
3.78
3.96
4.13
4.34
5.58
5.48
5.46
5.45
5.77
6.2
6.7
7.25
7.95
8.76
9.74
13.47
13.45
13.6
13.6
81.83
81.83
81.83
15.15
81.83
17.07
16.87
5.02
4.38
3.96
3.62
3.34
3.12
2.95
2.79
2.66
2.54
2.43
2.34
2.25
2.16
2.1
2.02
1.96
1.9
1.85
1.81
1.75
1.71
1.67
1.63
1.59
1.56
1.52
1.5
1.47
1.45
1.42
1.4
1.38
1.35
1.33
1.32
1.3
1.28
1.26
1.25
1.24
1.22
1.21
1.2
1.19
1.17
1.16
1.15
1.14
1.13
1.11
1.1
1.09
1.09
1.08
1.06
1.06
1.06
1.05
1.05
1.04
1.04
1.04
1.04
1.03
1.02
1.02
1.02
1.01
1.02
1.02
1.02
1.02
1.03
1.02
1.03
1.03
1.02
1.02
1.01
1.02
1.02
1.02
1.02
1.03
1.03
1.05
1.05
1.05
1.06
1.06
1.07
1.08
1.08
8.3
8.32
