2.35
2.36
2.36
2.36
2.37
2.38
2.39
2.39
2.41
2.41
2.42
2.44
2.45
2.46
2.48
2.5
2.51
2.53
2.55
2.56
2.59
2.59
2.61
2.64
2.67
2.69
2.71
2.73
2.77
2.8
2.83
2.87
2.9
2.95
2.99
3.04
3.07
3.12
3.16
3.22
3.27
3.34
3.33
1.41
1.38
1.36
1.33
1.32
1.33
1.37
1.41
1.43
1.47
1.52
1.57
1.62
1.65
1.71
1.76
1.82
1.89
1.97
2.05
2.14
2.23
2.35
2.45
2.57
2.7
2.87
5.19
5.18
5.15
5.13
5.11
5.09
5.09
8.88
8.86
9.5
9.48
9.58
9.57
9.56
8.49
8.62
9.56
8.84
5.04
5.03
5.04
5.04
5.05
5.07
5.08
5.09
5.12
5.14
5.16
2.98
81.83
81.83
81.83
81.83
81.83
2.13
81.83
81.83
81.83
81.83
81.83
81.83
81.83
81.83
1.46
81.83
1.38
81.83
81.83
1.26
1.57
2.92
2.96
2.99
2.5
1.3
2.45
1.91
2.42
2.4
2.38
2.37
2.36
2.34
2.33
2.32
2.4
2.55
1.54
2.89
3.11
3.1
3.09
3.09
3.08
3.06
3.06
3.04
3.05
2.44
2.72
3.04
3.03
3.02
3.02
3.01
3.03
3.04
2.6
2.37
2.36
2.36
2.37
2.37
2.38
2.41
2.35
2.36
2.37
2.35
2.41
3.14
3.15
3.18
3.19
3.21
3.23
2.86
3.26
2.59
