1.39
1.39
1.39
1.39
1.38
1.38
1.38
1.38
1.39
1.38
1.39
1.39
1.4
1.4
1.4
1.4
1.41
1.42
1.43
1.43
1.44
1.44
1.46
1.46
1.48
1.49
1.49
1.51
1.52
1.53
1.53
1.56
1.57
1.59
1.61
1.63
1.64
1.67
1.69
1.72
1.73
1.76
1.79
1.8
1.84
1.87
1.9
1.93
1.98
2.0
2.04
2.09
2.13
2.19
2.25
2.29
2.34
2.41
2.46
2.52
2.59
2.67
2.74
2.84
2.92
3.03
3.15
3.27
3.37
3.53
3.67
3.84
4.02
4.22
6.13
6.11
6.04
6.01
5.96
6.12
6.58
7.18
7.86
11.7
11.67
11.67
12.51
11.11
11.08
7.95
7.94
7.93
7.93
7.94
5.26
5.16
5.17
5.2
5.24
5.26
5.3
5.28
4.89
4.9
4.5
4.18
3.84
3.6
2.99
2.83
2.68
2.55
2.42
2.31
2.21
2.13
2.05
1.97
1.9
1.84
1.78
1.72
1.67
1.61
1.58
1.53
1.49
1.45
1.41
1.39
1.37
1.33
1.3
1.28
1.26
1.23
1.21
1.19
1.17
1.15
1.14
1.13
1.1
1.09
1.07
1.05
1.04
1.03
1.03
1.02
1.0
0.99
0.98
0.97
0.96
0.95
0.94
0.93
0.92
0.92
0.9
0.9
0.9
0.89
0.89
0.88
0.88
0.87
0.87
0.86
0.86
0.86
0.85
0.85
0.85
0.85
0.85
0.84
0.84
0.84
