1.3
1.33
1.33
1.34
1.37
1.39
1.41
1.44
1.46
1.48
1.5
1.52
1.55
1.59
1.61
1.65
1.69
1.72
1.77
1.81
1.86
1.92
1.97
2.03
2.08
2.16
2.23
2.3
2.39
2.48
2.59
2.7
2.84
2.99
3.18
3.39
3.66
4.0
4.39
4.9
9.52
9.46
9.41
9.36
9.31
9.27
9.24
6.57
6.54
6.51
6.48
6.47
6.45
6.44
6.42
6.42
6.4
6.4
6.4
6.4
6.39
6.39
6.4
6.4
6.41
6.42
6.44
5.32
4.69
4.22
3.82
3.51
3.26
3.04
2.82
2.64
2.49
2.36
2.22
2.11
2.02
1.93
1.87
1.77
1.7
1.63
1.58
1.53
1.47
1.42
1.39
1.35
1.3
1.27
1.23
1.21
1.16
1.14
1.11
1.09
1.06
1.04
1.03
1.01
0.99
0.98
0.96
0.95
0.92
0.91
0.9
0.91
0.88
0.87
0.86
0.86
0.9
0.93
0.97
1.0
1.03
1.06
1.1
5.7
5.66
5.61
5.57
4.34
4.35
5.44
5.42
5.39
5.35
5.32
5.29
5.27
5.25
5.23
5.22
4.42
4.4
4.38
4.36
4.33
4.36
5.24
5.24
5.23
5.22
4.19
4.04
5.22
5.24
5.24
5.24
5.13
5.12
5.13
4.46
4.47
4.48
4.51
4.53
4.55
5.25
5.28
5.32
5.34
5.37
5.32
5.43
5.49
5.54
1.59
1.54
1.48
1.42
1.37
1.12
1.08
