1.18
1.18
1.17
1.18
1.18
1.18
1.18
1.18
1.18
1.18
1.18
1.19
1.19
1.19
1.2
1.19
1.2
1.2
1.21
1.22
1.22
1.23
1.24
1.24
1.26
1.27
1.27
1.28
1.29
1.3
1.31
1.33
1.34
1.35
1.37
1.39
1.4
1.42
1.42
1.43
1.46
1.48
1.49
1.52
1.54
1.56
1.59
1.61
1.64
1.66
1.7
1.72
1.76
1.79
1.83
1.87
1.92
1.96
2.0
2.05
2.1
2.17
2.22
2.29
2.35
2.43
2.5
2.6
2.7
2.79
2.9
3.02
3.15
3.29
3.44
3.62
3.83
4.05
4.32
4.61
4.95
5.33
5.76
6.31
6.94
11.57
11.53
11.44
81.83
12.33
81.83
81.83
81.83
9.9
10.01
81.83
81.83
81.83
81.83
81.83
81.83
81.83
81.83
81.83
8.27
4.72
4.35
4.04
3.78
3.56
3.34
3.17
2.99
2.85
2.72
2.62
2.52
2.4
2.31
2.22
2.15
2.07
2.0
1.93
1.87
1.82
1.76
1.72
1.68
1.62
1.59
1.55
1.52
1.48
1.46
1.42
1.43
1.37
1.34
1.32
1.3
1.28
1.26
1.24
1.22
1.2
1.18
1.17
1.17
1.14
1.12
1.11
1.1
1.09
1.09
1.08
1.07
1.06
1.05
1.04
1.04
1.03
1.01
1.02
1.01
1.01
0.99
0.99
0.99
0.99
0.98
0.98
0.97
0.97
0.98
0.97
0.97
0.96
0.97
0.97
