0.55
0.56
0.56
0.56
0.57
0.56
0.57
0.57
0.57
0.58
0.58
0.58
0.59
0.59
0.6
0.61
0.61
0.61
0.62
0.62
0.63
0.63
0.63
0.64
0.65
0.65
0.66
0.67
0.68
0.69
0.7
0.71
0.72
0.73
0.75
0.75
0.77
0.78
0.8
0.82
0.83
0.84
0.86
0.89
0.92
0.93
0.96
0.99
1.04
5.97
5.91
5.86
5.8
5.74
5.68
5.84
7.02
6.94
6.8
6.8
7.08
7.42
7.79
8.18
8.64
9.15
5.19
5.16
5.13
5.13
6.06
6.04
6.98
7.78
7.77
7.76
7.74
7.74
7.73
7.74
7.84
7.84
7.84
7.84
7.84
7.85
5.61
4.73
4.07
3.82
3.82
3.8
3.78
3.77
3.76
3.76
3.74
3.75
3.75
3.76
3.74
3.74
3.75
3.76
3.76
3.77
3.79
3.8
3.82
3.82
3.83
3.86
3.88
3.89
3.92
1.86
1.76
1.72
1.67
1.64
1.6
1.57
1.53
1.51
1.48
1.45
1.43
1.41
1.38
1.36
1.35
1.32
1.3
1.28
1.26
1.25
1.23
1.21
1.2
1.19
1.17
1.16
1.15
1.13
1.12
1.11
1.1
1.09
1.09
1.08
1.07
1.06
1.06
1.05
1.05
1.04
1.03
1.02
1.02
1.01
1.01
1.01
1.0
1.0
1.0
1.0
0.99
0.99
0.99
0.99
1.0
1.0
1.0
1.0
1.0
0.99
0.99
0.99
0.99
1.0
