4.26
4.23
4.21
4.18
3.92
3.9
3.89
3.87
3.84
3.82
3.81
4.01
4.0
3.98
3.97
3.96
3.96
3.95
3.94
3.94
3.94
3.94
3.93
3.93
3.94
3.94
3.94
3.94
3.95
3.95
3.96
3.97
3.98
3.99
2.45
2.45
2.47
2.47
2.49
2.5
2.52
2.54
2.55
2.56
2.57
2.58
2.61
2.63
2.65
2.67
2.69
1.01
1.0
0.88
1.03
0.92
1.05
1.08
1.1
1.11
1.13
1.15
1.16
1.19
1.19
1.22
1.24
1.25
1.27
1.04
0.53
0.51
81.83
1.41
1.42
1.17
81.83
1.54
1.59
1.62
1.65
1.7
1.76
81.83
1.86
81.83
81.83
81.83
81.83
81.83
81.83
1.79
1.78
1.39
0.88
1.76
1.75
1.75
1.75
1.73
1.72
1.72
1.71
1.7
1.7
1.68
1.68
1.66
1.93
2.3
2.3
2.3
1.39
1.32
1.27
1.21
1.17
1.13
1.1
1.06
1.04
1.01
0.98
0.95
0.96
0.97
0.98
0.99
1.01
1.03
1.05
1.06
1.08
1.1
1.12
1.14
1.16
1.17
1.2
1.22
1.25
1.28
1.36
1.39
1.51
1.38
1.38
1.41
1.61
1.6
1.58
1.57
1.55
1.54
1.52
1.51
1.5
1.49
1.45
1.46
1.43
0.78
0.8
1.42
1.41
1.42
1.41
1.1
1.05
1.39
1.39
1.39
1.38
0.93
0.93
0.93
0.93
0.92
0.93
0.92
