0.95
0.93
0.92
0.91
0.9
0.9
0.88
0.87
0.87
0.86
0.85
0.84
0.83
0.83
0.83
0.82
0.82
0.81
0.81
0.8
0.79
0.78
0.78
0.78
0.77
0.77
0.76
0.76
0.76
0.75
0.75
0.75
0.75
0.75
0.75
0.75
0.75
0.75
0.75
0.75
0.75
0.75
0.75
0.75
0.75
0.76
0.76
0.76
0.76
0.77
0.77
0.77
0.77
0.78
0.79
0.8
0.8
0.81
0.81
0.82
0.83
0.83
0.83
0.84
0.85
0.86
0.87
0.87
0.89
0.9
0.91
0.92
0.92
0.94
0.96
0.98
0.99
1.0
1.01
1.03
1.05
1.07
1.08
1.1
1.13
1.15
1.18
1.2
1.22
1.24
1.28
1.32
1.34
1.34
1.24
1.2
1.19
1.18
1.17
1.17
1.15
1.14
1.13
1.12
1.12
1.12
1.1
1.1
1.09
1.09
1.08
1.07
1.06
1.06
1.06
1.06
1.05
1.05
1.04
1.05
1.04
1.05
1.05
1.05
1.05
1.05
1.05
1.05
1.05
1.05
1.05
1.05
1.05
1.05
1.05
1.06
1.07
1.06
1.07
1.07
1.08
1.07
1.08
1.09
1.09
1.1
1.11
1.04
0.99
0.95
0.92
0.88
0.84
0.82
0.8
0.77
0.75
0.72
0.71
0.69
0.67
0.65
0.63
0.62
0.61
0.6
0.58
0.58
0.56
0.55
0.54
0.54
0.55
0.56
0.58
0.56
0.56
0.56
0.57
0.58
