3.81
3.72
3.65
3.57
3.51
3.45
3.38
3.32
3.27
3.2
3.24
3.27
5.05
4.98
4.91
4.85
4.79
4.72
4.66
4.6
4.55
4.5
4.46
4.43
4.38
4.35
4.31
4.27
4.24
4.21
4.19
4.16
4.13
3.88
3.86
3.83
3.82
3.8
3.78
3.76
3.97
3.96
3.95
3.94
3.93
3.92
3.91
3.91
3.9
3.9
3.89
3.89
3.89
3.9
3.9
3.9
3.9
3.91
3.92
3.93
3.94
3.94
3.96
3.97
2.42
2.43
2.44
2.45
2.46
2.48
2.49
2.51
2.53
2.55
2.55
2.57
2.59
2.62
2.64
2.66
2.68
2.71
2.74
1.0
0.97
0.85
1.03
1.05
1.06
1.08
1.09
1.11
1.12
1.14
1.16
1.18
1.2
1.22
1.25
1.27
1.29
1.06
1.35
81.83
0.52
0.5
81.83
1.15
1.56
1.59
1.65
1.67
81.83
1.78
81.83
81.83
81.83
81.83
81.83
81.83
81.83
81.83
1.81
1.81
1.8
0.94
1.31
1.77
1.76
1.76
1.75
1.75
1.74
1.74
1.73
1.72
1.71
1.7
1.91
2.34
2.34
2.34
1.59
1.39
1.33
1.29
1.24
1.19
1.15
1.13
1.1
1.07
1.04
1.02
1.0
1.01
1.03
1.05
1.05
1.07
1.09
1.1
1.13
1.14
1.16
1.17
1.2
1.22
1.24
1.28
1.3
1.32
1.41
1.62
1.46
1.42
1.44
1.66
1.64
1.62
