1.02
1.02
1.04
1.05
1.06
1.08
1.09
1.11
1.08
1.06
1.04
1.01
0.99
0.97
0.95
0.94
0.92
0.9
0.88
0.87
0.87
0.85
0.84
0.83
0.81
0.8
0.8
0.79
0.78
0.76
0.76
0.75
0.74
0.73
0.73
0.72
0.71
0.7
0.7
0.69
0.69
0.69
0.68
0.68
0.67
0.68
0.67
0.66
0.66
0.66
0.66
0.65
0.66
0.66
0.66
0.66
0.66
0.66
0.66
0.66
0.65
0.65
0.65
0.65
0.65
0.65
0.65
0.65
0.65
0.66
0.66
0.66
0.66
0.67
0.67
0.67
0.67
0.67
0.68
0.68
0.68
0.69
0.69
0.7
0.7
0.7
0.7
0.71
0.71
0.71
0.72
0.73
0.74
0.74
0.75
0.76
0.77
0.78
0.79
0.8
0.8
0.82
0.83
0.85
0.86
0.88
0.89
0.9
0.92
0.93
0.95
0.97
0.98
0.99
1.03
1.03
1.06
1.09
1.12
1.15
1.18
1.22
1.25
1.29
1.33
1.39
1.44
1.48
1.53
1.59
1.65
1.71
1.81
1.82
1.94
1.93
1.92
1.92
1.91
1.9
1.89
1.88
1.87
1.87
1.86
1.86
1.85
1.85
1.85
1.84
1.84
1.84
1.84
1.84
1.84
1.85
1.85
1.85
1.85
1.86
1.86
1.87
1.88
1.88
1.89
1.9
1.91
1.91
1.92
1.93
1.94
1.95
1.96
1.98
1.99
1.91
1.84
1.76
1.71
1.65
