0.83
0.82
0.82
0.82
0.82
0.82
0.82
0.82
0.83
0.83
0.84
0.84
0.84
0.86
0.86
0.87
0.87
0.88
0.88
0.89
0.89
0.9
0.91
0.91
0.92
0.93
0.95
0.95
0.96
1.24
1.26
1.7
1.71
1.74
1.75
1.78
1.79
1.75
1.74
1.71
1.69
1.4
1.63
1.62
1.6
1.58
1.57
0.78
0.62
0.59
0.72
1.49
1.48
1.45
1.47
1.53
1.59
1.64
4.0
3.97
3.76
3.74
3.75
3.78
3.8
3.79
3.76
1.62
1.63
9.07
0.77
0.71
0.69
0.71
0.7
6.36
6.15
7.0
8.79
8.71
6.06
1.54
1.55
8.61
3.56
3.57
3.58
1.32
1.34
3.53
3.54
3.53
3.51
3.51
3.48
3.47
3.33
3.27
3.4
3.34
3.49
3.48
3.49
3.49
3.48
0.94
0.93
3.51
3.5
3.52
3.54
3.55
3.56
3.58
3.58
3.6
3.62
3.64
3.65
3.63
3.69
3.7
3.72
3.74
3.75
3.77
3.8
3.82
3.84
3.85
3.87
3.92
3.93
81.83
4.02
6.06
7.98
4.53
4.52
4.52
4.82
4.83
4.84
4.85
5.15
5.17
5.19
5.22
4.99
6.05
8.06
8.07
7.14
6.98
6.84
6.84
6.97
7.99
8.41
8.45
8.43
7.95
7.84
7.99
7.89
7.97
8.03
8.88
81.83
8.17
1.54
1.48
1.44
1.4
1.36
1.32
1.35
1.37
1.39
1.41
