3.97
3.97
3.98
3.99
4.0
4.02
4.03
4.04
4.06
4.08
4.09
4.12
3.34
4.14
4.2
4.22
1.8
1.66
1.6
1.53
1.47
1.48
1.49
1.5
1.52
1.52
1.54
1.56
1.59
1.6
1.62
1.64
1.67
1.69
1.71
1.74
1.77
1.79
1.83
1.87
1.89
1.93
1.98
2.01
2.06
2.11
2.15
2.21
2.25
2.31
2.37
2.44
2.51
2.57
2.65
2.74
2.83
2.93
3.04
3.16
3.28
3.41
3.57
3.73
3.91
4.09
4.33
4.55
4.82
5.16
7.05
6.99
6.95
7.01
7.69
8.53
12.66
12.65
13.42
13.49
12.07
8.95
8.95
8.94
8.93
8.93
6.25
6.14
6.18
6.22
6.25
6.29
6.0
5.9
5.58
5.13
4.11
3.84
3.58
3.34
3.14
2.96
2.82
2.67
2.55
2.44
2.33
2.25
2.16
2.08
2.02
1.94
1.87
1.81
1.76
1.71
1.66
1.61
1.58
1.55
1.5
1.47
1.43
1.41
1.39
1.36
1.32
1.29
1.28
1.26
1.24
1.21
1.2
1.17
1.17
1.16
1.14
1.12
1.1
1.09
1.08
1.07
1.05
1.04
1.04
1.03
1.01
0.68
0.65
0.67
0.68
0.71
0.75
0.78
0.81
0.85
0.91
0.92
0.93
0.92
0.91
0.91
0.9
0.9
0.9
0.89
0.89
0.89
0.89
0.89
0.89
0.89
0.89
0.89
0.89
0.89
0.89
0.89
0.89
0.89
