2.82
2.85
2.89
2.95
2.99
2.97
81.83
81.83
81.83
81.83
81.83
81.83
81.83
81.83
81.83
81.83
81.83
81.83
81.83
3.96
3.94
6.12
6.07
6.02
5.96
5.23
5.31
5.47
5.77
5.72
1.55
1.54
1.54
1.53
1.52
1.51
1.5
1.5
1.49
1.48
1.48
1.47
1.46
1.46
1.46
1.45
1.45
1.45
1.45
1.45
1.45
1.45
1.45
1.45
1.45
1.45
1.46
1.46
1.46
1.46
1.47
1.47
1.47
1.48
1.48
1.5
1.49
1.5
1.5
1.51
1.52
1.53
1.54
1.54
1.56
1.57
1.58
1.6
1.61
1.63
1.64
1.65
1.67
1.69
1.71
1.72
1.74
1.77
1.79
1.81
1.84
1.87
1.89
1.93
1.95
1.97
2.01
2.05
2.09
2.13
2.16
2.2
2.25
2.3
2.35
2.4
2.45
2.52
2.59
2.66
2.74
2.82
2.89
2.99
3.07
3.18
3.29
3.42
3.54
3.68
3.84
4.02
4.22
4.42
4.67
4.95
5.25
5.58
5.97
6.43
18.55
11.18
11.14
11.06
11.07
81.83
10.32
81.83
81.83
9.47
9.45
81.83
81.83
81.83
81.83
81.83
81.83
81.83
81.83
81.83
81.83
3.95
3.58
3.3
3.07
2.83
2.65
2.49
2.34
2.23
2.12
2.0
1.94
1.84
1.76
1.69
1.63
1.56
1.5
1.45
1.4
1.35
1.32
1.28
1.23
1.19
1.17
1.15
1.11
1.08
