1.46
1.47
1.48
1.49
1.49
1.51
1.51
1.52
1.54
1.55
1.56
1.58
1.59
1.6
1.62
1.64
1.65
1.66
1.69
1.71
1.73
1.76
1.79
1.81
1.84
1.88
1.9
1.95
1.55
1.85
2.06
2.09
2.14
2.19
2.24
2.3
2.35
2.42
2.5
2.56
2.39
1.99
2.35
2.33
2.32
2.3
2.28
2.27
2.26
2.25
2.24
2.23
2.22
2.21
2.2
2.21
2.26
2.46
2.78
3.26
7.62
7.57
7.5
7.46
7.4
7.37
7.3
7.25
7.22
7.16
7.12
7.1
7.06
7.04
7.01
6.99
6.96
6.94
6.93
6.91
6.89
6.88
6.87
6.87
7.17
8.01
10.52
10.37
10.16
11.41
11.42
10.69
10.65
6.69
5.85
5.17
4.66
4.5
4.54
4.55
4.68
3.3
3.08
2.89
2.75
2.61
2.49
2.37
2.27
2.17
2.07
1.99
1.92
1.84
1.79
1.73
1.67
1.63
1.58
1.53
1.5
1.45
1.42
1.38
1.35
1.32
1.29
1.25
1.23
1.22
1.2
1.19
1.17
1.19
1.12
1.1
1.09
1.07
1.06
1.03
1.04
1.01
1.0
0.98
0.99
0.98
0.97
0.96
0.95
0.93
0.93
0.91
0.91
0.91
0.9
0.9
0.89
0.89
0.88
0.87
0.87
0.87
0.87
0.86
0.86
0.86
0.85
0.85
0.85
0.85
0.84
0.84
0.84
0.85
0.84
0.84
0.84
0.85
0.84
0.84
