3.79
3.81
3.82
3.83
3.85
3.87
3.88
3.91
3.93
3.95
3.97
4.01
4.02
4.06
4.08
81.83
4.29
6.12
4.6
4.61
4.62
4.61
4.99
4.97
4.96
4.91
5.23
5.24
5.26
5.24
5.04
8.09
8.1
8.14
7.22
7.02
6.88
6.89
6.98
7.06
8.43
8.47
8.49
8.04
7.84
8.11
7.87
1.5
1.44
1.4
1.34
1.32
1.33
1.34
1.36
1.38
1.39
1.42
1.43
1.45
1.47
1.49
1.51
1.54
1.55
1.59
1.6
1.63
1.67
1.71
1.74
1.77
1.81
1.82
1.81
1.78
1.75
1.74
1.71
1.69
1.68
1.67
1.65
1.63
1.61
1.6
1.58
1.57
1.56
1.55
1.53
1.52
1.51
1.5
1.49
1.48
1.47
1.46
1.45
1.45
1.44
1.44
1.44
1.43
1.42
1.42
1.41
1.42
1.41
1.41
1.4
1.41
1.41
1.41
1.42
1.41
1.41
1.4
1.41
1.41
1.42
1.42
1.43
1.44
1.44
1.44
1.45
1.46
1.47
1.47
1.49
1.5
1.51
1.52
1.53
1.54
1.55
1.57
1.58
1.59
1.6
1.61
1.66
1.67
1.69
1.7
1.72
1.74
1.76
1.78
1.77
1.55
1.51
1.48
1.45
1.43
1.4
1.38
1.36
1.33
1.31
1.28
1.26
1.24
1.22
1.22
1.2
1.18
1.17
1.16
1.14
1.12
1.12
1.11
1.1
1.1
1.08
1.07
1.06
1.05
