0.83
0.83
0.83
0.83
0.84
0.84
0.84
0.85
0.85
0.86
0.86
0.86
0.88
0.88
0.89
0.9
0.9
0.9
0.91
0.92
0.92
0.93
0.93
0.75
0.75
0.96
0.97
0.99
1.0
1.0
1.02
1.04
1.05
1.07
1.08
1.1
1.12
1.12
1.14
1.16
1.19
1.22
1.23
1.25
1.28
1.31
1.34
1.36
1.39
1.43
1.47
1.51
1.56
1.6
1.64
1.71
1.76
1.81
1.87
1.94
2.01
2.1
2.18
1.74
2.38
2.5
2.62
2.77
2.93
3.1
3.31
3.58
2.93
4.21
4.63
4.06
4.95
4.95
4.95
5.86
12.4
11.36
11.42
12.6
12.63
12.68
13.83
15.09
15.07
6.98
5.98
5.13
4.56
4.06
3.67
3.35
3.07
2.83
2.65
2.47
2.23
2.23
2.23
2.23
2.26
2.33
5.31
6.25
4.71
6.36
8.75
1.37
1.32
1.28
1.25
1.21
1.18
1.14
1.12
1.12
1.13
1.14
1.17
1.18
1.2
1.23
1.24
1.27
1.29
1.32
1.34
1.36
1.38
1.41
1.44
1.47
1.5
1.53
1.57
1.61
1.66
1.69
1.73
1.79
1.85
1.89
1.96
2.02
2.1
2.18
2.26
2.35
2.45
2.57
2.69
2.84
2.98
3.14
3.32
3.53
3.75
4.01
4.1
4.08
4.07
4.06
4.04
4.04
4.03
4.03
4.02
4.02
4.02
4.02
4.02
4.02
4.02
4.02
4.03
4.03
