2.23
2.21
2.19
2.19
1.99
2.04
2.14
4.49
10.62
81.83
11.86
7.95
8.24
8.23
9.44
9.51
81.83
17.56
21.43
11.68
10.38
10.4
10.41
8.87
8.99
5.68
4.86
4.32
4.36
4.36
4.38
4.39
4.41
2.16
2.08
2.0
2.19
2.21
2.22
2.23
2.24
2.03
1.94
1.86
1.77
1.71
1.64
1.59
1.54
1.47
1.5
1.52
1.54
1.55
1.58
1.6
1.61
1.64
1.65
1.67
1.69
2.8
2.84
2.9
2.94
3.0
3.05
3.11
3.17
3.23
3.31
3.37
3.47
3.54
3.64
3.57
3.53
3.48
3.44
3.4
3.37
3.34
3.31
3.28
2.1
1.99
2.01
1.96
1.98
1.95
1.91
1.99
2.03
3.06
2.18
1.96
1.93
1.99
1.99
1.86
1.83
1.95
1.97
2.11
2.12
2.2
2.21
2.19
2.18
2.19
2.19
2.18
2.17
2.16
2.18
2.17
2.15
2.16
2.18
2.2
2.21
2.23
2.23
2.24
2.02
1.98
2.3
2.37
3.08
3.1
3.12
3.14
3.17
3.19
3.2
1.88
1.86
3.3
3.32
3.36
3.39
3.42
3.47
3.5
3.55
3.6
3.65
3.65
3.57
3.49
3.42
3.36
3.27
3.15
3.17
3.1
3.05
3.0
2.95
2.91
2.86
2.82
2.79
2.17
1.95
1.93
1.9
1.87
1.86
1.85
1.83
1.81
1.79
1.74
1.81
1.9
1.98
2.06
2.16
2.25
