1.45
1.48
1.52
1.56
1.6
1.65
1.69
1.74
1.79
1.84
1.89
1.96
2.03
2.09
2.17
3.65
3.63
3.62
3.38
3.37
3.34
3.32
3.2
3.18
3.16
3.15
3.13
3.12
3.11
3.1
3.09
3.08
3.07
3.06
3.06
3.06
3.05
3.05
3.05
3.05
3.05
3.05
3.05
3.05
3.05
3.07
3.07
3.08
3.08
3.09
3.1
3.11
3.11
3.12
3.13
3.15
3.17
3.19
3.21
3.22
3.24
3.26
3.27
3.3
3.32
3.36
6.02
6.01
6.49
6.49
6.56
6.63
6.7
6.78
6.85
6.93
4.68
4.3
4.17
4.07
4.07
4.11
4.17
4.24
4.31
4.38
4.46
4.54
4.63
4.73
4.84
4.95
5.04
5.15
5.27
5.4
5.53
5.7
5.84
6.01
6.2
6.38
6.58
6.82
7.06
7.31
7.59
7.88
9.28
9.22
9.15
9.11
9.06
9.01
3.62
3.16
2.77
2.6
2.55
2.55
2.56
2.56
2.58
2.59
2.61
2.62
2.63
2.64
2.66
2.68
2.7
2.72
2.73
2.62
2.54
2.45
2.39
2.31
2.24
2.18
2.13
2.07
2.02
1.98
1.94
1.9
1.86
1.83
1.78
1.75
1.73
1.7
1.67
1.65
1.63
1.6
1.58
1.56
1.53
1.52
1.51
1.49
1.48
1.45
1.44
1.42
1.41
1.39
1.39
1.38
1.37
1.36
1.35
1.35
1.34
1.33
1.32
1.31
1.3
1.3
