0.43
0.44
0.44
0.44
0.44
0.44
0.43
0.67
1.17
1.17
1.18
1.18
1.19
1.19
1.2
1.2
1.21
1.2
1.21
1.21
1.22
1.23
1.23
1.24
1.17
1.1
1.05
1.01
0.97
0.96
1.29
1.31
1.33
1.34
1.35
1.37
1.38
1.38
1.4
1.42
1.44
1.46
1.48
1.5
1.52
1.5
1.46
1.43
1.41
1.39
1.36
1.34
1.32
1.33
3.17
3.11
3.1
3.13
3.12
3.07
3.04
3.0
2.97
2.93
2.9
2.86
2.84
2.81
2.78
2.76
2.74
2.71
2.57
2.58
2.56
2.54
2.52
2.51
2.5
2.5
2.47
2.46
2.5
2.61
2.68
2.9
3.15
3.62
4.98
4.47
4.47
4.46
4.45
4.45
4.44
4.95
4.95
4.3
4.38
4.39
4.4
4.42
2.47
2.41
2.42
2.44
2.45
2.45
2.45
2.46
2.47
2.48
2.41
2.27
2.15
2.06
2.06
2.08
2.1
2.13
2.4
2.32
2.24
2.16
2.1
2.03
1.41
1.07
0.89
0.76
0.64
0.56
0.5
0.47
0.43
0.4
0.38
0.35
0.32
0.33
0.33
0.33
0.34
0.34
0.34
0.34
0.35
0.83
0.88
0.87
0.87
0.86
0.85
0.84
0.83
0.82
0.8
0.8
0.79
0.78
0.77
0.77
0.77
0.76
0.76
0.75
0.75
0.74
0.74
0.73
0.73
0.72
0.72
0.72
0.71
0.71
0.71
0.71
0.71
0.71
