1.29
1.29
1.29
1.28
1.27
1.27
1.27
1.27
1.27
1.26
1.26
1.26
1.27
1.26
1.27
1.26
1.26
1.26
1.26
1.26
1.27
1.27
1.28
1.28
1.29
1.29
1.3
1.3
1.31
1.32
1.32
1.33
1.35
1.35
1.37
1.38
1.39
1.4
1.42
1.43
1.44
1.46
1.47
1.48
1.5
1.52
1.54
1.56
1.57
1.59
1.62
1.64
1.67
1.7
1.72
1.75
1.78
1.81
1.86
1.9
1.94
1.98
2.02
2.07
2.12
2.18
2.23
2.31
2.38
2.45
2.53
2.63
2.72
2.82
2.93
3.06
3.2
3.38
3.59
3.84
4.14
4.53
4.96
5.75
10.86
11.01
15.91
15.89
15.9
16.04
19.45
19.12
20.24
6.01
5.13
4.46
3.89
3.44
3.12
2.83
2.59
2.4
2.23
2.08
1.94
1.84
1.71
1.63
1.56
1.48
1.41
1.35
1.3
1.24
1.19
1.16
1.11
1.07
1.04
1.0
0.97
0.94
0.92
0.89
0.87
0.84
0.83
0.81
0.79
0.78
0.76
0.75
0.73
0.71
0.71
0.7
0.69
0.68
0.67
0.66
0.67
0.66
0.65
0.64
0.63
0.63
0.62
0.61
0.6
0.6
0.6
0.6
0.56
0.55
0.56
0.54
0.57
0.59
0.6
0.61
0.62
4.08
4.05
4.02
4.0
4.0
1.95
3.95
3.96
3.06
3.93
3.92
3.92
3.9
3.9
2.59
2.42
3.9
3.9
3.9
