1.43
3.7
3.68
3.67
3.65
3.64
3.64
3.63
3.64
3.61
3.55
3.44
3.54
3.59
3.6
1.06
1.07
3.6
3.58
3.59
3.61
3.6
3.61
3.63
3.63
3.65
3.68
3.68
3.7
3.71
3.72
3.74
3.76
3.77
3.79
3.79
3.81
3.84
3.85
3.87
3.88
3.91
3.94
3.97
3.99
4.02
81.83
4.09
6.21
81.83
4.58
4.57
4.57
4.87
4.87
4.88
4.89
5.18
4.8
4.86
4.96
4.94
6.11
8.06
8.08
7.24
7.05
6.89
6.82
6.91
7.0
8.37
8.42
8.47
8.13
7.82
7.85
7.86
7.89
7.96
1.45
1.4
1.35
1.3
1.28
1.29
1.31
1.32
1.33
1.36
1.38
1.4
1.42
1.44
1.46
1.48
1.51
1.54
1.56
1.6
1.63
1.66
1.69
1.73
1.76
1.79
1.82
1.8
1.77
1.75
1.73
1.71
1.69
1.67
1.66
1.64
1.62
1.61
1.6
1.59
1.58
1.57
1.56
1.55
1.54
1.53
1.52
1.51
1.5
1.49
1.48
1.48
1.47
1.46
1.46
1.46
1.45
1.45
1.45
1.45
1.44
1.45
1.45
1.45
1.45
1.45
1.44
1.44
1.45
1.45
1.45
1.45
1.45
1.47
1.46
1.47
1.48
1.49
1.5
1.51
1.51
1.52
1.53
1.54
1.55
1.56
1.57
1.57
1.58
1.6
1.61
1.63
1.65
1.67
1.71
1.72
1.75
1.75
1.78
1.81
