3.53
3.52
2.75
2.72
2.72
2.72
2.72
2.72
2.73
2.71
2.71
2.64
2.42
2.43
2.44
2.44
2.45
2.45
2.47
2.47
2.48
2.0
1.95
1.95
1.97
1.98
3.54
3.57
3.57
81.83
3.66
3.65
3.66
3.68
3.71
3.73
3.75
3.8
3.82
3.86
3.89
3.94
3.96
4.03
3.95
3.83
3.73
3.64
3.55
3.47
3.38
1.97
1.93
1.83
1.82
1.9
1.88
1.77
1.77
1.78
1.84
1.85
1.94
2.27
2.32
2.36
2.42
2.45
2.49
2.46
2.44
2.41
2.38
2.18
2.15
2.25
2.32
2.38
5.03
5.02
5.0
4.98
4.97
4.97
7.48
7.7
8.14
8.66
9.24
9.93
10.71
10.95
11.01
12.78
13.84
15.99
81.83
22.39
11.86
11.86
2.15
2.07
1.92
2.05
2.08
1.47
1.46
1.46
1.45
1.44
1.45
1.46
1.47
1.48
1.49
1.49
1.51
1.52
1.52
1.54
1.53
2.19
2.2
2.21
2.21
2.24
2.25
2.27
2.3
2.32
2.33
2.36
2.39
2.4
2.43
2.46
2.49
2.51
2.56
2.18
1.56
1.37
1.39
1.42
1.42
1.41
1.44
1.43
1.26
1.21
1.22
1.49
1.49
1.5
1.56
1.55
1.55
2.93
2.89
2.85
2.82
2.79
2.76
2.73
2.7
2.67
2.65
2.63
2.6
2.59
2.58
2.56
2.56
2.52
2.51
2.5
2.5
2.48
2.47
2.46
