2.29
2.25
2.21
2.17
2.14
2.09
2.06
2.03
2.01
1.98
1.96
1.93
1.91
1.88
1.87
1.84
1.81
1.8
1.78
1.76
1.76
1.74
1.73
1.72
1.71
1.76
1.88
1.95
6.34
6.31
6.26
6.22
6.2
5.5
5.49
5.47
5.45
5.46
6.04
6.04
6.01
6.01
6.14
6.14
6.13
6.13
4.94
5.2
6.13
6.13
5.78
5.41
5.38
5.39
5.41
5.43
6.07
1.9
1.71
1.63
1.63
1.65
1.65
1.67
1.67
1.68
1.69
1.69
1.71
1.71
1.72
1.74
1.75
1.76
1.77
1.79
1.81
1.83
1.84
1.86
1.88
1.91
1.92
1.94
1.97
2.0
2.03
2.06
2.09
2.12
2.16
2.2
2.24
2.27
2.31
2.35
2.41
2.46
2.51
2.57
2.63
2.69
2.75
2.83
2.91
2.99
3.08
3.19
3.27
3.39
3.51
3.62
3.75
3.89
4.06
4.22
4.42
4.63
4.84
5.1
5.38
6.58
6.49
6.46
6.43
6.39
6.38
6.36
6.33
6.31
6.3
6.3
2.02
1.93
1.86
1.81
1.81
1.83
1.85
1.86
1.87
1.89
1.91
1.94
1.96
1.99
2.0
2.02
2.05
2.08
2.11
2.12
2.12
2.16
2.14
2.11
2.06
2.04
1.94
1.9
1.87
1.87
1.78
1.72
1.64
1.59
1.54
1.5
1.48
1.17
1.15
1.14
0.97
0.99
1.02
1.15
1.16
1.19
1.2
1.23
