3.03
3.01
3.01
3.01
3.01
3.04
5.41
5.42
5.44
5.69
5.27
5.28
5.29
5.61
5.63
5.65
5.66
5.69
5.7
5.8
8.05
8.09
8.14
8.19
8.24
8.29
8.35
8.11
7.79
7.51
7.23
6.98
6.74
6.52
6.33
6.14
5.97
5.82
5.66
5.53
5.43
5.48
5.56
9.98
10.11
81.83
7.73
81.83
4.48
4.4
4.34
4.28
4.32
4.81
4.89
4.99
5.11
5.1
5.02
5.01
2.34
2.29
2.24
2.19
2.14
2.1
2.06
2.02
1.99
1.97
1.92
1.9
1.87
1.85
1.82
1.8
1.77
1.76
1.75
1.72
1.7
1.68
1.67
1.65
1.64
1.62
1.61
1.59
1.58
1.57
1.57
1.56
1.55
1.54
1.53
1.52
1.51
1.5
1.5
1.49
1.48
1.48
1.48
1.48
1.47
1.48
1.48
1.48
1.47
1.47
1.47
1.48
1.47
1.48
1.48
1.47
1.48
1.48
1.49
1.5
1.5
1.51
1.52
1.53
1.54
1.55
1.56
1.57
1.57
1.58
1.59
1.61
1.62
1.64
1.66
1.66
1.68
1.69
1.71
1.73
1.75
1.77
1.79
1.82
1.84
1.86
1.89
1.91
1.95
1.98
2.02
2.06
2.1
2.14
2.18
2.23
2.27
2.32
2.38
2.43
2.49
2.57
2.62
2.71
2.8
2.88
2.99
3.08
3.2
3.32
3.48
3.66
3.86
4.12
4.38
4.72
5.13
5.71
10.26
10.83
