1.03
1.03
1.03
1.02
1.02
1.02
1.01
1.01
1.01
1.01
1.01
1.01
1.01
1.01
1.01
1.01
1.02
1.01
1.01
1.02
1.02
1.03
1.03
1.03
1.03
1.04
1.04
1.04
1.05
1.05
1.05
1.06
1.07
1.07
1.08
1.09
1.1
1.11
1.12
1.13
1.14
1.15
1.16
1.18
1.19
1.2
1.22
1.24
1.25
1.27
1.29
1.3
1.32
1.34
1.36
1.39
1.41
1.43
1.46
1.48
1.49
1.55
1.58
1.61
1.65
1.69
1.73
1.76
1.81
1.86
1.92
1.97
2.02
2.09
2.16
2.24
2.32
2.4
2.47
2.58
2.69
2.8
2.94
3.1
3.25
3.44
3.64
3.89
4.18
4.32
4.31
4.29
4.29
4.67
5.26
6.01
6.98
10.71
10.69
11.93
11.92
11.97
14.36
14.36
14.37
7.23
5.55
4.59
3.93
3.44
3.06
2.75
2.49
2.3
2.12
1.97
1.84
1.72
1.55
1.53
1.53
1.54
1.53
1.54
1.57
1.56
5.57
4.01
4.05
7.92
5.93
3.58
7.51
7.29
5.51
6.94
2.95
4.94
4.95
3.24
3.21
0.72
0.68
0.66
0.66
0.67
0.64
0.63
0.62
0.62
0.6
0.59
0.59
0.58
0.57
0.57
0.56
0.55
0.55
0.54
0.54
0.53
0.53
0.52
0.53
0.54
0.57
0.59
0.62
0.64
0.66
0.69
0.73
0.77
0.8
0.85
0.89
0.95
1.01
1.09
