1.01
1.0
1.0
1.0
1.0
1.01
1.01
1.02
1.01
1.01
1.01
1.01
1.01
1.0
1.0
0.99
1.0
1.0
1.0
1.01
1.0
1.01
1.01
1.02
1.02
1.03
1.03
1.04
1.04
1.05
1.05
1.06
1.07
1.08
1.1
1.1
1.11
1.12
1.13
1.15
1.17
1.17
1.18
1.2
1.22
1.2
1.19
1.17
1.16
1.15
1.17
1.22
1.23
1.26
1.29
1.31
1.34
1.37
1.4
1.42
1.44
1.47
4.47
4.4
4.37
4.32
4.31
4.42
4.44
4.33
3.05
3.03
2.33
2.29
2.29
2.28
2.31
2.44
2.53
2.61
2.59
2.59
2.58
2.57
2.56
2.55
2.54
2.49
2.49
2.57
2.82
2.81
2.8
2.79
2.96
4.13
4.84
6.42
21.65
17.97
17.98
9.75
8.95
7.0
5.81
4.94
4.28
3.78
2.9
2.41
2.4
2.4
2.4
2.39
2.37
2.37
2.36
2.35
2.34
2.34
2.33
2.33
2.33
2.34
2.34
2.33
2.34
1.03
0.96
0.93
0.9
0.88
0.86
0.84
0.82
0.8
0.79
0.77
0.74
0.73
0.73
0.76
0.77
0.78
0.8
0.8
0.82
0.84
0.86
0.88
0.88
0.9
0.93
0.95
0.97
0.99
1.02
1.06
1.09
1.13
1.15
1.19
1.22
1.28
1.32
1.38
1.42
1.49
1.55
1.61
1.68
1.78
1.88
2.01
2.15
2.29
2.47
2.7
2.96
6.21
