1.44
1.44
6.33
6.38
6.43
3.48
3.27
3.2
6.67
4.1
6.34
6.17
6.03
3.21
3.2
81.83
81.83
4.91
3.33
3.34
3.35
3.37
3.37
3.39
3.41
3.44
3.46
3.48
3.51
3.54
3.56
3.59
3.63
3.65
3.69
3.73
3.77
3.8
3.85
3.89
3.94
4.01
4.46
6.28
1.43
1.38
1.34
1.3
1.29
1.29
1.3
1.32
1.33
1.35
1.35
1.34
1.34
1.34
1.34
1.34
1.34
1.34
1.33
1.33
1.33
1.17
1.72
1.72
9.66
20.35
1.64
20.42
20.42
20.47
81.83
81.83
81.83
81.83
81.83
2.77
2.75
81.83
81.83
81.83
81.83
1.1
1.07
81.83
81.83
81.83
5.62
5.71
5.75
5.77
5.83
5.87
5.88
6.02
4.22
6.15
6.2
6.32
81.83
81.83
4.84
4.09
4.11
5.3
6.43
6.51
6.59
3.82
3.86
7.01
4.25
4.25
7.19
3.64
4.38
8.12
8.21
8.21
8.22
7.87
3.31
3.3
7.78
7.45
7.67
3.55
3.67
3.51
7.39
7.3
4.04
7.19
7.15
7.1
2.91
3.08
81.83
3.96
5.32
5.32
5.37
4.3
3.11
3.59
5.93
3.69
2.84
5.57
5.44
5.35
5.24
3.73
3.72
4.98
4.88
1.03
4.73
4.67
4.61
2.26
4.47
4.42
4.38
4.32
1.59
1.33
1.36
4.13
4.1
2.14
4.04
4.06
4.15
4.14
2.19
2.2
