8.7
8.66
3.22
81.83
81.83
81.83
81.83
81.83
81.83
81.83
81.83
81.83
81.83
81.83
81.83
2.63
2.76
2.91
2.89
2.87
2.86
2.83
2.84
2.82
2.81
2.81
2.8
2.78
2.77
2.76
2.76
2.75
2.73
2.72
2.7
2.7
2.7
2.7
2.7
2.7
2.7
2.7
2.71
2.71
2.72
2.72
2.72
2.73
2.75
2.77
2.76
2.77
2.78
2.79
2.8
2.82
2.81
2.84
2.85
2.86
2.89
2.9
2.92
2.93
2.96
2.97
3.0
4.46
4.93
3.47
3.46
3.46
3.46
3.45
3.75
3.76
3.76
3.77
3.77
4.07
3.78
3.86
4.12
4.17
3.94
5.03
6.98
7.01
6.17
6.03
5.91
5.79
5.77
5.86
5.95
7.34
7.39
7.44
7.4
6.88
6.78
7.02
6.88
6.93
7.0
7.07
7.95
6.78
7.19
8.01
6.82
8.15
8.24
8.53
7.46
7.4
7.49
6.75
4.19
4.15
4.11
4.07
4.03
3.86
3.8
3.74
3.8
3.88
3.96
4.07
4.16
4.26
4.39
4.51
4.66
4.81
4.95
5.11
5.28
5.49
5.68
5.93
6.15
6.43
6.71
0.7
0.69
0.69
0.68
0.68
0.68
0.67
0.67
0.67
0.67
0.67
0.67
0.67
0.67
0.66
0.67
0.67
0.66
1.17
1.46
1.45
1.45
1.46
1.45
1.46
1.47
1.47
1.48
1.47
1.47
1.47
1.48
1.49
1.5
1.51
