7.03
6.19
5.67
5.25
4.91
4.62
4.38
4.17
4.0
3.82
3.67
3.54
3.43
3.32
3.22
3.13
3.04
2.97
2.9
2.82
2.75
2.68
2.63
2.58
2.52
2.48
2.44
2.39
2.36
2.31
2.29
2.25
2.21
2.19
2.16
2.11
2.09
2.07
2.05
2.02
2.0
1.97
1.96
1.95
1.93
1.91
1.89
1.88
1.86
1.85
1.84
1.82
1.81
1.81
1.8
1.88
2.0
3.67
3.81
3.94
4.1
4.29
4.3
4.29
4.55
4.79
5.06
5.35
5.67
6.07
6.49
7.0
7.58
7.81
7.8
9.46
9.48
10.64
12.77
19.24
19.25
20.48
20.48
8.73
8.75
8.73
8.73
8.75
8.76
6.56
5.58
4.9
4.33
3.9
3.53
3.24
3.07
3.09
3.1
3.12
3.14
3.17
3.21
3.23
3.24
3.27
3.29
3.31
3.33
3.36
5.17
5.76
5.8
1.37
1.32
1.27
1.22
1.2
1.15
1.12
1.1
1.06
1.04
1.01
0.99
0.97
0.95
0.95
0.93
0.9
0.89
0.88
0.86
0.84
0.84
0.83
0.82
0.81
0.8
0.79
0.79
0.78
0.77
0.77
0.77
0.76
0.76
0.75
0.74
0.74
0.74
0.72
0.73
0.71
0.7
0.72
0.71
0.7
0.69
0.69
0.69
0.7
0.69
0.7
0.69
0.68
0.68
0.68
0.68
0.68
0.67
0.67
0.67
0.67
0.67
0.66
0.67
0.67
0.67
0.67
