4.33
3.8
3.4
3.1
2.77
2.53
2.36
2.22
2.17
2.17
2.19
2.21
2.21
2.24
2.25
2.31
2.33
2.34
2.36
2.38
2.4
2.42
2.43
2.47
2.46
2.49
4.88
4.76
4.63
4.53
4.42
4.4
4.44
4.51
4.57
4.64
4.59
4.5
4.43
4.37
4.29
4.24
4.16
4.11
4.05
4.0
3.94
3.89
3.85
3.8
3.76
3.71
3.67
3.64
3.61
3.57
0.61
0.6
0.59
0.6
0.59
0.58
0.58
0.57
0.58
0.58
0.58
0.57
0.57
0.56
0.56
0.56
0.55
0.55
0.55
0.55
0.55
0.55
0.55
0.55
0.55
0.55
0.55
0.55
0.55
0.55
0.55
0.54
0.55
0.55
0.55
0.55
0.54
0.55
0.55
0.55
0.55
0.56
0.56
0.56
0.56
0.57
0.57
0.58
0.58
0.58
0.59
0.58
0.59
0.59
0.6
0.6
0.61
0.61
0.61
0.63
0.63
0.63
0.64
0.65
0.65
0.67
0.69
0.69
0.71
0.71
0.72
0.73
0.75
0.75
0.77
0.78
0.83
0.84
0.84
0.86
0.88
0.91
0.92
0.95
0.98
1.01
1.04
1.07
1.11
1.14
1.19
1.23
1.28
1.32
1.37
1.45
1.51
1.58
1.66
1.75
1.86
2.19
6.47
6.44
6.41
6.38
6.36
5.53
5.52
5.54
5.54
5.55
6.31
6.35
6.35
6.35
4.94
4.94
4.95
4.95
5.03
6.25
5.59
5.61
