2.29
2.32
2.36
2.42
4.79
5.11
5.04
5.01
5.03
8.01
5.01
3.41
3.32
3.25
3.19
3.16
3.18
3.3
3.41
3.51
3.62
3.74
3.88
4.01
4.16
4.34
1.47
1.47
1.47
1.46
1.45
1.44
1.43
1.42
1.41
1.41
1.4
1.39
1.38
1.38
2.33
2.32
2.31
2.32
3.26
4.03
4.13
4.13
4.13
4.13
4.13
4.13
4.14
4.14
4.15
4.16
4.13
4.23
4.28
4.29
4.3
4.31
4.33
4.35
4.37
4.4
4.42
4.45
4.44
4.4
4.43
4.46
4.5
4.53
4.55
2.95
2.86
2.77
2.69
2.61
2.54
2.47
2.4
2.33
2.29
2.23
2.19
2.13
2.09
2.05
2.01
1.96
1.94
1.89
1.88
1.84
1.81
1.79
1.76
1.73
1.71
1.69
1.66
1.64
1.62
1.61
1.59
1.57
1.56
1.53
1.52
1.51
1.5
1.49
1.47
1.47
1.46
1.45
1.44
1.43
1.42
1.41
1.4
1.39
1.38
1.38
1.37
1.36
1.36
1.36
1.35
1.37
1.38
1.43
1.49
1.55
1.61
1.68
1.78
1.87
1.97
2.11
2.25
2.46
2.7
3.0
3.37
4.12
81.83
81.83
14.36
13.21
9.06
9.05
7.92
7.45
7.05
6.67
6.34
6.05
5.79
5.55
5.31
5.13
4.94
4.77
4.61
4.46
4.32
4.2
4.08
3.97
3.87
3.73
3.77
3.82
6.78
6.87
6.96
6.35
