1.26
1.27
1.28
1.29
1.31
1.32
1.34
1.35
1.36
1.36
1.32
1.29
1.25
1.22
1.21
1.17
1.15
1.12
1.1
1.08
1.06
1.03
1.01
1.0
0.99
0.97
0.95
0.94
0.91
0.9
0.9
0.88
0.88
0.87
0.85
0.84
0.83
0.83
0.83
0.82
0.81
0.8
0.79
0.79
0.77
0.77
0.76
0.76
0.75
0.75
0.75
0.75
0.75
0.74
0.73
0.73
0.73
0.73
0.73
0.72
0.72
0.72
0.72
0.72
0.72
0.72
0.72
0.72
0.72
0.72
0.72
0.72
0.72
0.72
0.72
0.72
0.72
0.73
0.73
0.73
0.74
0.74
0.74
0.75
0.75
0.75
0.75
0.76
0.76
0.76
0.77
0.78
0.78
0.79
0.8
0.81
0.82
0.83
0.83
0.84
0.85
0.86
0.87
0.89
0.9
0.91
0.92
0.94
0.96
0.97
0.98
0.99
1.03
1.04
1.06
1.08
1.1
1.12
1.15
1.17
1.21
1.23
1.27
1.31
1.33
1.37
1.3
1.23
1.23
1.21
1.19
1.18
1.17
1.17
1.16
1.16
1.14
1.15
1.14
1.12
1.12
1.13
1.12
1.11
1.12
1.11
1.1
1.1
1.1
1.09
1.09
1.09
1.09
1.08
1.08
1.09
1.09
1.08
1.09
1.09
1.09
1.09
1.09
1.08
1.09
1.1
1.09
1.1
1.1
1.11
1.11
1.11
1.12
1.12
1.12
1.13
1.13
1.14
1.1
1.07
