4.09
5.73
5.14
5.44
5.04
5.43
3.91
7.72
4.38
8.5
1.02
0.99
4.88
4.25
8.09
4.82
7.91
7.89
4.07
7.75
3.56
5.96
4.48
3.84
6.3
3.75
4.26
4.37
5.96
7.39
3.38
81.83
5.77
3.26
3.48
81.83
81.83
6.43
4.11
3.61
3.34
4.18
5.91
5.81
3.33
5.63
5.55
3.72
5.4
5.33
5.27
5.21
5.15
2.41
5.05
4.99
2.87
4.89
4.85
4.81
4.78
1.66
4.71
2.23
81.83
2.01
81.83
81.83
2.89
81.83
2.96
81.83
81.83
4.6
4.59
4.58
4.61
4.61
1.57
2.87
4.56
4.56
2.07
1.98
3.0
4.49
2.48
2.58
4.32
4.33
4.34
3.23
4.35
4.35
4.36
1.94
4.39
4.4
4.41
4.44
4.46
4.47
4.49
4.52
4.54
4.57
4.6
4.62
4.65
4.69
4.73
4.78
2.77
2.94
3.55
2.3
4.99
5.05
5.09
2.89
5.21
2.93
5.35
3.26
2.45
2.49
3.63
3.63
3.97
4.15
1.86
2.2
6.0
6.0
2.21
4.1
6.02
6.03
6.03
6.05
4.21
6.09
4.96
6.13
6.15
1.71
6.2
2.09
6.26
6.29
2.04
6.37
4.84
6.46
3.99
4.0
6.61
2.0
2.28
2.26
6.19
6.05
3.39
5.6
2.72
3.89
5.32
3.18
1.82
5.43
5.31
81.83
81.83
2.28
3.09
81.83
4.68
4.61
4.57
4.49
