0.84
0.86
0.86
0.86
0.85
0.85
0.85
0.85
0.85
0.85
0.86
0.86
0.86
0.86
0.86
0.87
0.88
0.88
0.88
0.88
0.89
0.9
0.9
0.91
0.92
0.93
0.94
0.95
0.96
0.97
0.98
0.98
0.99
1.01
1.02
1.04
1.05
1.06
1.08
1.09
1.1
1.11
1.13
1.16
1.18
1.2
1.22
1.25
1.26
1.3
1.31
1.34
1.37
1.4
1.44
1.47
1.51
1.54
1.59
1.64
1.69
1.74
1.8
1.86
1.93
2.0
2.1
2.19
2.29
2.42
2.57
2.75
2.92
3.15
3.42
3.77
8.38
8.33
8.27
8.22
8.19
8.13
8.07
8.06
8.02
7.97
5.32
5.3
5.28
5.26
5.24
5.24
5.23
5.22
5.22
5.21
5.21
5.2
5.21
5.21
5.2
5.22
5.22
5.24
5.24
5.25
5.27
5.29
5.31
5.32
5.4
4.66
4.09
3.84
3.61
3.41
3.24
3.07
2.92
2.79
2.67
2.56
2.47
2.38
2.3
2.23
2.16
2.09
2.03
1.98
1.91
1.87
1.82
1.77
1.72
1.67
1.64
1.61
1.57
1.54
1.51
1.48
1.46
1.43
1.4
1.38
1.36
1.34
1.32
1.29
1.28
1.26
1.24
1.23
1.22
1.2
1.19
1.19
1.17
1.16
1.16
1.15
1.13
1.12
1.11
1.11
1.1
1.08
1.08
1.07
1.06
1.07
1.06
1.04
1.05
1.05
1.05
1.04
1.04
1.03
