1.13
1.12
1.11
1.11
1.1
1.1
1.1
1.09
1.08
1.08
1.08
1.08
1.08
1.08
1.07
1.07
1.07
1.07
1.07
1.07
1.07
1.07
1.07
1.07
1.07
1.08
1.08
1.08
1.08
1.09
1.09
1.09
1.1
1.11
1.11
1.11
1.1
1.08
1.07
1.06
1.05
1.05
1.04
1.03
1.02
1.02
1.01
1.0
0.99
0.98
0.97
0.97
0.96
0.96
0.95
0.95
0.95
0.95
0.95
0.95
0.94
0.94
0.93
0.93
0.93
0.93
0.93
0.93
0.92
0.93
0.93
0.93
0.92
0.93
0.93
0.93
0.93
0.94
0.94
0.94
0.95
0.95
0.95
0.95
0.96
0.96
0.97
0.97
0.98
0.99
0.99
1.0
1.02
1.02
1.04
0.92
0.94
1.06
1.07
1.08
1.09
1.1
1.12
1.13
1.15
1.16
1.17
1.19
1.2
1.22
1.24
1.27
1.28
0.59
0.59
0.59
1.29
1.41
1.43
1.47
1.5
1.54
1.57
1.61
1.65
1.48
1.46
1.44
1.43
1.42
1.41
1.39
1.39
1.37
1.35
1.34
1.33
1.31
1.31
1.31
1.4
1.47
1.58
1.68
1.78
1.87
1.86
1.86
1.86
1.85
1.84
1.84
1.85
1.84
1.83
1.83
1.83
1.78
0.97
0.96
1.05
1.05
1.12
1.06
1.05
0.94
0.87
0.86
0.89
0.98
0.92
0.93
0.96
0.98
1.06
1.12
1.27
1.1
1.21
1.93
