0.87
0.87
0.87
0.87
0.88
0.87
0.93
1.52
10.19
9.68
9.52
9.55
8.39
8.02
7.71
7.42
7.12
6.86
6.64
6.43
6.26
6.04
5.87
5.7
5.55
5.41
5.3
5.17
5.04
4.93
4.82
4.72
4.64
4.54
4.45
4.38
4.31
4.35
4.44
7.03
7.16
81.83
81.83
7.47
81.83
9.17
9.06
7.66
8.86
8.78
8.69
8.6
8.51
8.44
7.56
7.51
7.45
7.55
6.68
8.1
8.07
8.02
7.96
7.93
7.85
7.81
7.77
7.74
7.71
7.05
7.04
7.16
6.52
6.55
5.15
5.12
4.81
4.8
4.8
4.81
3.11
3.07
3.07
3.07
3.07
3.08
4.55
3.85
2.72
2.7
2.71
2.7
2.68
2.67
2.67
2.66
2.65
2.64
2.62
2.61
2.6
2.61
2.61
2.61
2.61
2.6
2.61
2.61
2.64
2.63
2.62
2.61
2.62
2.62
2.64
2.65
2.66
2.68
2.69
2.7
2.71
2.72
2.74
2.75
2.76
2.77
2.78
2.77
2.81
2.7
2.58
2.73
81.83
81.83
81.83
81.83
81.83
81.83
81.83
81.83
81.83
81.83
81.83
3.16
81.83
6.74
81.83
3.04
6.35
7.57
8.78
8.84
4.13
9.01
6.64
9.17
4.53
6.95
3.79
3.7
3.66
3.69
3.74
3.75
3.74
3.73
4.03
4.1
7.13
10.94
10.93
10.18
6.59
81.83
6.88
4.81
81.83
81.83
81.83
81.83
