1.6
6.06
6.06
3.68
3.68
3.69
3.69
3.7
3.7
3.69
3.7
3.69
3.71
3.58
3.53
3.53
3.52
3.52
3.86
3.9
3.9
3.91
3.92
3.93
3.94
3.96
3.98
4.07
6.31
6.36
6.4
6.43
6.48
6.51
6.57
6.62
6.54
6.3
6.1
5.91
5.72
5.55
5.4
5.26
5.14
5.0
4.9
4.79
4.66
4.56
4.47
4.38
4.3
4.23
4.14
4.07
4.0
3.95
3.93
4.03
4.1
6.73
9.89
6.72
5.15
5.06
4.92
4.92
4.95
5.12
5.27
5.42
3.18
3.15
3.13
3.11
3.09
3.06
3.06
3.93
4.01
3.97
3.95
3.94
4.9
4.87
4.87
5.65
5.67
5.66
5.65
5.63
5.61
5.6
5.59
5.59
5.57
5.56
5.66
5.67
5.66
5.66
5.66
5.66
5.66
5.67
3.71
3.2
2.83
2.53
2.28
2.08
1.92
1.77
1.67
1.65
1.65
1.66
1.66
1.66
1.66
1.65
1.65
1.65
1.66
1.66
1.67
1.67
1.68
1.68
1.69
1.7
1.71
1.72
1.73
1.74
1.75
1.75
1.76
1.78
1.79
1.8
1.81
1.83
1.84
1.86
1.87
1.9
1.91
1.94
1.96
1.98
2.0
2.03
2.05
2.09
2.1
2.14
2.17
2.21
2.25
2.28
2.34
2.36
2.42
2.48
2.52
2.56
2.63
2.69
2.76
2.85
2.91
3.0
3.09
3.18
3.28
3.41
3.54
3.68
