1.75
1.75
1.75
1.75
1.76
1.76
1.77
1.78
1.79
1.8
1.81
1.81
1.81
1.8
2.32
1.0
1.0
1.99
1.99
2.01
1.58
1.49
0.51
0.51
1.45
1.44
1.42
1.4
1.38
1.37
1.34
1.33
1.31
1.3
1.29
1.29
1.28
1.3
1.35
1.39
1.44
1.49
1.55
1.6
1.67
1.92
1.79
1.83
2.03
2.02
2.0
1.99
1.98
1.97
1.96
1.96
1.95
1.95
1.95
1.92
1.93
1.8
1.3
1.51
1.58
1.9
1.91
1.91
1.66
1.6
1.58
1.54
1.51
1.53
1.54
1.89
1.92
1.92
1.54
1.4
1.29
1.26
1.26
1.26
1.28
1.27
1.27
1.28
1.29
1.3
1.3
1.36
1.34
1.29
1.3
1.34
1.35
1.36
1.37
1.39
1.4
2.2
2.23
2.24
2.26
2.29
1.99
1.9
2.36
2.4
2.42
2.45
1.67
2.52
2.56
2.6
2.65
2.69
2.74
2.78
2.82
2.77
1.55
1.4
2.55
2.49
2.43
2.37
2.32
2.27
2.22
1.59
1.58
1.91
2.06
2.02
1.88
1.64
1.62
1.59
1.58
1.55
1.52
1.5
1.5
1.52
1.55
1.58
1.62
1.66
1.65
1.64
1.62
1.61
1.59
1.59
1.58
1.56
1.47
1.54
1.53
1.52
1.51
1.51
1.5
1.5
1.49
1.48
1.47
1.47
1.46
1.46
1.45
1.43
1.44
1.44
1.45
1.45
1.45
1.45
