0.97
0.98
0.98
0.99
0.99
0.78
1.0
1.01
1.01
1.01
1.02
1.03
1.04
1.04
1.05
1.06
1.07
1.07
1.09
1.1
1.11
1.12
1.13
1.14
1.15
1.16
1.17
1.19
1.22
1.23
1.25
1.26
1.29
1.31
1.33
1.35
1.38
1.41
1.44
1.46
1.49
1.52
1.55
1.59
1.63
1.67
1.7
1.75
1.81
1.86
1.92
1.57
1.95
2.12
2.18
2.26
2.36
2.45
2.54
2.53
2.51
2.49
2.48
2.47
2.46
2.59
2.79
3.01
3.28
3.6
3.95
4.39
4.93
5.63
8.93
8.84
8.96
10.08
10.08
10.1
12.51
11.27
11.3
11.31
12.54
5.41
4.44
3.9
3.45
3.1
2.8
2.58
2.38
2.21
2.07
1.94
1.82
1.72
1.64
1.56
1.48
1.41
1.35
1.29
1.25
1.2
1.15
1.11
1.06
1.03
0.99
0.96
0.94
0.9
0.88
0.85
0.83
0.82
0.8
0.78
0.76
0.74
0.73
0.72
0.72
0.7
0.68
0.68
0.67
0.66
0.65
0.64
0.63
0.63
0.62
0.61
0.61
0.61
0.6
0.6
0.59
0.59
0.58
0.58
0.58
0.57
0.57
0.56
0.56
0.55
0.55
0.54
0.54
0.55
0.55
0.54
0.55
0.54
0.54
0.53
0.53
0.53
0.54
0.54
0.54
0.53
0.53
0.53
0.53
0.53
0.53
0.54
0.54
0.54
0.54
0.54
0.54
0.54
0.54
0.54
