1.53
1.64
3.92
4.06
4.05
4.09
4.08
3.57
3.58
4.12
4.13
4.15
4.16
4.18
4.18
4.2
4.22
4.24
4.26
4.29
4.3
4.33
4.35
4.38
4.42
4.45
4.48
4.51
4.56
4.6
2.92
3.58
4.73
4.78
3.39
81.83
1.26
1.21
1.17
1.09
1.05
1.01
1.0
0.98
0.96
0.96
0.96
0.97
1.0
1.02
1.04
1.06
1.09
1.1
1.13
1.17
1.18
1.23
1.27
1.3
1.34
1.38
1.42
1.48
1.52
1.59
1.65
1.7
1.77
1.85
1.94
2.03
2.12
2.24
2.36
2.5
2.66
2.84
3.04
3.29
3.56
3.91
4.31
4.81
5.46
6.46
20.12
20.1
20.98
19.57
16.44
16.42
13.64
13.67
13.73
7.78
6.13
7.5
6.37
3.81
4.95
2.78
2.54
2.32
2.13
1.98
1.84
1.72
1.64
1.54
1.47
1.4
1.35
1.28
1.23
1.18
1.13
1.09
1.06
1.02
0.99
0.95
0.93
0.9
0.88
0.86
0.84
0.82
0.8
0.79
0.76
0.75
0.73
0.71
0.7
0.69
0.69
0.69
0.68
0.66
0.65
0.64
0.63
0.62
0.62
0.61
0.6
0.59
0.58
0.58
0.57
0.57
0.56
0.55
0.55
0.54
0.54
0.54
0.53
0.52
0.52
0.52
0.51
0.51
0.51
0.5
0.5
0.5
0.49
0.49
0.5
0.49
0.49
0.49
0.48
0.49
0.49
0.48
0.48
0.48
