1.47
1.48
1.49
1.5
1.49
1.5
1.5
1.52
1.52
1.53
1.54
1.55
1.57
1.58
1.58
1.59
1.6
1.61
1.62
1.64
1.24
1.39
1.68
4.31
4.19
4.09
4.0
3.89
0.99
1.0
3.66
3.59
3.52
3.45
3.4
3.34
3.28
3.23
3.17
3.19
3.23
5.01
4.93
4.87
4.8
4.74
4.69
4.63
4.57
4.53
4.48
4.43
4.4
4.37
4.33
4.29
4.26
4.22
4.2
4.17
4.13
4.11
3.88
3.87
3.83
3.81
3.79
3.78
3.76
3.92
3.94
3.94
3.93
3.92
3.92
3.91
3.9
3.9
3.9
3.89
3.9
3.9
3.89
3.9
3.9
3.91
3.92
3.92
3.93
3.95
3.94
3.95
3.96
2.78
2.43
2.44
2.45
2.46
2.47
2.49
2.51
2.53
2.55
2.55
2.57
2.6
2.62
2.64
2.66
2.68
2.71
2.74
2.76
2.8
1.01
1.05
0.89
1.04
1.08
0.89
1.11
1.12
1.15
1.16
1.17
1.21
1.23
1.26
1.27
1.29
81.83
1.27
1.39
1.4
1.45
81.83
0.57
0.56
81.83
81.83
1.72
1.79
81.83
81.83
81.83
81.83
81.83
81.83
81.83
81.83
81.83
1.84
1.85
1.84
1.81
0.99
1.81
1.81
1.8
1.81
1.8
1.79
1.78
1.77
1.76
1.76
1.75
2.12
2.39
2.4
2.4
1.54
1.43
1.35
1.31
1.27
1.25
1.21
1.18
1.14
