22.73
22.02
8.26
6.51
5.64
4.98
4.46
4.02
3.67
3.38
3.13
2.92
2.72
2.6
2.6
2.6
2.63
5.15
5.18
5.21
5.25
1.71
1.68
1.62
1.56
1.51
1.47
1.49
1.5
1.52
1.54
1.56
1.57
1.59
1.62
1.64
1.65
1.69
1.72
1.74
1.76
1.8
1.82
1.87
1.89
1.94
1.97
2.0
2.05
2.1
2.14
2.2
2.26
2.32
2.38
2.45
2.52
2.58
2.66
2.75
2.85
2.95
3.06
3.18
3.3
3.43
3.58
3.76
3.95
4.16
4.28
4.26
4.23
4.21
4.2
4.17
4.16
4.15
4.14
4.13
4.12
4.11
4.1
4.11
4.11
4.1
4.1
4.1
4.1
4.1
4.11
4.1
3.08
2.43
2.15
1.89
1.68
1.52
1.41
1.39
1.35
1.34
1.34
1.35
1.36
1.37
1.38
1.39
1.4
1.41
1.42
1.43
1.44
1.45
1.46
1.48
1.49
1.5
1.52
1.54
1.56
1.58
1.6
1.62
1.58
1.54
1.51
1.47
1.44
1.41
1.37
1.35
1.33
1.3
1.28
1.25
1.24
1.23
1.22
1.2
1.18
1.16
1.15
1.13
1.13
1.11
1.1
1.09
1.08
1.07
1.07
1.05
1.05
1.04
1.02
1.03
1.02
1.01
1.03
1.03
1.15
1.2
4.96
4.96
5.04
5.74
5.73
5.69
3.32
3.33
3.32
3.33
3.33
3.33
3.34
3.35
3.35
3.33
3.33
3.88
