3.5
3.52
3.53
3.55
3.57
3.57
3.44
3.26
3.08
2.95
2.81
2.7
2.68
2.71
2.73
2.75
2.78
6.24
6.3
6.36
6.69
6.52
6.59
6.64
7.47
7.61
7.7
7.81
7.91
8.03
8.15
8.27
6.39
8.12
7.95
7.84
7.71
6.85
6.49
6.38
6.3
4.27
4.22
4.17
4.13
4.1
4.06
3.94
3.76
3.72
3.69
3.72
3.83
3.97
3.9
3.88
3.84
3.81
3.79
3.76
3.73
3.72
3.71
3.79
4.02
4.32
4.65
5.06
5.85
5.84
5.82
5.8
5.79
5.78
5.78
5.78
5.77
5.77
5.77
5.76
5.77
5.77
5.78
5.78
5.78
5.79
5.62
4.98
4.47
3.97
3.61
3.31
3.07
2.86
2.68
2.52
2.49
2.51
2.52
2.54
2.56
2.55
6.26
6.31
6.36
6.4
6.46
1.36
1.32
1.28
1.24
1.2
1.17
1.14
1.12
1.07
1.08
1.41
1.5
1.53
1.56
1.58
1.6
1.62
1.65
1.68
1.72
1.75
1.78
1.82
1.86
1.9
1.95
1.96
1.94
1.91
1.89
1.87
1.84
1.82
1.82
2.49
2.57
2.67
2.78
2.76
2.74
2.73
2.7
2.69
2.77
3.52
3.5
3.48
3.47
3.5
3.48
3.47
3.46
3.45
3.44
3.43
3.43
3.42
3.41
3.41
3.41
3.37
3.43
3.48
3.49
3.48
3.49
3.48
3.49
3.5
3.5
3.52
3.53
3.54
