1.72
1.66
1.64
1.6
1.57
1.53
1.51
1.47
1.44
1.42
1.4
1.37
1.34
1.32
1.3
1.28
1.26
1.24
1.22
1.2
1.18
1.17
1.17
1.15
1.13
1.12
1.1
1.09
1.09
1.07
1.07
1.05
1.04
1.02
1.02
1.01
1.02
1.01
1.0
1.0
0.99
0.98
0.98
0.98
0.98
0.97
0.96
0.97
0.96
0.96
0.96
0.95
0.95
0.95
0.95
0.95
0.96
0.95
0.96
0.95
0.96
0.96
0.96
0.96
0.96
0.96
0.96
0.97
0.97
0.98
0.98
0.98
0.98
0.99
0.99
1.0
1.01
1.02
1.02
1.03
1.04
1.05
1.06
1.07
1.08
1.09
1.1
1.11
1.12
1.13
1.15
1.17
1.18
1.19
1.21
1.23
1.25
1.27
1.29
1.31
1.33
1.34
1.38
1.4
1.42
1.45
1.49
1.52
1.56
1.59
1.62
1.66
1.7
1.75
1.8
1.84
1.9
1.96
2.03
2.09
2.16
2.24
2.33
2.43
2.52
2.64
2.76
2.89
3.05
3.2
3.39
3.61
3.87
4.16
4.49
4.89
5.34
10.52
10.17
10.16
10.04
13.75
10.93
13.31
16.44
81.83
81.83
81.83
8.55
81.83
81.83
81.83
81.83
81.83
81.83
7.78
81.83
81.83
81.83
81.83
81.83
6.98
7.02
7.06
7.1
7.11
3.45
3.28
3.13
3.0
2.89
2.78
2.68
2.58
2.48
2.42
2.35
2.28
2.2
2.15
