4.21
4.18
4.18
4.18
4.18
4.19
4.19
4.2
4.2
4.21
4.23
9.3
9.25
9.24
9.2
9.19
9.16
9.15
9.14
9.12
9.11
9.1
9.1
12.74
12.68
12.71
13.65
13.21
12.93
8.75
7.61
6.78
6.78
6.8
5.22
4.82
4.5
4.16
3.9
3.69
3.5
3.31
3.17
3.01
2.87
2.75
2.64
2.54
2.45
2.37
2.3
2.22
2.15
2.09
2.03
1.96
1.91
1.86
1.81
1.77
1.72
1.69
1.65
1.61
1.58
1.54
1.5
1.48
1.46
1.43
1.4
1.38
1.37
1.35
1.34
1.32
1.3
1.28
1.27
1.25
1.24
1.23
1.22
1.23
1.22
1.25
1.3
1.36
1.42
1.66
1.71
1.78
1.85
1.93
3.61
3.58
3.56
3.55
3.54
3.55
3.51
3.51
3.5
3.48
3.47
3.51
3.71
3.7
3.7
3.7
3.69
3.69
3.68
3.68
3.68
3.68
3.5
2.76
2.8
3.68
3.72
3.47
3.17
2.89
2.66
2.42
2.21
2.05
1.92
1.81
1.73
1.65
1.57
1.49
1.43
1.38
1.33
1.29
1.23
1.19
1.15
1.11
1.07
1.05
1.02
1.0
0.96
0.94
0.93
0.9
0.89
0.87
0.84
0.83
0.81
0.8
0.79
0.77
0.75
0.74
0.72
0.72
0.71
0.7
0.68
0.67
0.66
0.65
0.65
0.65
0.64
0.63
0.6
0.61
0.64
0.67
0.69
0.73
0.75
0.78
