11.06
13.31
14.67
16.07
81.83
22.48
2.22
1.96
1.96
2.14
1.51
1.52
1.53
1.51
1.51
1.54
1.52
1.52
1.52
1.52
1.54
1.56
1.57
1.58
1.58
2.2
2.21
2.22
2.22
2.23
2.25
2.26
2.28
2.29
2.31
2.33
2.35
2.37
2.39
2.41
2.43
2.46
2.49
2.51
1.35
1.33
1.43
1.44
1.43
1.42
1.41
1.19
1.18
1.21
1.44
1.45
1.49
1.63
1.52
1.49
1.51
2.98
2.93
2.88
2.85
2.82
2.78
2.74
2.71
2.67
2.64
2.62
2.59
2.57
2.55
2.52
2.51
2.5
2.47
2.46
2.45
2.43
2.41
2.41
2.4
2.39
1.95
1.6
1.58
1.57
1.55
1.55
1.53
1.53
1.54
1.55
1.54
1.54
1.53
1.54
1.54
1.53
1.53
1.53
1.54
1.54
1.55
1.53
1.53
1.53
1.54
1.56
1.57
1.57
1.58
1.59
1.6
2.38
2.39
2.4
2.4
2.42
2.43
2.45
2.49
2.48
2.51
2.52
2.54
1.36
1.28
1.24
1.23
1.24
1.25
1.25
1.31
2.81
2.85
2.89
1.16
1.15
1.11
1.14
3.2
3.11
3.06
3.0
2.95
2.9
2.85
2.81
2.77
2.72
2.69
2.66
2.62
2.59
2.56
2.53
2.5
2.48
2.46
2.43
2.42
2.39
2.38
2.35
2.33
2.31
2.3
2.29
2.28
2.26
2.25
2.24
2.24
2.23
2.22
2.21
