2.95
1.32
1.29
1.26
1.21
1.19
1.15
1.13
1.1
1.07
1.05
1.04
0.99
0.99
1.04
1.05
1.07
1.09
1.11
1.13
1.15
1.18
1.19
1.23
1.25
1.29
1.32
1.35
1.38
1.43
1.47
1.49
1.47
1.45
1.24
1.24
1.27
1.31
1.35
1.38
1.43
3.8
3.79
3.79
3.79
3.79
3.8
3.81
3.81
3.81
3.81
3.83
3.84
3.85
3.85
3.87
3.88
3.9
3.97
4.69
4.71
4.74
4.76
4.79
4.83
4.86
4.89
4.94
4.99
5.03
5.07
5.12
5.19
5.24
5.29
5.38
5.45
5.52
5.59
5.68
5.76
10.32
9.78
9.24
8.83
8.82
1.44
1.4
1.35
1.3
1.25
1.24
1.24
1.45
1.47
1.48
1.48
1.43
1.39
1.35
1.32
1.28
1.24
1.21
1.18
1.15
1.13
1.1
1.09
1.06
1.03
1.01
1.0
1.0
1.03
1.05
1.06
1.09
1.12
1.14
1.16
1.2
1.21
1.25
1.29
1.32
1.32
1.31
1.31
1.32
1.32
1.35
1.38
1.4
1.96
2.03
2.09
2.16
2.25
3.05
3.05
3.04
3.01
3.01
3.0
2.99
2.98
2.98
2.97
2.97
2.97
1.82
1.81
1.81
2.96
2.96
2.95
2.96
2.96
2.96
2.97
2.97
2.97
2.98
2.97
2.98
2.99
3.0
3.01
3.03
2.94
2.78
2.63
2.47
2.34
2.35
2.37
2.38
2.41
2.43
