1.38
1.34
1.32
1.3
1.21
1.1
1.08
1.04
1.01
0.98
0.95
0.92
0.9
0.89
0.92
0.92
0.93
0.95
0.95
0.98
0.99
1.01
1.03
1.05
1.07
1.09
1.12
1.15
1.18
1.21
1.24
1.27
1.31
1.35
1.4
1.44
1.48
1.53
1.59
1.65
1.7
1.78
1.85
1.95
2.03
2.13
2.23
2.35
2.49
2.65
2.83
3.06
3.28
3.53
3.85
4.26
4.72
5.32
6.56
7.28
8.84
11.1
12.47
12.47
12.46
12.45
12.46
12.47
12.49
8.22
8.01
8.03
8.12
8.23
8.33
8.35
7.18
7.2
7.27
5.44
5.13
4.82
4.55
4.3
4.09
3.91
3.74
3.59
3.46
3.33
3.22
3.12
3.0
2.91
2.83
2.75
2.67
2.6
2.53
2.47
2.41
2.35
2.31
2.25
2.21
2.16
2.11
2.08
2.05
2.01
1.97
1.94
1.91
1.88
1.86
1.82
1.8
1.78
1.75
1.73
1.72
1.7
1.67
1.65
1.63
1.62
1.61
1.59
1.58
1.56
1.54
1.53
1.53
1.53
1.52
1.51
1.5
1.49
1.48
1.47
1.47
1.46
1.45
1.44
1.44
1.43
1.43
1.43
1.42
1.42
1.42
1.42
1.42
1.41
1.41
1.41
1.41
1.42
1.41
1.42
1.42
1.42
1.43
1.43
1.43
1.44
1.44
1.45
1.45
1.47
1.48
1.48
1.48
1.5
1.51
1.52
1.53
1.53
1.53
1.55
