1.96
2.02
2.06
4.22
4.22
4.75
5.56
7.29
7.3
7.29
7.28
7.29
7.29
2.18
2.18
7.3
7.31
7.33
4.86
4.86
4.85
4.84
5.48
81.83
15.76
14.64
13.71
81.83
12.22
11.53
10.97
10.45
10.01
9.56
9.19
8.82
8.5
8.19
7.92
7.88
7.89
10.78
81.83
10.2
10.23
10.35
10.47
10.63
10.62
10.73
12.01
12.18
12.15
12.14
81.83
81.83
81.83
81.83
81.83
81.83
3.01
3.03
3.02
3.03
81.83
81.83
81.83
81.83
81.83
81.83
81.83
2.36
2.36
6.94
5.4
5.42
7.46
8.0
4.33
5.35
5.36
5.62
5.3
5.3
4.77
4.72
1.3
1.26
1.23
0.97
0.95
0.95
0.95
0.94
0.95
0.95
0.94
0.94
0.94
0.94
0.94
0.94
0.94
0.94
0.94
0.94
0.91
0.91
0.9
0.9
0.87
0.87
0.85
0.85
0.9
0.92
0.96
0.99
1.04
4.83
6.26
6.21
6.17
6.12
6.08
6.03
3.64
5.97
5.93
5.96
6.07
6.05
6.01
3.42
3.33
3.3
4.28
5.92
5.92
5.89
5.88
5.88
5.86
5.86
5.85
3.46
3.46
5.72
5.67
5.66
4.73
4.69
5.68
3.37
5.69
5.72
5.74
5.76
5.77
5.79
5.81
5.84
5.87
5.89
4.05
3.56
3.55
4.69
4.83
6.14
6.18
6.22
3.7
3.7
4.43
3.32
6.56
6.56
6.66
1.18
