0.73
0.72
0.72
0.73
0.73
0.73
0.73
0.73
0.74
0.74
0.74
0.74
0.74
0.74
0.74
0.74
0.75
0.75
0.75
0.76
0.76
0.77
0.77
0.77
0.78
0.79
0.79
0.8
0.79
0.8
0.8
0.81
0.82
0.83
0.84
0.85
0.87
0.87
0.88
0.89
0.9
0.92
0.94
0.94
0.96
0.97
0.99
1.01
1.01
1.03
1.05
1.07
1.09
1.12
1.15
1.17
1.2
1.23
1.26
1.31
1.33
1.37
1.42
1.45
1.49
1.54
1.6
1.65
1.72
1.8
1.8
1.93
1.91
1.91
1.9
1.89
1.88
1.86
1.85
1.85
1.84
1.83
1.84
1.84
1.83
1.82
1.82
1.82
1.82
1.82
1.82
1.81
1.81
1.81
1.81
1.81
1.82
1.82
1.82
1.83
1.83
1.83
1.83
1.83
1.83
1.84
1.85
1.86
1.87
1.88
1.89
1.9
1.91
1.86
1.78
1.7
1.64
1.59
1.53
1.47
1.43
1.39
1.34
1.3
1.27
1.23
1.21
1.18
1.14
1.12
1.1
1.08
1.05
1.03
1.02
0.99
0.98
0.96
0.95
0.93
0.91
0.9
0.88
0.88
0.87
0.86
0.85
0.83
0.83
0.81
0.81
0.8
0.8
0.81
0.85
0.86
0.88
2.58
2.56
2.55
2.54
2.53
2.52
2.48
2.49
2.48
2.45
2.42
2.41
2.41
2.39
2.38
2.37
2.37
2.54
3.81
3.81
4.47
4.49
4.52
