0.73
0.73
0.73
0.73
0.73
0.73
0.74
0.74
0.74
0.73
0.74
0.74
0.75
0.76
0.76
0.77
0.77
0.78
0.78
0.78
0.78
0.78
0.78
0.79
0.8
0.81
0.82
0.83
0.83
0.85
0.86
0.87
0.87
0.88
0.89
0.91
0.92
0.94
0.95
0.96
0.98
1.0
1.01
1.02
1.04
1.06
1.09
1.11
1.12
1.15
1.18
1.2
1.23
1.26
1.29
1.32
1.36
1.4
1.44
1.48
1.53
1.58
1.63
1.68
11.39
7.98
8.09
4.11
4.07
4.04
4.02
4.03
4.26
4.55
4.84
5.2
5.57
6.05
6.61
7.05
7.27
7.25
7.24
7.28
14.49
17.34
17.32
17.4
17.41
17.41
81.83
17.3
7.45
7.46
7.33
81.83
81.83
6.87
5.02
4.57
4.51
4.52
4.31
3.99
3.75
3.58
3.6
3.62
3.64
3.68
5.05
6.53
7.72
7.78
7.84
7.91
7.98
8.06
8.12
8.2
8.29
8.38
8.46
8.57
8.67
6.88
6.91
6.8
6.82
8.76
8.58
8.42
4.85
4.78
4.7
4.62
4.43
4.3
4.22
4.21
4.28
4.37
4.35
4.3
4.24
4.2
4.14
4.1
4.06
4.04
5.0
4.68
4.84
5.59
5.21
5.38
5.5
5.49
0.9
0.89
0.88
0.91
0.98
1.02
1.09
1.16
1.16
1.15
1.15
1.14
1.14
1.14
1.13
1.14
1.13
1.13
1.13
1.13
1.13
1.13
