0.56
0.55
0.55
0.55
0.55
0.55
0.55
0.54
0.55
0.54
0.54
0.54
0.54
0.53
0.53
0.53
0.53
0.53
0.53
0.53
0.52
0.52
0.52
0.52
0.53
0.53
0.52
0.52
0.53
0.53
0.53
0.52
0.53
0.54
0.54
0.54
0.54
0.54
0.55
0.54
0.54
0.55
0.55
0.55
0.56
0.56
0.57
0.58
0.58
0.59
0.6
0.61
0.62
0.62
0.63
0.64
0.66
0.66
0.67
0.68
0.69
0.7
0.71
0.73
0.74
0.75
0.77
0.79
0.8
0.82
0.85
0.86
0.88
0.91
0.94
0.97
1.0
1.02
1.06
1.1
1.14
1.17
1.23
1.28
1.34
1.4
1.46
1.53
1.62
1.72
1.84
2.0
2.19
2.48
2.91
3.65
5.12
5.12
5.12
4.79
4.74
5.17
5.19
5.21
10.21
10.18
10.18
10.17
10.16
10.15
10.15
10.15
10.31
13.74
13.75
14.72
13.99
13.98
9.44
8.34
7.87
7.86
6.43
5.94
5.52
5.12
4.8
4.53
4.33
4.07
3.87
3.69
3.52
3.37
3.25
3.12
3.02
2.9
2.8
2.71
2.62
2.54
2.47
2.39
2.33
2.27
2.21
2.17
2.11
2.09
2.06
2.14
2.17
2.2
2.25
2.4
2.44
2.48
0.76
0.75
0.73
0.72
0.71
0.7
0.69
0.68
0.67
0.67
0.66
0.66
0.66
0.65
0.64
0.64
0.63
0.6
0.6
0.6
0.59
0.59
