6.2
6.02
5.96
5.94
6.08
6.3
6.53
6.78
7.05
7.34
8.93
1.16
1.08
8.76
8.71
6.12
6.07
6.01
6.1
2.21
2.25
2.35
2.32
2.34
2.44
2.24
81.83
81.83
81.83
81.83
81.83
81.83
81.83
2.9
2.93
81.83
3.01
81.83
81.83
81.83
81.83
81.83
81.83
4.73
4.76
4.79
4.81
4.83
4.91
4.95
4.97
5.01
5.03
5.06
3.41
3.88
5.19
5.23
5.29
5.33
5.37
3.44
4.07
3.21
3.2
5.36
5.47
5.44
4.58
5.53
5.62
3.04
5.74
4.04
5.85
3.3
3.3
3.89
6.1
6.49
3.38
6.71
4.05
3.9
7.35
7.28
6.88
7.12
2.34
6.93
6.85
6.44
6.42
1.88
2.58
6.52
2.67
2.49
2.75
5.15
2.96
6.25
6.2
2.06
6.13
4.64
3.42
3.11
1.93
2.12
4.4
4.36
4.41
4.45
4.53
1.62
4.7
2.73
1.89
2.66
4.77
2.32
2.85
4.53
4.46
4.39
1.95
4.27
4.2
4.14
2.88
2.35
4.0
3.95
3.9
3.86
3.82
3.79
3.76
3.71
3.69
3.66
3.62
3.6
3.57
3.54
3.52
3.5
1.08
1.58
3.42
3.44
3.48
3.6
3.58
3.62
3.59
3.59
3.58
3.56
3.55
3.56
3.56
3.55
1.6
3.5
3.5
3.49
3.5
1.12
1.1
1.02
1.03
6.15
81.83
81.83
3.6
5.58
81.83
81.83
