2.21
2.2
2.23
2.25
2.26
2.29
2.32
2.35
2.17
2.4
2.43
2.47
1.66
1.46
1.16
1.49
1.51
1.5
1.48
1.47
1.46
1.5
1.55
1.6
1.64
1.7
1.76
1.84
1.9
1.98
2.07
2.17
2.32
2.43
2.59
2.78
7.47
6.95
5.79
5.79
5.79
81.83
3.13
12.83
12.31
11.79
11.32
10.89
10.51
10.17
9.84
9.51
9.23
8.98
9.05
81.83
81.83
11.47
11.62
81.83
11.82
11.93
13.22
13.42
13.48
13.21
12.99
81.83
81.83
81.83
81.83
81.83
4.25
4.37
4.27
81.83
4.47
81.83
81.83
81.83
3.59
6.08
6.16
8.25
5.66
8.63
2.16
2.14
2.12
2.11
2.09
2.08
2.07
2.04
2.0
1.94
1.95
1.97
2.0
2.02
2.05
9.33
9.29
2.41
5.78
6.2
81.83
2.76
5.24
6.27
5.34
81.83
8.19
6.02
5.51
5.62
7.7
7.62
1.21
5.65
4.28
7.23
7.15
7.05
6.99
1.16
6.84
6.79
1.27
1.26
81.83
81.83
1.36
81.83
81.83
81.83
81.83
81.83
81.83
1.16
1.17
1.16
1.16
1.16
1.13
1.11
1.11
1.13
1.12
1.12
1.11
1.12
1.11
1.1
1.1
1.1
1.07
1.08
1.02
0.92
0.89
0.98
1.05
1.09
1.11
1.11
1.08
1.1
1.1
1.04
0.96
0.82
0.84
1.11
1.13
1.12
1.03
1.01
1.15
1.17
