0.62
0.62
0.63
0.64
0.65
0.65
0.66
0.67
0.68
0.69
0.7
0.71
0.72
0.73
0.74
0.77
0.92
0.95
0.92
0.89
0.87
0.85
0.78
0.55
0.51
0.52
0.55
0.56
0.57
0.58
0.58
0.59
0.6
0.62
0.64
0.65
0.66
0.67
0.67
0.71
0.72
3.4
3.4
3.39
3.28
3.32
3.28
3.24
3.22
3.18
3.14
3.12
3.11
3.03
3.0
2.97
2.96
81.83
81.83
9.08
9.06
81.83
6.21
6.36
6.67
6.66
6.92
7.97
7.95
12.78
15.96
19.86
19.77
10.12
8.82
8.84
8.85
8.11
7.3
7.35
8.75
4.39
3.96
3.6
3.27
3.01
2.84
2.85
2.86
2.88
2.9
2.92
2.92
2.94
2.96
2.99
3.01
3.03
3.05
3.08
3.1
3.13
3.16
3.18
3.23
3.27
3.29
3.33
3.36
3.41
3.46
3.5
3.55
3.59
3.65
3.71
3.77
3.83
0.86
0.85
0.83
0.83
0.81
0.8
0.78
0.77
0.77
0.76
0.75
0.74
0.74
0.73
0.71
0.77
1.15
1.2
1.24
1.3
1.35
1.38
1.45
0.92
0.91
0.91
0.89
0.88
0.88
0.87
0.87
0.86
0.86
0.85
0.84
0.83
0.83
0.83
0.84
0.84
0.85
0.86
0.84
0.84
0.84
0.85
0.84
0.84
0.83
0.84
0.85
0.85
0.84
0.82
0.82
0.83
0.84
0.86
0.86
0.86
0.87
0.87
