1.55
1.55
1.55
1.56
1.56
1.56
1.56
1.56
1.56
1.56
1.57
1.58
1.58
1.59
1.6
1.61
1.62
1.63
1.63
1.64
1.65
1.65
1.66
1.67
1.69
1.7
1.71
1.72
1.75
1.77
1.78
1.8
1.82
1.84
1.86
1.88
1.91
1.93
1.95
1.98
2.0
2.03
2.07
2.09
2.13
2.17
2.2
2.24
2.28
2.33
2.37
2.43
2.47
2.54
2.59
2.66
2.72
2.8
2.88
2.95
3.04
3.14
3.24
3.35
3.45
3.59
3.72
3.86
5.32
6.37
5.8
81.83
9.62
15.95
15.82
8.66
8.3
8.27
8.14
8.19
15.53
8.99
15.45
81.83
81.83
81.83
81.83
6.55
6.67
81.83
6.53
81.83
81.83
81.83
81.83
81.83
5.71
81.83
81.83
81.83
81.83
81.83
81.83
81.83
4.86
4.89
4.92
4.94
4.97
5.0
5.02
4.76
4.67
4.91
1.46
1.38
1.34
1.29
1.24
1.21
1.18
1.14
1.09
1.07
1.04
0.99
0.97
0.95
0.92
0.9
0.88
0.87
0.85
0.83
0.82
0.8
0.78
0.78
0.77
0.76
0.74
0.74
0.73
0.71
0.71
0.7
0.69
0.68
0.68
0.67
0.67
0.66
0.66
0.66
0.65
0.64
0.63
0.63
0.62
0.62
0.61
0.61
0.62
0.61
0.61
0.61
0.59
0.58
0.59
0.6
0.59
0.59
0.59
0.59
0.59
0.59
0.59
0.59
0.59
0.59
