0.97
0.97
0.98
0.97
0.98
0.97
0.98
0.97
0.97
0.98
0.97
0.97
0.98
0.97
0.97
0.97
0.97
0.98
0.98
0.99
0.99
1.0
1.0
1.0
1.0
1.01
1.02
1.02
1.03
1.04
1.05
1.06
1.07
1.08
1.09
1.1
1.11
1.12
1.13
1.15
1.16
1.18
1.18
1.2
1.22
1.23
1.25
1.27
1.3
1.31
1.33
1.36
1.38
1.42
1.43
1.46
1.5
1.53
1.56
1.6
1.64
1.68
1.73
1.78
1.83
1.89
1.95
2.02
2.09
2.17
2.27
2.36
2.46
2.59
2.73
2.87
3.08
3.31
3.57
3.93
4.42
5.19
10.2
10.14
10.1
9.76
10.02
9.98
7.33
7.3
7.28
7.26
7.25
7.24
7.23
7.23
7.21
7.22
7.21
7.21
7.22
7.22
7.22
7.23
7.24
7.29
5.88
5.21
4.69
4.26
3.94
3.63
3.36
3.14
2.96
2.79
2.64
2.48
2.37
2.25
2.14
2.06
1.98
1.9
1.83
1.77
1.71
1.65
1.61
1.56
1.53
1.56
1.58
1.61
1.63
1.65
1.67
1.71
2.04
2.08
2.12
2.15
2.2
4.21
4.28
4.36
4.44
4.52
81.83
5.91
6.01
6.16
6.32
6.38
6.3
6.22
6.16
4.78
4.8
5.97
5.91
5.85
5.82
5.76
5.71
5.66
5.62
5.59
4.71
0.88
0.83
0.84
0.83
0.83
0.83
0.82
0.82
0.82
0.82
0.82
