7.94
8.05
8.16
6.37
6.43
8.17
8.02
7.89
7.78
6.97
6.54
6.44
6.34
4.29
4.24
4.2
4.17
4.12
4.08
3.83
3.79
3.74
3.69
3.77
3.9
3.95
3.9
3.88
3.84
3.81
3.79
3.77
3.75
3.73
3.77
3.86
4.11
4.39
4.73
5.18
5.86
5.84
5.83
5.81
5.8
5.79
5.78
5.77
5.77
5.77
5.76
5.75
5.76
5.77
5.77
5.77
5.78
5.78
5.44
4.81
4.17
3.77
3.44
3.15
2.91
2.71
2.52
2.49
2.5
2.51
2.52
2.54
2.54
2.66
6.25
6.3
6.35
6.4
1.33
1.28
1.23
1.21
1.17
1.13
1.1
1.06
1.06
1.11
1.47
1.49
1.5
1.52
1.55
1.57
1.6
1.63
1.65
1.68
1.71
1.75
1.77
1.8
1.85
1.89
1.91
1.89
1.87
1.85
1.82
1.81
1.79
1.77
1.81
2.48
2.55
2.64
2.73
2.72
2.7
2.67
2.65
2.64
2.74
3.47
3.46
3.44
3.43
3.46
3.45
3.43
3.42
3.41
3.41
3.4
3.39
3.38
3.38
3.37
3.37
3.36
3.33
3.44
3.45
3.44
3.44
3.44
3.44
3.45
3.46
3.46
3.48
3.49
3.5
3.51
3.53
3.5
3.44
3.49
3.51
3.53
2.24
1.98
1.89
1.81
1.74
1.68
1.61
1.56
1.51
1.46
1.42
1.38
1.34
1.3
1.27
1.23
1.21
1.17
1.15
1.12
