2.32
2.37
2.41
2.47
3.54
3.63
3.73
3.82
3.87
3.82
3.77
3.73
3.69
3.66
3.63
3.59
3.53
3.53
3.51
3.48
3.45
3.43
3.41
3.39
3.37
3.34
3.33
3.32
3.31
3.3
3.29
3.29
3.27
2.5
2.48
2.49
2.51
2.5
2.47
2.44
1.92
2.33
2.48
2.49
2.5
2.5
2.48
2.48
2.49
2.5
2.53
2.54
2.42
2.36
2.39
2.4
2.5
2.47
2.45
2.63
3.43
3.44
3.47
3.5
3.52
3.54
3.58
3.61
2.38
2.37
3.73
3.77
3.8
2.31
3.89
3.94
3.84
3.75
3.67
3.58
3.43
3.38
3.36
3.3
3.22
3.17
3.12
3.05
3.0
2.95
2.92
2.88
1.95
1.92
1.9
1.88
1.86
1.84
1.81
1.79
1.78
1.73
1.8
1.85
81.83
81.83
0.92
2.15
2.24
2.39
2.38
2.4
2.46
2.44
2.43
2.42
2.41
2.4
2.28
2.1
2.37
2.37
2.36
2.36
2.35
2.35
2.34
2.34
2.34
2.33
2.26
2.25
2.26
2.26
2.26
2.26
2.26
2.27
2.27
2.27
2.29
2.29
2.29
2.31
2.3
2.32
2.33
2.33
2.33
2.35
2.37
2.08
1.99
1.91
1.86
1.86
1.87
1.87
1.89
1.91
1.91
2.58
2.61
2.64
2.67
2.7
2.74
2.78
2.81
2.85
2.89
2.93
2.98
2.83
3.09
3.15
1.74
1.79
3.24
3.18
