0.94
0.94
0.94
0.94
0.94
0.94
0.94
0.95
0.95
0.95
0.96
0.97
0.97
0.97
0.99
0.99
1.01
1.01
1.01
1.01
1.02
1.02
1.03
1.03
1.04
1.05
1.07
1.08
1.09
1.1
1.12
1.12
1.14
1.15
1.17
1.18
1.19
1.22
1.23
1.25
1.27
1.3
1.32
1.35
1.37
1.4
1.43
1.46
1.48
1.53
1.54
1.57
1.62
1.66
1.72
1.75
1.8
1.85
1.91
1.98
2.04
2.12
2.19
2.28
2.36
2.46
2.56
2.67
2.81
2.94
3.11
3.31
3.53
3.52
3.49
3.49
3.48
3.48
5.76
5.19
7.32
6.35
7.77
8.48
14.91
14.93
16.18
16.2
18.61
81.83
10.05
7.48
5.75
4.92
4.52
4.54
4.55
4.56
4.57
4.59
4.61
4.63
4.65
4.67
4.7
4.72
4.76
4.78
4.8
4.84
3.42
3.17
3.04
2.92
2.84
2.74
2.65
2.58
2.49
2.44
2.37
2.31
2.24
2.19
2.14
2.07
2.04
1.99
1.94
1.9
1.87
1.83
1.8
1.77
1.73
1.71
1.68
1.66
1.63
1.62
1.58
1.57
1.56
1.59
1.52
1.5
1.48
1.47
1.45
1.44
1.43
1.41
1.4
1.39
1.38
1.37
1.36
1.36
1.34
1.34
1.33
1.32
1.31
1.31
1.3
1.31
1.31
1.3
1.3
1.3
1.29
1.3
1.3
1.29
1.28
1.29
1.29
1.29
1.29
1.29
