1.11
1.11
1.1
1.1
1.09
1.09
1.1
1.1
1.11
1.1
1.1
1.1
1.1
1.09
1.09
1.1
1.1
1.1
1.1
1.11
1.11
1.12
1.12
1.13
1.14
1.14
1.15
1.16
1.17
1.17
1.17
1.19
1.2
1.22
1.23
1.24
1.25
1.26
1.28
1.28
1.3
1.32
1.32
1.34
1.36
1.38
1.41
1.42
1.44
1.45
1.48
1.51
1.53
1.56
1.6
1.62
1.65
1.68
1.73
1.77
1.8
1.84
1.9
1.95
2.01
2.06
2.13
2.2
2.27
2.36
2.45
2.54
2.66
2.77
2.9
3.08
3.26
3.52
3.8
4.14
4.54
5.21
6.1
11.12
11.06
11.02
10.99
10.94
8.28
8.25
8.23
8.21
8.2
8.2
8.18
8.18
8.18
8.17
8.17
8.17
8.18
8.19
8.21
6.83
5.83
5.11
4.51
4.03
3.68
3.38
3.09
2.88
2.69
2.53
2.39
2.38
2.39
2.41
2.44
2.44
2.46
2.76
2.79
2.8
2.84
2.87
2.88
1.39
1.34
1.31
1.27
1.23
1.19
1.16
1.13
1.1
1.07
1.04
1.02
1.0
0.97
0.97
0.95
0.93
0.92
0.91
0.9
0.88
0.87
0.86
0.84
0.84
0.82
0.82
0.81
0.8
0.79
0.78
0.77
0.77
0.76
0.75
0.75
0.74
0.74
0.72
0.73
0.72
0.73
0.72
0.72
0.71
0.71
0.7
0.69
0.69
0.69
0.69
0.69
0.68
