0.63
0.63
0.63
0.63
0.64
0.63
0.63
0.64
0.63
0.63
0.63
0.63
0.63
0.63
0.63
0.63
0.62
0.63
0.63
0.63
0.63
0.64
0.64
0.64
0.64
0.65
0.65
0.65
0.67
0.66
0.67
0.68
0.68
0.69
0.7
0.7
0.71
0.71
0.73
0.73
0.75
0.76
0.78
0.76
0.8
0.78
0.81
0.83
0.84
0.85
0.86
0.88
0.89
0.93
0.93
0.95
0.97
0.99
1.02
1.04
1.06
1.09
1.13
1.16
1.19
1.24
1.27
1.33
1.38
1.44
1.49
1.55
1.61
1.67
1.76
3.29
3.26
3.04
3.03
3.0
2.99
2.96
3.08
3.33
3.64
4.02
4.45
5.04
5.82
6.89
8.97
8.96
8.98
8.97
8.98
8.99
18.48
20.7
21.01
21.03
23.31
9.55
8.79
8.21
7.75
7.36
7.05
6.76
6.52
6.3
5.87
5.89
4.39
4.28
4.21
4.13
4.04
3.98
3.91
3.85
3.79
3.72
3.66
3.61
3.55
3.51
3.47
3.43
3.4
3.4
3.44
3.53
3.64
3.75
3.87
3.97
3.93
3.89
3.86
3.83
3.8
3.78
3.75
3.73
3.71
3.69
3.67
3.67
3.65
3.65
3.63
3.63
3.62
3.61
3.59
3.58
3.57
3.58
3.58
3.58
3.58
3.58
3.58
3.59
3.6
3.61
3.62
3.63
3.65
3.67
3.67
3.68
3.7
7.39
8.08
8.95
9.98
11.29
12.96
17.99
