0.87
0.87
0.86
0.85
0.84
0.83
0.83
0.82
0.81
0.81
0.8
0.8
0.8
0.8
0.8
0.79
0.78
0.78
0.78
0.77
0.77
0.76
0.76
0.75
0.76
0.76
0.77
0.77
0.77
0.76
0.76
0.76
0.76
0.76
0.76
0.77
0.77
0.77
0.77
0.79
0.78
0.79
0.79
0.79
0.8
0.8
0.8
0.8
0.81
0.82
0.82
0.84
0.85
0.86
0.86
0.87
0.88
0.89
0.9
0.91
0.92
1.22
1.66
1.68
1.7
1.72
1.74
1.75
1.72
1.69
1.67
1.65
1.39
1.4
1.58
1.57
1.55
1.54
1.52
1.51
1.42
0.58
0.56
0.58
1.33
1.42
1.46
1.53
1.59
3.97
3.93
3.72
3.72
3.74
3.76
3.79
3.75
3.74
3.87
1.62
1.62
8.94
6.47
8.81
8.79
0.69
0.66
0.68
7.03
8.72
8.69
8.64
3.47
1.54
3.44
3.59
3.57
3.56
3.52
1.32
1.33
3.52
3.53
3.51
3.49
3.48
3.33
3.45
3.24
3.48
3.41
3.49
3.5
3.51
3.49
3.5
3.5
3.53
0.97
0.97
3.56
3.57
3.58
3.59
3.6
3.62
3.63
3.66
3.67
3.68
3.7
3.71
3.74
3.75
3.77
3.79
3.81
3.84
3.85
3.88
3.91
3.94
3.97
4.02
81.83
4.06
7.81
4.56
4.56
4.56
4.57
4.97
4.98
5.0
4.89
5.21
5.23
5.25
5.08
81.83
