0.83
0.8
0.75
0.73
0.69
0.66
0.64
0.62
0.61
0.61
0.61
0.61
0.62
0.63
0.61
0.61
0.61
0.61
0.62
0.63
0.63
0.64
0.65
0.66
0.67
0.68
0.69
0.7
0.71
0.72
0.73
0.75
0.77
0.78
0.8
0.81
0.85
0.86
0.88
0.91
0.94
0.96
1.0
1.03
1.07
1.1
1.14
1.18
1.25
1.29
1.35
1.41
1.47
1.55
1.62
1.71
1.83
6.21
6.13
6.06
5.99
5.92
5.87
5.8
5.74
5.68
5.63
5.57
5.53
5.48
5.46
5.41
5.37
5.32
5.31
5.28
5.24
5.22
5.18
5.15
5.14
5.12
5.1
5.1
5.07
5.05
5.03
5.02
5.01
5.01
5.0
5.0
5.0
5.0
5.0
5.01
5.06
6.2
8.58
8.25
9.64
9.66
8.96
8.94
8.94
8.93
8.91
9.49
5.28
4.94
4.65
4.4
4.18
3.98
3.79
3.62
3.47
3.33
3.21
3.08
2.99
2.93
3.0
3.04
3.07
3.19
3.38
3.41
3.45
3.49
5.8
5.68
5.55
5.59
5.68
5.77
5.81
2.01
1.96
1.91
1.88
1.85
1.81
1.79
1.76
1.74
1.72
1.69
1.68
1.65
1.63
1.61
1.59
1.58
1.57
1.55
1.55
1.53
1.52
1.5
1.49
1.49
1.48
1.47
1.46
1.45
1.45
1.44
1.43
1.42
1.42
1.42
1.42
1.39
1.39
1.4
1.39
1.4
1.4
1.4
