2.22
2.2
2.18
2.18
2.17
2.17
2.36
1.13
1.13
2.88
2.87
2.86
2.86
2.85
2.84
2.85
2.84
2.84
2.84
2.84
2.83
2.84
2.85
2.85
2.86
2.88
2.87
2.88
2.88
2.9
2.9
2.93
1.35
1.36
1.49
1.71
1.59
1.56
1.52
1.52
1.47
1.45
1.43
1.44
1.39
1.43
1.54
3.22
1.47
3.05
3.02
1.66
2.81
2.73
2.66
2.6
1.61
1.51
1.46
1.42
1.41
1.39
1.34
1.39
1.36
1.31
1.33
1.37
1.4
1.44
1.44
1.48
1.51
1.54
1.58
1.62
1.66
1.71
1.76
1.67
1.61
1.62
1.69
1.75
1.81
4.19
4.17
4.15
4.12
4.09
4.07
4.05
4.03
4.02
4.0
3.98
3.97
3.96
3.95
3.94
3.93
3.64
3.6
3.92
3.91
3.91
3.91
3.91
3.91
3.91
3.91
3.91
3.92
3.92
3.92
3.94
3.94
3.95
3.96
3.97
3.99
4.01
4.02
2.59
2.4
2.26
2.15
2.06
1.97
1.89
1.82
1.74
1.66
1.61
1.56
1.51
1.45
1.42
1.38
1.34
1.31
1.28
1.24
1.21
1.18
1.15
1.14
1.12
1.09
1.06
1.04
1.03
1.01
0.99
0.97
0.95
0.95
0.93
0.91
0.89
0.88
0.88
0.86
0.85
0.84
0.83
0.82
0.81
0.8
0.8
0.79
0.79
0.77
0.77
0.76
0.76
0.75
0.74
0.74
0.73
