1.25
1.21
1.19
1.16
1.14
1.11
1.09
1.06
1.03
1.08
1.11
1.12
1.15
1.17
1.19
1.22
1.24
1.27
1.3
1.33
1.36
1.37
1.31
1.38
1.43
1.47
1.5
1.54
6.12
6.32
6.54
6.79
7.04
7.33
7.64
8.96
8.83
8.82
9.24
9.77
10.36
11.05
11.78
12.67
16.78
16.72
16.72
81.83
3.64
2.97
2.96
2.96
2.97
2.98
3.0
3.61
3.6
3.6
3.57
3.58
3.68
3.72
3.73
3.73
3.74
3.75
3.76
3.77
3.79
3.8
3.83
3.84
3.86
3.87
3.89
3.91
3.94
3.96
3.99
4.02
4.05
4.08
4.12
4.16
4.2
4.23
4.15
4.17
4.24
4.28
4.34
4.39
4.45
4.49
1.73
1.7
1.66
1.63
1.6
1.57
1.56
1.59
1.56
1.52
1.51
1.48
1.46
1.44
1.41
1.4
1.38
1.36
1.35
1.33
1.32
1.3
1.29
1.25
1.33
1.37
1.42
1.41
1.46
1.48
1.54
3.4
3.38
3.35
3.34
3.32
3.31
3.29
3.28
3.26
3.25
3.23
3.23
3.21
2.54
3.2
3.17
2.25
2.36
2.36
2.36
2.22
2.75
3.16
3.15
3.18
2.47
3.18
3.2
3.2
3.21
3.22
3.23
3.23
3.24
3.26
3.2
3.03
2.81
2.55
2.58
2.58
2.59
2.64
2.66
2.66
2.67
2.67
2.72
2.73
2.64
2.56
2.48
2.41
2.35
2.28
