2.53
2.59
2.63
2.69
2.76
2.82
2.89
2.97
3.05
3.14
3.22
3.33
3.44
3.56
3.7
3.85
4.03
4.23
4.45
4.73
5.04
5.44
5.94
6.71
19.54
19.55
23.15
24.13
23.43
81.83
9.65
8.73
7.69
6.96
6.36
5.85
5.42
5.04
4.74
4.47
4.2
4.07
4.08
4.14
6.64
6.68
3.16
3.04
2.93
2.95
2.99
3.02
3.04
3.08
3.11
3.14
3.18
3.22
3.26
3.3
3.34
3.38
3.43
3.48
3.54
3.59
3.63
3.69
3.77
3.83
3.91
3.97
4.05
4.14
4.23
4.33
4.43
4.53
4.64
4.76
4.89
5.02
5.16
2.11
2.09
2.07
2.05
2.04
0.93
0.92
0.9
0.91
0.9
0.89
0.89
0.89
0.88
0.87
0.87
0.85
0.85
0.85
0.84
0.86
2.15
2.12
2.12
2.13
2.13
2.12
2.12
2.12
2.12
2.12
2.12
2.11
2.12
2.12
2.13
2.12
2.11
2.14
2.15
2.17
2.17
4.62
3.51
3.49
4.67
3.43
3.41
4.76
4.62
4.39
4.18
4.21
4.23
4.26
4.29
4.61
4.51
4.42
4.45
4.49
4.53
4.59
5.39
5.46
5.51
5.59
5.64
5.73
5.82
5.89
5.99
6.08
6.16
4.24
6.0
5.9
5.81
5.71
5.63
5.54
5.46
4.43
4.39
4.33
4.27
4.19
4.17
4.14
4.09
4.03
4.02
2.19
2.18
2.17
2.15
2.14
