0.48
0.48
0.49
0.49
0.5
0.49
0.49
0.49
0.49
0.48
0.49
0.49
0.49
0.49
0.5
0.49
0.49
0.5
0.5
0.5
0.5
0.5
0.5
0.5
0.5
0.5
0.51
0.51
0.51
0.52
0.52
0.52
0.53
0.53
0.54
0.55
0.55
0.56
0.56
0.57
0.58
0.59
0.59
0.6
0.6
0.6
0.61
0.62
0.62
0.64
0.65
0.66
0.67
0.69
0.7
0.71
0.73
0.75
0.77
0.78
0.81
0.83
0.85
0.89
0.91
0.94
0.97
1.0
1.04
1.08
1.13
1.17
1.23
1.29
1.34
1.41
1.47
1.54
1.63
1.73
1.84
1.98
2.13
2.31
2.51
2.76
3.04
3.42
4.46
4.47
18.1
18.1
18.96
17.54
14.44
14.43
14.43
11.64
11.65
11.71
11.35
9.11
5.81
5.82
5.84
4.35
5.05
4.63
4.3
3.32
3.73
3.49
3.3
3.12
2.98
2.83
2.71
2.59
2.42
2.39
2.31
2.24
2.16
2.09
2.03
1.96
1.9
1.85
1.8
1.76
1.71
1.67
1.63
1.6
1.58
1.54
1.51
1.47
1.06
1.01
0.99
0.98
0.97
0.96
0.94
0.92
0.9
0.89
0.89
0.88
0.86
0.85
0.84
0.82
0.82
0.8
0.8
0.8
0.79
0.78
0.77
0.77
0.76
0.75
0.75
0.74
0.73
0.72
0.72
0.72
0.71
0.71
0.7
0.7
0.7
0.7
0.7
0.7
0.71
0.71
