10.67
10.67
9.69
10.59
9.95
9.97
10.42
10.7
6.24
6.26
6.29
6.32
6.35
6.37
6.42
6.45
6.49
6.52
6.57
6.62
81.83
81.83
81.83
81.83
81.83
3.48
81.83
81.83
81.83
81.83
81.83
81.83
81.83
81.83
2.67
4.38
3.89
2.87
3.49
3.79
3.77
3.75
3.72
2.92
3.85
4.05
4.26
4.48
4.46
4.45
4.43
4.37
3.77
4.26
4.35
4.3
4.25
4.29
3.6
3.6
3.61
3.58
3.59
3.53
1.97
1.96
3.78
4.22
4.25
4.25
4.26
4.26
1.86
1.87
4.26
4.27
4.28
3.54
3.16
4.31
4.32
2.45
2.47
1.58
1.58
1.58
1.58
1.58
1.58
1.58
1.58
1.58
1.56
1.56
1.72
1.76
4.65
4.69
4.73
4.71
4.5
4.31
4.14
4.03
4.03
4.08
4.12
4.16
4.21
4.25
4.28
4.33
4.38
4.44
4.49
4.56
4.62
4.66
4.74
2.09
1.98
1.95
1.92
1.93
1.98
2.0
1.86
1.85
1.86
1.9
1.93
1.96
2.0
2.03
2.08
2.12
2.16
2.19
2.25
2.29
2.35
2.41
2.47
2.59
2.9
2.98
3.06
3.15
3.25
3.35
3.45
3.57
3.7
3.83
3.98
4.16
4.36
4.57
4.83
5.1
5.41
5.75
2.15
2.15
2.15
2.14
0.77
0.58
0.58
0.57
0.57
0.57
0.57
0.57
0.57
0.57
0.57
0.57
0.57
0.57
