1.66
1.64
1.63
1.63
1.65
1.64
1.63
1.63
1.63
1.62
1.64
1.63
1.63
1.65
1.66
1.66
1.62
1.63
1.63
1.64
1.66
1.71
1.68
1.64
1.67
1.66
1.66
1.67
1.71
1.74
2.52
2.53
2.55
2.58
2.6
2.61
2.63
2.66
2.68
2.71
2.74
2.77
2.8
2.83
2.86
2.9
2.94
2.97
3.02
3.06
3.1
3.1
3.03
1.76
1.74
1.73
2.83
2.78
2.73
2.68
2.65
2.61
2.57
2.54
2.51
2.48
2.44
2.41
2.39
2.38
2.37
2.33
2.32
1.73
1.71
1.71
1.71
1.71
1.26
1.24
1.24
1.22
1.21
1.2
1.19
1.19
1.2
1.2
1.2
1.2
1.21
1.2
1.2
1.21
1.21
1.21
1.46
2.07
2.07
2.07
1.86
1.86
4.57
4.58
4.59
4.59
4.6
4.61
4.61
4.62
4.64
4.64
10.34
9.94
8.12
7.68
7.23
6.82
6.48
6.16
5.86
5.6
5.36
5.14
4.96
4.96
5.01
5.05
5.1
8.33
8.34
8.44
8.54
11.08
6.95
6.76
6.61
6.46
6.32
6.18
6.05
5.94
5.83
5.73
5.62
5.54
5.46
5.37
5.28
5.21
5.19
5.21
5.27
5.32
5.39
2.42
2.45
2.52
2.53
2.51
2.48
2.45
2.43
2.4
2.39
2.38
2.35
2.33
2.33
2.31
2.29
2.27
2.27
2.25
2.24
2.24
2.23
2.23
2.22
2.21
