7.78
81.83
81.83
81.83
81.83
81.83
6.97
6.99
7.04
3.38
3.19
3.03
2.86
2.74
2.61
2.5
2.38
2.32
2.23
2.14
2.08
2.0
1.93
1.88
1.83
1.77
1.73
1.68
1.63
1.6
1.55
1.52
1.48
1.45
1.43
1.38
1.37
1.37
1.42
1.29
1.27
1.25
1.23
1.22
1.2
1.17
1.16
1.14
1.13
1.12
1.11
1.1
1.08
1.07
1.07
1.06
1.05
1.04
1.03
1.02
1.01
1.01
1.0
0.99
0.99
0.99
0.98
0.97
0.97
0.98
0.97
0.96
0.95
0.96
0.95
0.95
0.95
0.95
0.95
0.95
0.94
0.95
0.94
0.94
0.94
0.94
0.94
0.94
0.94
0.94
0.95
0.95
0.95
0.95
0.95
0.96
0.96
0.98
0.97
0.97
0.96
0.99
1.0
1.0
1.0
1.01
1.02
1.02
1.03
1.04
1.04
1.06
1.07
1.07
1.08
1.09
1.1
1.12
1.13
1.15
1.15
1.16
1.18
1.2
1.22
1.25
1.27
1.28
1.31
1.33
1.36
1.39
1.41
1.45
1.47
1.51
1.53
1.59
1.62
1.67
1.73
1.79
3.16
3.13
3.11
3.09
3.07
3.06
2.8
2.78
2.76
2.73
2.69
2.78
2.92
3.07
3.23
3.44
3.67
3.92
4.2
4.55
4.95
5.42
5.98
6.72
8.59
8.52
8.51
8.49
8.47
8.47
8.47
8.47
8.47
8.47
8.47
8.48
8.49
8.5
