0.85
0.86
0.86
0.86
0.87
0.9
0.93
0.96
1.0
1.03
1.07
1.11
1.1
1.1
1.07
1.07
1.07
1.07
1.06
1.05
1.04
1.04
1.03
1.03
1.03
1.02
1.02
1.01
1.01
1.01
1.0
1.0
1.0
1.0
1.0
1.0
1.0
1.0
1.01
1.01
1.01
0.97
0.81
0.73
0.73
0.74
1.03
1.03
1.04
1.05
1.06
1.06
1.07
1.07
1.07
1.08
1.09
1.1
1.11
1.11
1.12
1.14
1.15
1.16
1.17
1.19
0.85
0.8
0.78
0.76
0.75
0.73
0.71
0.69
0.69
0.68
0.66
0.65
0.64
0.63
0.62
0.62
0.6
0.6
0.58
0.57
0.57
0.56
0.55
0.55
0.55
0.54
0.53
0.53
0.51
0.52
0.54
0.55
0.57
0.6
0.63
0.65
0.68
0.71
0.74
0.78
0.83
0.89
0.94
3.44
3.4
3.39
3.37
3.37
3.36
3.34
3.33
3.33
3.49
3.67
4.41
5.36
5.34
5.34
5.34
5.34
5.86
5.62
5.3
5.28
5.3
5.33
3.34
3.33
3.35
3.36
3.37
3.39
3.4
3.25
3.01
3.0
1.21
1.21
1.21
1.2
1.42
1.8
2.07
1.99
1.92
1.86
1.8
1.76
1.7
1.66
1.6
1.55
1.52
1.49
1.45
1.42
1.38
1.36
1.33
1.3
1.27
1.25
1.22
1.21
1.18
1.17
1.15
1.13
1.11
1.09
1.09
1.08
1.06
1.05
