2.95
2.93
2.92
2.91
2.91
2.88
2.85
1.09
1.12
1.14
2.95
3.51
3.45
3.48
3.49
3.48
3.48
2.42
2.57
3.47
3.47
0.8
0.73
0.72
0.72
0.72
0.71
0.71
0.71
0.71
0.71
0.71
0.71
0.71
0.71
0.71
0.71
0.7
0.71
0.71
0.68
0.69
0.69
0.69
0.73
0.83
0.86
0.84
0.89
3.79
3.81
3.85
3.87
3.69
3.56
3.42
3.3
3.18
3.17
3.19
3.22
3.25
3.28
3.32
3.35
3.39
3.43
3.48
3.51
3.57
3.62
3.67
3.73
3.79
3.86
3.92
3.99
4.06
4.13
4.22
4.31
4.41
5.25
4.97
4.93
4.99
4.91
4.84
1.29
1.27
1.22
1.22
1.21
1.21
1.2
1.23
1.29
1.33
1.38
1.42
1.19
1.19
1.19
1.22
1.27
1.31
1.37
1.43
1.49
1.57
1.64
1.73
1.83
1.95
2.6
2.83
3.05
3.28
3.57
3.92
4.36
4.92
5.59
6.47
7.68
9.12
10.85
13.01
13.0
12.75
4.5
3.3
3.27
3.28
2.82
2.26
2.23
2.04
1.99
1.99
2.02
2.02
2.03
2.04
2.05
2.07
2.08
2.09
2.1
2.12
2.08
2.0
1.92
1.85
1.78
1.72
1.66
1.61
1.56
1.51
1.47
1.43
1.4
1.36
1.33
1.3
1.27
1.24
1.2
1.18
1.16
1.14
1.12
1.1
1.08
1.06
1.04
1.04
1.02
1.0
