3.0
3.14
3.27
3.43
3.63
3.83
4.03
4.29
4.56
4.89
5.28
5.7
6.25
6.85
8.57
8.5
8.47
8.44
8.44
8.42
8.42
8.41
8.41
8.4
8.41
8.41
8.42
4.09
3.99
3.98
4.01
4.06
4.12
4.16
4.23
4.28
4.32
4.34
4.29
4.28
4.26
4.27
3.14
3.18
3.27
3.28
3.31
3.35
3.4
3.44
3.48
3.42
81.83
81.83
81.83
81.83
3.54
1.73
1.68
1.64
1.61
1.58
1.54
1.51
1.48
1.45
1.43
1.4
1.37
1.35
1.33
1.32
1.29
1.27
1.25
1.23
1.22
1.2
1.19
1.18
1.15
1.14
1.13
1.12
1.11
1.1
1.09
1.08
1.07
1.06
1.05
1.04
1.03
1.02
1.02
1.02
1.0
1.0
1.0
0.99
0.99
0.99
0.99
0.98
0.98
0.97
0.97
0.97
0.97
0.96
0.96
0.96
0.96
0.96
0.96
0.96
0.96
0.96
0.97
0.97
0.97
0.97
0.98
0.98
0.99
0.99
0.99
1.0
1.0
1.01
1.01
1.02
1.03
1.03
1.04
1.05
1.06
1.07
1.09
1.1
1.1
1.1
1.11
1.13
1.14
1.16
1.18
1.19
1.2
1.22
1.24
1.26
1.28
1.28
1.31
1.32
1.35
1.37
1.4
1.43
1.45
1.47
1.51
1.53
1.57
1.6
1.65
1.68
1.72
1.77
1.81
1.87
1.92
1.98
2.03
2.12
2.17
2.25
2.33
2.42
