0.85
0.85
0.84
0.84
0.83
0.83
0.82
0.82
0.82
0.81
0.81
0.81
0.81
0.81
0.8
0.8
0.8
0.8
0.8
0.8
0.8
0.8
0.8
0.8
0.8
0.8
0.8
0.8
0.8
0.81
0.81
0.81
0.82
0.82
0.83
0.83
0.84
0.84
0.85
0.85
0.86
0.86
0.87
0.87
0.88
0.89
0.89
0.91
0.92
0.94
0.94
0.94
0.96
0.98
0.99
0.99
1.01
1.02
1.03
1.05
1.07
1.09
1.11
1.13
1.14
1.16
1.18
1.2
1.23
1.25
1.28
1.31
1.34
1.37
1.4
1.43
1.47
1.52
1.55
1.6
1.65
1.71
1.76
1.82
1.89
1.97
2.05
2.14
2.22
2.19
2.19
2.17
1.7
1.69
1.74
2.13
2.11
2.1
2.08
2.07
2.07
2.42
2.69
2.84
1.13
1.1
1.08
2.81
2.81
2.82
2.82
2.82
2.82
2.82
2.83
2.83
2.83
2.84
2.84
2.85
2.86
2.87
2.88
2.89
2.9
2.92
2.93
2.94
2.96
1.38
1.37
1.36
3.08
1.6
1.57
1.53
1.52
1.51
1.47
1.47
1.47
1.46
1.47
3.09
1.53
1.63
1.72
1.72
2.73
2.67
2.62
2.57
1.65
1.62
1.53
1.49
1.47
1.45
1.45
1.44
1.43
1.41
1.4
1.44
1.48
1.51
1.55
1.6
1.62
1.67
1.72
1.77
1.83
1.88
1.71
1.71
1.74
1.82
1.88
4.28
