2.0
1.91
1.83
1.75
1.69
1.61
1.56
1.52
1.47
1.42
1.38
1.34
1.31
1.26
1.24
1.21
1.17
1.15
1.12
1.1
1.08
1.05
1.02
1.0
0.99
0.97
0.95
0.93
0.91
0.9
0.88
0.87
0.86
0.85
0.84
0.83
0.81
0.8
0.79
0.78
0.78
0.78
0.77
0.76
0.76
0.74
0.74
0.73
0.73
0.72
0.72
0.71
0.7
0.7
0.69
0.69
0.69
0.68
0.68
0.68
0.68
0.68
0.68
0.68
0.68
0.68
0.68
0.68
0.68
0.68
0.68
0.69
0.67
0.68
0.68
0.68
0.68
0.67
0.68
0.68
0.69
0.69
0.69
0.68
0.68
0.68
0.69
0.69
0.69
0.7
0.7
0.71
0.71
0.72
0.72
0.73
0.74
0.75
0.76
0.76
0.77
0.78
0.78
0.8
0.8
0.82
0.83
0.83
0.84
0.86
0.86
0.88
0.9
0.91
5.97
6.01
9.39
9.58
7.55
81.83
9.83
5.33
5.26
5.2
5.17
5.3
5.43
5.56
5.7
5.86
6.03
6.2
6.4
6.62
6.85
7.11
7.37
7.67
8.0
8.03
7.96
7.92
7.87
4.95
4.92
4.9
4.88
4.85
3.82
3.82
3.8
3.8
5.07
5.05
5.03
5.0
4.98
5.0
5.01
5.0
5.01
6.32
7.41
6.25
6.16
6.32
6.17
7.46
7.47
7.4
6.87
6.89
6.92
7.58
6.96
6.97
7.01
7.04
7.75
7.79
