2.06
81.83
81.83
81.83
2.32
1.23
1.21
1.23
3.16
3.05
2.87
2.75
2.61
2.51
2.46
2.46
2.48
2.5
2.52
2.53
2.56
1.37
1.38
1.79
1.75
1.72
1.69
1.66
1.64
1.66
1.69
1.72
1.76
1.8
1.84
1.88
1.93
1.98
2.04
2.1
2.16
2.23
2.29
2.37
2.46
2.54
2.65
2.77
2.89
8.22
8.24
8.26
7.95
6.02
5.87
3.15
3.19
15.66
81.83
81.83
13.27
12.62
12.05
11.53
11.09
10.63
10.23
9.86
9.53
9.22
8.95
9.01
11.93
81.83
11.33
11.42
11.56
81.83
11.71
11.86
13.15
13.34
13.31
81.83
81.83
81.83
81.83
4.07
4.21
4.14
81.83
4.16
81.83
81.83
81.83
7.38
7.43
7.48
1.94
1.92
1.9
1.89
1.87
1.85
1.83
1.79
1.73
1.69
1.7
1.72
1.74
1.75
1.77
1.8
9.23
9.2
5.54
7.44
9.09
9.05
5.36
5.47
2.48
8.96
81.83
6.33
4.97
7.3
4.87
81.83
0.9
0.89
5.22
5.32
7.45
7.33
7.23
5.33
7.03
6.98
6.87
6.79
6.7
0.93
0.95
0.92
0.95
81.83
81.83
1.06
81.83
81.83
81.83
81.83
81.83
81.83
81.83
0.87
0.86
0.84
0.84
0.83
0.82
0.82
0.81
0.82
0.8
0.79
0.79
0.79
0.79
0.8
0.79
0.79
0.77
0.71
0.76
0.72
0.63
0.58
