0.97
1.02
1.04
1.1
1.16
1.19
3.25
3.23
3.21
3.21
3.19
2.64
2.62
2.61
2.61
2.61
2.6
2.59
2.6
2.59
2.59
2.68
3.11
3.11
3.12
3.12
3.13
3.13
1.89
1.87
3.15
3.16
3.16
3.17
3.18
3.19
3.21
3.22
3.24
3.25
3.14
2.99
2.83
2.69
2.56
2.58
2.6
2.62
2.66
2.66
2.68
2.71
2.71
2.81
2.74
2.67
2.59
2.52
2.48
2.42
2.36
2.31
2.26
2.21
2.18
2.13
1.72
1.69
1.65
1.62
1.59
1.58
1.56
1.52
1.54
1.57
1.49
1.47
1.46
1.44
1.42
1.41
1.4
1.38
1.37
1.36
1.37
1.37
1.41
1.47
1.56
1.56
1.53
1.53
1.53
1.52
1.51
1.5
1.5
1.49
1.48
1.48
1.47
1.47
1.46
1.46
1.46
1.45
1.45
1.45
1.45
1.45
1.45
1.45
1.45
1.45
1.45
1.45
1.27
1.23
1.27
1.45
1.46
1.46
1.47
1.43
0.54
0.56
0.55
0.56
0.54
1.29
1.25
1.19
1.15
1.11
1.05
1.02
0.98
0.94
0.92
0.88
0.86
0.83
0.8
0.79
0.77
0.75
0.73
0.71
0.7
0.68
0.67
0.65
0.64
0.63
0.62
0.6
0.59
0.58
0.57
0.56
0.56
0.56
0.55
0.54
0.53
0.53
0.52
0.51
0.51
0.5
0.5
0.49
0.49
0.48
0.48
0.47
0.47
0.47
