2.19
2.09
2.0
1.92
1.84
1.77
1.71
1.66
1.6
1.55
1.51
1.46
1.41
1.38
1.36
1.32
1.28
1.25
1.23
1.19
1.17
1.15
1.12
1.1
1.09
1.06
1.04
1.02
1.01
1.0
0.98
1.0
1.02
1.04
1.07
1.09
1.12
1.17
2.66
2.72
2.8
2.9
3.0
3.09
3.2
3.36
3.49
3.62
3.34
3.32
3.3
3.29
3.26
3.23
3.22
3.21
3.19
3.17
3.15
3.15
3.14
3.13
3.12
3.11
3.41
3.44
3.45
3.44
3.44
3.47
3.41
3.2
3.16
3.11
3.09
3.05
3.01
2.97
2.95
2.92
2.88
2.85
2.84
2.82
2.79
2.77
2.75
2.73
2.71
2.7
2.67
2.18
2.62
2.63
2.62
1.94
1.93
3.06
3.19
1.41
1.42
3.17
3.16
3.15
3.15
2.87
3.1
3.14
3.13
2.8
2.52
2.51
2.52
2.53
2.54
1.69
1.7
15.0
14.74
2.24
14.34
1.88
12.25
8.26
81.83
81.83
81.83
81.83
81.83
81.83
5.95
6.03
81.83
81.83
81.83
81.83
5.41
10.72
8.46
11.89
11.75
4.4
4.03
4.0
3.98
3.95
3.9
3.85
3.9
3.94
11.2
11.18
7.5
4.68
8.52
7.2
8.18
81.83
10.18
81.83
81.83
3.11
81.83
81.83
81.83
81.83
81.83
81.83
81.83
81.83
2.32
81.83
2.45
2.41
81.83
2.52
2.5
2.45
2.41
2.4
