4.64
4.68
4.72
4.76
4.8
4.85
4.73
4.58
3.98
3.69
3.17
3.09
3.03
2.83
2.76
2.7
2.68
2.69
2.74
2.77
2.83
2.88
2.93
2.98
3.04
3.11
3.18
3.23
3.32
3.39
3.47
3.56
3.64
3.75
3.85
5.58
5.52
5.47
5.44
5.38
5.35
5.3
5.26
5.23
2.59
2.56
2.53
2.5
2.47
2.45
2.48
2.55
2.62
2.71
2.8
2.9
2.99
3.1
3.22
3.36
3.5
3.69
3.9
4.15
4.45
4.8
5.28
6.04
16.42
16.43
16.47
16.47
16.51
81.83
13.36
12.07
11.04
10.72
9.44
8.78
8.21
7.74
7.37
6.94
6.59
6.31
6.01
5.76
5.52
5.31
5.12
5.04
5.08
5.14
7.96
7.93
7.7
7.51
7.4
7.48
7.58
7.65
81.83
7.84
7.78
8.1
9.22
8.04
7.96
9.44
8.21
9.12
8.98
8.83
8.73
7.67
7.56
6.68
7.57
7.78
2.69
2.66
2.25
2.12
2.07
2.06
2.0
1.97
1.92
1.87
1.85
1.81
1.77
1.74
1.74
1.72
1.69
1.67
1.64
1.61
1.6
1.55
1.55
1.53
1.53
1.48
1.48
1.45
1.43
1.43
1.42
1.38
1.38
1.36
1.36
1.33
1.32
1.31
1.3
1.3
1.28
1.27
1.26
1.26
1.26
1.25
1.24
1.23
1.22
1.22
1.22
1.21
1.2
1.19
1.17
1.16
1.16
1.16
1.16
1.12
