5.82
5.87
5.92
5.96
6.01
6.05
6.14
4.55
6.22
6.29
3.84
3.67
1.74
4.37
5.85
81.83
1.75
1.77
5.35
5.24
3.17
3.16
2.07
2.01
1.76
1.77
3.03
2.25
2.23
81.83
81.83
81.83
4.6
4.56
4.53
4.44
4.43
1.73
1.7
4.28
4.2
4.15
4.1
4.08
4.03
4.01
81.83
81.83
81.83
81.83
81.83
81.83
81.83
81.83
81.83
81.83
81.83
81.83
81.83
81.83
1.91
1.92
81.83
81.83
81.83
81.83
1.69
1.69
1.73
1.63
1.62
1.57
1.51
1.48
1.44
1.42
1.4
1.38
1.37
1.35
1.33
1.31
1.3
1.28
1.27
1.26
1.25
1.24
1.24
1.21
1.19
1.21
1.2
1.35
1.35
1.34
1.37
3.38
3.4
6.53
6.62
1.34
4.02
6.14
4.22
4.21
5.79
3.2
81.83
5.92
4.24
3.42
3.3
3.3
3.31
3.32
3.35
3.37
3.38
3.41
3.44
3.46
3.49
3.52
3.55
3.59
3.63
3.66
3.7
3.74
3.78
3.83
3.87
3.92
3.97
4.45
6.27
6.21
6.07
6.04
1.46
1.43
1.39
1.35
1.33
1.32
1.32
1.34
1.36
1.37
1.39
1.38
1.38
1.38
1.38
1.38
1.38
1.37
1.38
1.38
1.38
1.74
1.76
20.51
20.49
1.65
1.65
81.83
2.74
2.76
3.05
81.83
81.83
81.83
81.83
81.83
81.83
81.83
81.83
1.66
