3.34
1.71
1.68
3.17
3.13
2.98
2.21
2.19
2.95
2.92
2.89
2.85
2.86
2.92
3.0
3.09
3.17
2.91
3.3
1.69
1.68
3.23
3.01
3.18
3.16
2.5
2.49
2.45
1.79
2.45
2.46
2.16
3.35
12.61
12.22
11.8
4.28
11.11
10.79
10.5
10.23
10.28
81.83
81.83
12.88
81.83
13.08
13.18
14.56
14.81
14.6
14.32
14.09
81.83
81.83
81.83
81.83
5.5
5.68
5.59
5.74
81.83
81.83
8.93
6.75
7.48
3.5
3.43
3.4
3.36
3.35
3.24
3.22
3.25
3.28
3.45
4.26
7.17
3.63
10.69
2.36
10.59
10.57
10.56
81.83
2.31
81.83
81.83
81.83
81.83
81.83
81.83
81.83
81.83
1.46
81.83
81.83
1.57
1.45
1.66
81.83
81.83
81.83
1.65
81.83
81.83
1.55
1.47
81.83
81.83
81.83
1.43
1.42
1.39
1.36
1.35
1.34
1.33
1.33
1.3
1.29
1.27
1.26
1.26
1.25
1.23
1.22
1.21
1.21
1.2
1.2
1.18
1.17
1.16
1.16
1.15
1.15
1.14
1.14
1.12
1.11
1.09
1.09
1.09
1.08
1.09
1.09
1.1
1.1
1.1
1.08
1.09
1.11
1.1
1.1
1.09
1.11
1.1
1.1
1.09
1.08
1.09
1.08
1.09
1.11
1.12
1.14
1.14
1.16
1.16
1.16
1.16
1.17
1.18
1.18
1.19
1.2
1.22
1.22
1.22
