0.86
0.87
0.87
0.87
0.87
0.87
0.87
0.87
0.88
0.88
0.89
0.9
0.9
0.91
0.91
0.92
0.94
0.94
0.94
0.95
0.96
0.97
0.98
0.97
0.96
0.93
0.9
0.87
0.86
0.83
0.81
0.79
0.78
0.8
0.78
0.78
0.82
0.85
0.87
0.91
0.94
0.99
1.03
1.05
1.04
1.03
1.02
1.02
1.01
1.01
1.0
0.99
0.99
0.98
0.98
0.98
0.97
0.97
0.98
0.97
0.96
0.97
0.97
0.97
0.97
0.97
0.97
0.97
0.97
0.96
0.97
0.97
0.98
0.97
0.97
0.87
0.79
0.71
0.7
0.7
0.98
1.01
1.02
1.02
1.02
1.03
1.04
1.05
1.06
1.06
1.07
1.08
1.1
1.11
1.11
1.12
1.14
1.16
1.17
1.18
1.2
0.81
0.79
0.78
0.76
0.75
0.72
0.71
0.7
0.69
0.68
0.67
0.65
0.65
0.65
0.63
0.63
0.62
0.61
0.61
0.6
0.59
0.58
0.58
0.57
0.57
0.57
0.57
0.56
0.55
0.53
0.57
0.6
0.62
0.64
0.68
0.73
0.75
0.8
0.85
0.91
0.97
3.43
3.42
3.41
3.4
3.4
3.38
3.37
3.46
3.51
4.12
5.49
5.47
5.47
5.47
5.49
5.9
5.9
5.39
5.33
5.34
5.38
3.39
3.38
3.39
3.41
3.43
3.44
3.44
3.38
3.17
3.02
3.02
1.36
1.26
1.25
1.29
1.7
2.12
