7.11
6.02
6.01
7.43
7.45
7.46
3.15
2.89
2.68
2.49
2.34
2.19
2.05
1.93
1.84
1.75
1.67
1.59
1.56
1.57
1.58
1.6
1.61
1.62
1.64
1.66
1.67
1.69
1.71
1.73
1.75
1.77
1.79
1.82
1.84
1.87
1.9
1.92
1.96
1.98
2.02
2.05
2.09
2.13
2.17
2.21
2.26
2.3
2.36
2.41
2.47
2.52
2.59
2.66
2.73
2.82
2.9
2.99
3.1
3.2
3.31
3.43
3.56
3.71
3.87
4.05
4.25
4.48
4.75
5.02
5.34
5.69
6.08
6.55
7.1
7.75
12.38
12.3
12.24
12.34
13.07
11.47
81.83
81.83
10.63
81.83
81.83
81.83
81.83
81.83
81.83
81.83
81.83
5.06
4.5
4.08
3.68
3.38
3.13
2.91
2.71
2.53
2.38
2.26
2.15
2.05
1.96
1.87
1.79
1.71
1.64
1.58
1.51
1.46
1.41
1.36
1.32
1.27
1.25
1.19
1.17
1.13
1.12
1.08
1.05
1.05
1.02
0.99
0.98
0.96
0.94
0.92
0.93
0.9
0.9
0.88
0.86
0.87
0.91
0.94
0.98
0.99
1.01
1.05
1.09
1.37
1.57
1.61
1.67
1.73
4.06
4.12
5.55
5.5
5.46
5.43
5.4
5.37
5.33
5.31
5.26
4.59
4.58
4.56
4.54
4.53
5.12
5.13
5.12
5.11
5.24
5.24
5.23
5.23
5.22
5.22
5.22
4.05
5.21
5.23
