0.73
0.73
0.73
0.74
0.74
0.74
0.74
0.74
0.74
0.74
0.73
0.73
0.74
0.73
0.74
0.74
0.74
0.75
0.75
0.76
0.76
0.76
0.76
0.77
0.78
0.78
0.79
0.79
0.79
0.8
0.81
0.82
0.82
0.83
0.84
0.84
0.85
0.86
0.87
0.87
0.89
0.91
0.92
0.94
0.94
0.96
0.98
1.0
1.01
1.02
1.05
1.07
1.09
1.12
1.14
1.16
1.19
1.22
1.25
1.28
1.32
1.37
1.39
1.44
1.49
1.54
1.58
1.65
1.71
1.77
1.84
1.93
2.03
2.13
2.25
2.39
2.55
2.85
3.22
3.83
7.49
6.67
7.53
7.58
7.64
12.62
12.61
12.61
12.59
12.59
12.67
16.24
16.08
17.16
16.45
11.92
10.24
9.06
8.05
2.69
2.68
2.68
2.71
2.65
2.25
1.73
1.65
1.55
1.48
1.4
1.33
1.27
1.21
1.16
1.1
1.05
1.02
0.98
0.95
0.91
0.89
0.85
0.83
0.8
0.78
0.78
0.76
0.74
0.71
0.7
0.69
0.68
0.66
0.65
0.64
0.63
0.63
0.62
0.6
0.6
0.6
0.59
0.59
0.57
0.57
0.57
0.56
0.55
0.55
0.54
0.53
0.53
0.53
0.53
0.52
0.52
0.51
0.51
0.5
0.5
0.5
0.5
0.49
0.49
0.49
0.49
0.49
0.49
0.49
0.48
0.48
0.48
0.48
0.49
0.48
0.48
0.48
0.49
0.48
0.47
