1.09
1.08
1.08
1.08
1.08
1.11
1.12
1.12
1.15
1.16
1.17
1.18
0.71
0.69
0.7
0.69
0.67
1.63
1.59
1.67
2.12
2.09
1.25
1.22
2.13
2.16
2.03
2.05
1.36
1.36
1.67
1.86
1.76
1.47
1.5
1.51
1.53
1.54
1.55
1.55
1.56
1.57
1.6
1.61
1.62
1.64
1.64
1.66
1.6
1.61
1.64
1.65
1.67
1.67
1.69
2.83
2.88
2.94
3.0
3.06
2.95
2.93
2.9
2.87
2.96
3.05
3.15
3.39
3.53
3.5
3.47
3.37
3.4
3.38
3.34
3.31
3.29
3.27
3.26
3.23
3.22
3.21
3.19
3.17
3.15
3.15
3.14
3.13
3.12
3.11
3.1
3.0
3.09
1.88
1.86
1.89
2.32
2.32
2.32
2.33
2.32
2.32
2.33
2.31
2.33
2.33
2.33
2.34
2.36
2.36
2.38
2.38
2.4
2.41
3.19
3.2
2.59
2.48
2.2
2.55
3.28
2.45
2.64
2.18
2.09
2.13
2.01
2.01
2.16
2.18
2.1
2.09
3.68
3.73
3.77
3.82
3.86
3.77
3.68
3.61
3.53
3.46
3.4
3.34
3.28
3.24
3.18
3.13
3.08
2.24
2.22
2.18
2.17
2.13
2.08
2.05
2.03
2.01
1.99
1.97
1.95
1.93
1.92
1.9
1.99
2.09
2.19
2.28
2.39
2.48
2.46
2.29
2.27
2.42
2.47
2.47
2.66
2.87
3.12
3.43
