0.96
0.96
0.95
0.94
0.93
0.92
0.91
0.91
0.91
0.9
0.9
0.89
0.88
0.88
0.88
0.87
0.87
0.86
0.86
0.85
0.85
0.85
0.85
0.84
0.84
0.84
0.84
0.84
0.84
0.84
0.84
0.84
0.84
0.84
0.84
0.85
0.85
0.85
0.85
0.86
0.86
0.86
0.87
0.87
0.88
0.88
0.89
0.9
0.9
0.91
0.91
0.91
0.92
0.93
0.94
0.96
0.97
0.97
0.99
0.99
1.0
1.02
1.04
1.05
1.06
1.07
1.09
1.1
1.12
1.14
1.16
1.18
1.2
1.21
1.24
1.26
1.29
1.32
1.34
1.38
1.41
1.44
1.48
1.5
1.54
1.74
2.39
2.35
2.31
2.09
2.09
2.22
2.19
2.16
2.14
2.12
2.11
2.09
2.06
2.04
2.02
2.01
2.0
1.98
1.96
1.94
1.93
1.93
1.91
1.9
1.89
1.87
1.86
1.85
1.85
1.85
1.84
1.84
1.83
1.82
1.82
1.82
1.81
1.81
1.81
1.81
1.81
1.81
1.23
1.21
1.22
1.22
1.22
1.23
1.23
1.24
1.24
1.24
1.25
1.25
1.26
1.27
1.28
1.28
1.29
1.29
1.3
1.3
1.32
1.33
1.33
1.34
1.35
1.37
1.38
1.39
1.4
1.41
1.43
1.45
1.47
1.48
1.49
1.52
1.54
1.55
1.57
1.59
1.62
1.64
1.67
1.7
1.72
1.76
1.78
1.82
1.84
1.82
1.79
1.77
