1.51
1.51
1.51
1.51
1.51
1.52
1.51
1.52
1.53
1.53
1.54
1.54
1.54
1.54
1.56
1.57
1.59
1.59
1.6
1.61
1.62
1.61
1.63
1.65
1.66
1.68
1.7
1.7
1.72
1.74
1.76
1.77
1.79
1.82
1.84
1.86
1.89
1.92
1.94
1.97
2.01
2.03
2.07
2.1
2.15
2.18
2.23
2.28
2.32
2.38
2.43
2.49
2.56
2.62
2.7
2.78
2.86
2.96
3.06
3.18
3.3
3.44
3.6
3.77
4.01
4.25
4.56
4.95
5.43
6.17
14.41
14.37
14.33
11.69
11.65
11.63
11.62
11.62
11.62
11.61
11.6
11.6
11.62
11.63
8.94
7.21
6.07
5.72
4.69
4.11
3.72
3.39
3.1
2.87
2.67
2.5
2.36
2.23
2.12
2.01
1.91
1.81
1.73
1.66
1.58
1.52
1.46
1.42
1.39
1.33
1.3
1.26
1.22
1.18
1.15
1.15
1.1
1.05
1.03
1.01
0.98
0.96
0.94
0.92
0.91
0.9
0.87
0.86
0.85
0.83
0.83
0.81
0.81
0.79
0.78
0.78
0.76
0.77
0.75
0.74
0.74
0.73
0.72
0.72
0.71
0.71
0.72
0.7
0.7
0.7
0.69
0.69
0.69
0.68
0.68
0.67
0.67
0.66
0.66
0.66
0.66
0.66
0.65
0.65
0.65
0.65
0.65
0.65
0.65
0.65
0.65
0.65
0.66
0.66
0.66
0.66
0.65
0.65
0.65
0.66
