1.09
1.1
1.1
1.11
1.12
1.12
1.12
1.12
1.13
1.13
1.14
1.14
1.14
1.15
1.14
1.15
1.17
1.17
1.18
1.18
1.19
1.2
1.21
1.23
1.23
1.25
1.26
1.29
1.29
1.31
1.32
1.34
1.36
1.38
1.41
1.43
1.44
1.46
1.48
1.52
1.56
1.63
5.19
5.12
5.05
3.02
3.01
2.97
2.95
2.92
2.9
2.87
2.6
2.58
2.55
2.53
2.49
2.44
2.53
2.62
2.73
2.86
2.98
3.12
3.27
3.45
3.63
3.84
4.07
4.34
4.66
5.02
5.4
5.9
6.48
8.3
8.22
8.19
8.18
8.16
8.16
8.15
8.14
8.14
8.13
8.15
8.15
8.16
8.16
3.83
3.74
3.7
3.75
3.8
3.84
3.9
3.94
4.01
4.06
4.1
4.04
3.95
3.96
3.98
3.24
3.08
2.89
3.0
3.07
3.07
3.11
3.15
3.19
3.22
3.26
3.23
81.83
81.83
81.83
81.83
81.83
3.34
81.83
81.83
81.83
81.83
1.53
1.5
1.48
1.46
1.42
1.4
1.38
1.38
1.34
1.33
1.31
1.29
1.28
1.26
1.25
1.23
1.22
1.21
1.2
1.18
1.17
1.16
1.15
1.14
1.13
1.13
1.12
1.12
1.11
1.1
1.1
1.09
1.08
1.08
1.08
1.07
1.06
1.06
1.06
1.05
1.05
1.04
1.04
1.04
1.04
1.04
1.04
1.04
1.04
1.04
1.04
1.04
1.04
1.04
