1.98
1.98
1.99
2.01
2.03
2.4
2.14
3.12
3.14
3.16
3.17
3.19
3.21
3.25
3.27
3.3
3.33
2.29
2.27
2.33
2.29
2.23
2.1
2.08
2.1
2.08
81.83
2.24
2.26
2.26
2.25
3.51
3.44
3.38
3.31
3.26
3.21
3.17
3.11
3.07
3.03
2.99
2.96
1.96
1.93
1.91
1.91
1.89
1.86
1.91
1.9
1.89
1.88
1.87
1.86
1.84
1.83
1.82
1.83
1.84
1.85
1.83
2.43
2.48
2.29
2.36
2.49
4.69
4.68
4.67
4.66
4.64
4.63
4.62
4.62
4.62
4.61
4.61
4.61
4.61
4.61
4.62
4.62
4.62
4.63
4.64
4.65
4.67
4.68
4.69
4.72
4.72
4.74
4.77
4.79
4.81
4.84
4.87
4.88
7.32
7.28
7.24
7.21
7.18
7.15
7.12
6.73
6.39
7.36
7.64
7.63
7.62
7.02
6.14
7.0
6.31
81.83
81.83
81.83
17.74
19.26
19.47
19.01
81.83
81.83
10.1
10.17
81.83
8.0
7.88
7.7
5.78
5.7
5.8
3.4
3.35
3.33
1.96
1.93
1.92
1.92
1.9
1.88
1.87
1.86
1.84
1.92
2.02
2.09
2.08
2.07
2.06
2.05
2.04
2.03
2.02
2.01
1.9
1.88
1.87
1.86
1.87
1.87
1.89
1.88
1.87
1.86
1.88
1.87
2.09
1.98
1.87
1.37
1.4
1.97
2.01
2.41
2.65
2.66
2.65
