3.62
3.64
3.67
3.89
3.89
2.89
2.89
3.4
3.35
2.46
2.44
3.23
3.2
3.21
3.27
3.36
3.47
3.58
3.79
3.87
3.87
3.85
3.81
3.24
3.21
3.39
3.39
1.22
1.22
3.21
2.9
2.89
2.88
2.88
2.87
2.83
2.81
2.79
1.07
1.06
1.08
3.47
3.42
3.42
3.45
3.44
3.43
2.39
2.39
3.42
3.43
3.42
3.42
0.74
0.7
0.7
0.7
0.7
0.69
0.69
0.69
0.68
0.69
0.68
0.68
0.67
0.68
0.68
0.68
0.68
0.68
0.68
0.68
0.66
0.66
0.66
0.67
0.66
0.81
0.85
0.84
3.81
3.85
3.71
3.57
3.44
3.32
3.21
3.17
3.17
3.19
3.22
3.25
3.29
3.33
3.36
3.4
3.45
3.5
3.54
3.59
3.63
3.7
3.76
3.82
3.89
3.97
4.03
4.11
4.19
4.28
4.37
4.51
5.01
5.05
5.01
4.93
4.86
4.79
1.33
1.29
1.25
1.23
1.23
1.22
1.22
1.22
1.26
1.33
1.37
1.42
1.28
1.22
1.22
1.22
1.27
1.32
1.39
1.44
1.52
1.59
1.69
1.78
1.88
2.02
2.8
3.0
3.25
3.55
3.89
4.35
4.94
5.63
6.59
7.86
9.17
11.01
13.05
13.05
7.75
3.9
3.32
3.31
3.28
2.86
2.27
2.27
2.09
2.02
2.03
2.06
2.07
2.08
2.09
2.11
2.11
2.12
2.12
2.15
2.15
