1.2
1.18
1.18
1.17
1.16
1.15
1.14
1.14
1.15
1.2
1.25
1.31
1.37
1.38
1.4
1.42
1.44
1.46
5.23
7.2
7.26
7.35
5.14
7.54
4.79
4.77
7.87
4.44
6.44
4.42
8.2
8.19
6.29
8.18
6.94
4.22
4.17
8.21
8.22
2.35
2.12
81.83
81.83
81.83
81.83
81.83
81.83
81.83
3.05
81.83
81.83
81.83
2.96
8.33
2.86
81.83
81.83
81.83
81.83
81.83
81.83
81.83
81.83
81.83
81.83
81.83
81.83
5.89
6.18
6.66
6.54
10.28
10.21
10.0
9.62
9.71
11.04
11.1
10.02
9.93
11.63
11.59
10.1
10.77
11.06
9.98
9.53
9.43
7.56
7.53
7.48
7.31
2.15
2.16
7.55
7.79
2.35
1.76
8.66
8.98
9.39
2.79
4.25
4.22
4.2
1.58
1.54
1.53
1.5
1.48
1.45
1.43
1.41
1.39
1.37
1.36
1.34
1.33
1.3
1.28
1.28
1.27
1.25
1.24
1.23
1.21
1.2
1.19
1.18
1.17
1.16
1.15
1.15
1.14
1.13
1.12
1.11
1.11
1.11
1.11
1.1
1.1
1.09
1.09
1.09
1.08
1.09
1.09
1.09
1.08
1.09
1.09
1.08
1.08
1.08
1.09
1.08
1.09
1.1
1.09
1.1
1.11
1.11
1.11
1.11
1.12
1.12
1.13
1.14
1.15
1.15
4.74
4.85
4.79
4.73
4.65
4.6
4.6
1.63
1.61
