3.17
3.2
3.23
3.27
3.3
81.83
81.83
81.83
10.26
9.34
8.68
7.93
7.39
6.86
6.45
6.28
6.31
6.35
5.23
4.98
4.76
4.55
4.39
4.23
4.06
3.93
3.79
3.66
3.55
3.45
3.35
3.26
3.17
3.09
3.02
2.95
2.88
2.81
2.75
2.68
2.63
2.58
2.53
2.47
2.43
2.39
2.36
2.33
2.28
2.25
2.22
2.2
2.17
2.17
2.11
2.09
2.06
2.03
2.01
2.0
1.98
1.96
1.94
1.93
1.91
1.9
1.88
1.87
1.87
1.85
1.85
1.84
1.83
1.83
1.82
1.81
1.79
1.8
1.8
1.79
1.78
1.78
1.77
1.86
2.31
2.56
2.93
2.92
2.89
5.41
5.34
5.31
5.32
5.09
4.93
6.28
6.36
5.57
6.26
5.67
5.65
5.66
5.69
5.65
5.64
5.65
6.24
6.3
6.38
6.6
6.65
6.71
6.74
6.51
2.76
2.29
2.19
1.97
1.92
1.86
1.8
1.74
1.7
1.65
1.61
1.57
1.53
1.5
1.46
1.42
1.41
1.38
1.35
1.32
1.29
1.28
1.26
1.24
1.22
1.2
1.18
1.18
1.15
1.15
1.14
1.12
1.12
1.11
1.08
1.08
1.06
1.05
1.06
1.04
1.03
1.03
1.02
1.01
1.01
1.0
1.0
0.99
0.98
0.98
0.97
0.97
0.96
0.96
0.95
0.95
0.95
0.94
0.94
0.95
0.95
0.95
0.95
0.94
0.94
0.94
