8.63
8.7
8.79
8.78
81.83
81.83
81.83
81.83
10.52
10.37
81.83
11.29
12.35
12.1
12.19
12.31
19.65
81.83
81.83
14.31
14.22
7.13
4.79
4.24
3.86
3.53
3.29
3.08
2.9
2.75
2.62
2.5
2.42
2.33
2.25
2.18
2.11
2.04
1.98
1.92
1.87
1.81
1.78
1.73
1.71
1.65
1.63
1.59
1.56
1.54
1.52
1.49
1.46
1.43
1.41
1.38
1.37
1.35
1.33
1.32
1.3
1.28
1.27
1.26
1.24
1.23
1.21
1.2
1.19
1.18
1.17
1.16
1.14
1.14
1.14
1.13
1.13
1.11
1.1
1.1
1.09
1.09
1.09
1.08
1.08
1.07
1.07
1.06
1.06
1.06
1.05
1.06
1.07
1.07
1.07
1.06
1.06
1.06
1.07
1.07
1.06
1.07
1.08
1.08
1.08
1.09
1.09
1.1
1.1
1.11
1.11
1.12
1.13
1.14
1.14
1.15
1.17
1.17
1.18
1.2
1.21
1.23
1.24
1.26
1.27
1.28
1.3
1.31
1.33
1.35
1.37
1.38
1.41
1.43
1.46
1.48
1.51
1.54
1.55
1.59
1.63
1.64
1.69
1.73
1.76
1.8
1.85
1.9
1.97
2.03
2.09
2.15
2.22
2.31
2.39
2.47
2.58
2.7
2.82
2.97
3.14
3.36
3.62
3.94
4.32
4.82
9.62
9.56
9.51
9.46
9.38
9.37
9.32
6.67
6.62
6.6
6.57
6.56
6.53
6.52
