1.38
1.38
1.38
1.38
1.38
1.38
1.39
1.39
1.4
1.39
1.4
1.41
1.42
1.42
1.43
1.44
1.45
1.46
1.47
1.48
1.49
1.49
1.5
1.51
1.53
1.54
1.56
1.58
1.59
1.6
1.62
1.65
1.67
1.69
1.71
1.73
1.76
1.78
1.76
1.76
1.73
1.74
1.75
1.78
1.84
1.88
1.9
1.95
1.99
2.03
2.08
2.12
2.18
2.23
2.28
2.34
2.41
2.49
2.56
2.63
2.71
2.81
2.91
3.02
3.13
3.26
3.4
3.56
3.73
3.92
4.14
4.39
4.66
4.97
5.0
4.98
4.96
5.46
7.48
8.31
9.44
9.94
9.95
17.43
16.41
17.66
17.62
20.05
81.83
6.22
5.92
5.95
5.96
5.97
5.98
5.99
6.0
6.01
6.04
6.06
4.39
4.05
3.81
3.56
3.35
3.16
3.0
2.84
2.72
2.6
2.49
2.4
2.3
2.21
2.13
2.06
1.98
1.92
1.87
1.81
1.77
1.71
1.68
1.64
1.59
1.56
1.52
1.48
1.46
1.43
1.4
1.37
1.35
1.31
1.29
1.26
1.24
1.22
1.21
1.2
1.18
1.16
1.14
1.13
1.12
1.11
1.1
1.08
1.08
1.06
1.05
1.05
1.04
1.03
1.03
1.02
1.01
1.02
1.01
1.0
1.0
0.99
0.99
0.98
0.99
0.97
0.98
0.96
0.97
1.11
1.55
3.59
3.58
3.57
3.57
3.57
3.56
3.56
3.56
3.56
