1.38
1.38
1.38
1.36
1.34
1.33
1.31
1.3
1.28
1.27
1.26
1.25
1.24
1.23
1.22
1.21
1.2
1.19
1.18
1.18
1.17
1.16
1.16
1.16
1.15
1.15
1.14
1.14
1.14
1.13
1.13
1.13
1.13
1.13
1.12
1.12
1.13
1.12
1.13
1.12
1.12
1.12
1.11
1.12
1.12
1.13
1.13
1.14
1.14
1.14
1.14
1.15
1.15
1.16
1.16
1.17
1.18
1.19
1.19
1.19
1.21
1.22
1.23
1.24
1.25
1.27
1.27
1.28
1.29
1.31
1.33
1.35
1.36
1.38
1.39
1.41
1.43
1.45
1.46
1.45
1.42
1.41
1.4
1.41
1.44
1.47
1.54
1.57
1.59
1.63
1.66
1.71
1.75
1.8
1.83
1.88
1.94
2.0
2.06
2.13
2.19
2.27
2.36
2.45
2.53
2.64
2.76
2.87
3.0
3.16
3.34
3.53
3.74
4.0
4.3
4.66
4.77
4.74
4.73
4.73
6.38
7.61
9.75
9.74
16.17
16.18
17.43
17.44
19.85
11.84
8.3
6.06
5.76
5.76
5.78
5.79
5.81
5.82
5.85
5.86
5.88
5.91
5.93
4.38
4.12
3.88
3.71
3.54
3.37
3.23
3.1
2.97
2.86
2.76
2.67
2.57
2.47
2.41
2.35
2.28
2.22
2.15
2.09
2.05
2.0
1.95
1.9
1.86
1.82
1.78
1.75
1.71
1.68
1.65
1.64
1.6
1.57
1.55
1.54
1.51
