2.87
2.87
2.86
4.42
4.19
4.15
4.1
4.1
4.06
4.13
5.44
5.34
5.01
4.87
4.88
4.93
4.95
5.35
5.06
5.07
5.09
5.14
5.16
5.93
6.0
6.05
6.11
6.18
6.24
6.32
6.39
4.73
4.73
6.64
6.66
6.51
6.3
6.25
6.13
6.01
4.84
2.58
2.56
2.53
2.48
2.47
2.43
2.41
2.38
2.35
2.33
2.31
2.08
2.04
2.02
1.99
1.98
1.96
1.92
1.93
2.0
2.09
2.17
2.21
2.19
2.17
2.16
2.14
2.13
2.12
2.1
2.1
2.08
2.08
2.08
2.07
2.06
2.05
2.05
2.05
2.09
2.12
2.6
3.55
4.26
4.26
4.27
4.26
4.27
4.27
4.28
4.29
4.3
4.31
4.31
4.33
4.34
4.35
4.36
4.38
4.4
4.42
4.44
4.47
4.49
4.52
4.36
4.17
4.01
3.85
3.71
3.57
3.46
3.35
3.24
3.13
3.05
2.96
2.88
2.81
2.74
2.67
2.61
2.55
2.5
2.45
2.4
2.35
2.32
2.27
2.22
2.19
2.16
2.13
2.09
2.07
2.03
2.0
1.97
1.95
1.92
1.9
1.88
1.85
1.83
1.81
1.77
1.84
1.89
1.96
2.01
3.13
3.09
3.02
3.01
2.95
2.92
2.92
2.91
3.12
3.3
3.52
3.79
4.09
4.43
4.83
5.35
5.98
6.78
7.66
22.25
22.24
23.07
18.56
18.55
15.76
15.77
9.89
7.05
4.46
