3.36
3.49
3.84
4.27
4.79
5.48
6.35
9.77
9.76
11.01
11.01
11.01
11.02
12.2
12.21
13.47
6.31
5.04
4.32
3.78
3.37
3.05
2.77
2.55
2.35
2.19
2.06
1.92
1.81
1.73
1.63
1.55
1.48
1.42
1.35
1.3
1.24
1.19
1.16
1.12
1.07
1.04
1.0
0.97
0.94
0.93
0.89
0.86
0.84
0.82
0.8
0.78
0.77
0.75
0.73
0.73
0.73
0.73
0.74
0.76
0.76
0.76
0.79
0.82
0.86
2.63
2.68
2.73
2.77
2.8
4.55
4.49
4.46
4.42
2.57
2.58
4.3
4.27
4.24
4.21
4.19
4.16
4.13
4.1
4.08
4.06
4.04
4.02
4.01
3.99
3.98
3.97
3.96
3.95
3.94
3.93
3.93
3.92
3.91
3.91
3.91
3.91
3.91
3.91
3.91
3.92
3.92
3.93
3.93
3.79
3.37
3.04
2.77
2.53
2.35
1.55
1.41
1.32
1.24
1.15
1.07
1.01
0.96
0.91
0.86
0.81
0.79
0.77
0.77
0.77
0.77
0.78
0.76
0.71
0.7
0.69
0.69
0.67
0.66
0.65
0.65
0.64
0.65
0.7
0.7
0.72
0.73
0.74
0.75
0.77
0.77
0.79
0.8
0.82
0.86
2.62
2.59
2.57
2.54
2.5
2.49
2.51
2.58
2.66
2.75
2.83
2.94
3.05
3.18
3.32
3.47
3.62
3.79
3.97
4.2
4.46
4.71
5.01
5.37
5.77
