0.87
0.87
0.87
0.86
0.87
0.87
0.88
0.87
0.88
0.86
0.85
0.86
0.87
0.87
0.86
0.5
0.49
0.49
0.49
0.49
0.49
0.49
0.49
0.49
0.5
0.49
0.5
0.5
0.51
0.51
0.5
0.51
0.52
0.53
0.53
0.53
0.54
0.54
0.54
0.54
0.55
0.56
0.56
4.14
4.06
3.98
3.92
3.87
3.8
3.74
3.7
3.66
3.61
3.57
3.53
3.49
3.46
3.43
3.39
3.36
3.34
3.31
3.28
3.26
3.2
3.2
3.17
3.15
3.13
3.11
3.1
3.09
3.07
3.06
3.05
3.04
3.03
3.03
3.29
5.54
5.54
5.92
6.26
6.67
7.11
7.64
8.26
9.0
9.07
9.06
12.17
11.94
14.08
21.5
20.51
21.76
10.03
10.02
10.01
9.99
10.0
8.21
6.41
5.12
4.33
4.29
4.3
4.32
4.36
2.48
2.25
2.07
1.94
1.83
1.72
1.62
1.54
1.46
1.39
1.34
1.26
1.2
1.16
1.1
1.07
1.02
0.98
0.95
0.92
0.9
0.87
0.85
0.82
0.79
0.78
0.76
0.74
0.72
0.71
0.71
0.69
0.68
0.65
0.65
0.63
0.63
0.62
0.61
0.61
0.6
0.59
0.58
0.57
0.56
0.56
0.54
0.55
0.56
0.57
0.61
0.6
0.6
0.59
0.59
0.6
0.59
0.59
0.58
0.59
0.58
0.58
0.57
0.57
0.56
0.56
0.56
0.55
0.54
0.53
0.52
