2.92
2.95
2.99
3.03
3.07
3.09
9.64
8.88
8.28
7.71
7.28
6.84
6.46
6.14
6.11
6.15
6.42
5.15
4.94
4.75
4.58
4.42
4.28
4.14
4.03
3.9
3.78
3.68
3.58
3.48
3.39
3.32
3.25
3.18
3.11
3.05
3.01
2.93
2.87
2.82
2.77
2.72
2.69
2.63
2.59
2.55
2.51
2.48
2.45
2.41
2.39
2.37
2.34
2.31
2.29
2.26
2.25
2.25
2.21
2.2
2.18
2.16
2.14
2.14
2.12
2.11
2.09
2.08
2.07
2.06
2.06
2.04
2.04
2.04
2.03
2.02
2.02
2.02
2.01
2.01
2.0
2.0
2.0
2.0
2.0
2.0
2.03
5.66
3.12
5.55
5.57
5.66
5.19
6.6
6.61
6.45
6.52
5.93
5.96
5.99
6.0
5.92
5.91
6.45
6.58
6.67
6.88
6.96
7.01
7.07
6.82
6.85
3.1
2.79
2.55
2.33
2.27
2.2
2.14
2.08
2.03
1.98
1.93
1.89
1.85
1.81
1.78
1.73
1.7
1.67
1.63
1.61
1.58
1.55
1.55
1.51
1.49
1.48
1.46
1.45
1.43
1.39
1.38
1.38
1.37
1.35
1.35
1.33
1.31
1.3
1.29
1.28
1.27
1.27
1.26
1.26
1.25
1.25
1.24
1.24
1.23
1.23
1.22
1.21
1.21
1.2
1.2
1.2
1.19
1.2
1.2
1.19
1.19
1.19
1.19
1.19
1.19
1.19
1.19
1.19
