0.96
0.95
0.95
0.94
0.94
0.93
0.93
0.92
0.92
0.92
0.91
0.92
0.91
0.9
0.67
0.64
0.64
0.64
0.63
0.65
2.79
2.8
2.81
2.81
2.82
2.82
2.83
2.85
2.79
2.57
2.58
2.88
2.9
2.91
2.92
2.94
2.96
2.98
3.0
3.01
3.04
3.05
3.08
3.09
2.99
2.88
2.86
2.79
2.71
2.63
2.57
2.5
2.44
2.37
2.33
2.28
2.19
2.2
2.23
2.24
2.19
2.15
2.11
2.07
2.04
2.01
1.97
1.95
1.91
1.89
1.86
1.83
1.83
1.81
1.78
1.75
1.73
1.72
1.59
1.56
1.56
1.56
1.55
1.54
1.52
1.52
1.52
1.5
1.49
1.49
1.48
1.47
1.45
1.44
1.44
1.47
1.6
1.59
1.62
1.78
1.96
2.29
3.97
3.47
3.47
3.46
3.46
3.46
3.46
3.46
3.46
3.95
3.96
3.96
3.33
3.32
3.43
3.44
3.46
3.47
3.48
3.49
3.51
3.53
3.4
4.02
4.18
4.2
1.57
1.54
1.52
1.52
1.55
1.55
1.57
1.58
1.6
1.61
1.63
1.64
1.66
1.69
1.68
1.65
1.61
1.57
1.53
1.52
1.48
1.45
1.42
1.37
1.35
1.36
1.38
1.39
1.44
1.63
1.64
1.62
1.59
1.57
1.55
1.54
1.52
1.5
1.49
1.49
1.51
1.57
1.63
1.68
1.74
1.8
1.93
1.95
2.32
2.45
2.56
2.74
