2.09
2.08
2.07
2.05
2.03
2.03
2.03
2.02
2.0
2.0
1.99
1.99
1.98
1.97
1.97
1.96
1.96
1.95
1.95
1.94
1.94
1.94
1.93
1.93
1.93
1.94
1.93
1.93
1.94
1.94
1.95
1.95
1.97
1.98
1.98
2.03
2.72
2.74
2.76
2.77
2.78
2.79
2.82
2.84
2.85
2.88
2.9
2.93
2.95
2.98
3.0
3.04
3.07
3.1
3.14
3.19
3.23
3.27
3.32
3.36
3.41
3.45
3.52
3.58
3.65
3.71
3.79
3.86
3.95
4.02
7.13
7.14
7.21
7.51
6.18
6.04
5.87
5.71
5.56
5.43
5.32
5.19
5.07
4.95
4.85
4.76
4.66
4.57
4.49
4.42
4.34
4.29
4.21
4.13
4.07
4.01
3.94
3.9
3.85
3.79
3.75
3.7
3.66
3.62
3.59
3.56
3.54
3.49
3.46
3.42
3.4
3.37
3.35
3.32
3.3
3.27
3.26
3.25
3.23
3.22
3.2
3.2
3.18
3.17
3.17
3.4
3.73
3.99
4.3
4.3
6.79
6.76
6.69
6.63
6.65
6.31
7.41
7.66
7.67
6.99
6.95
6.95
6.95
6.9
3.21
2.92
2.68
2.47
2.3
2.16
2.04
1.91
1.8
1.71
1.63
1.55
1.49
1.43
1.36
1.31
1.25
1.21
1.17
1.13
1.09
1.06
1.03
1.0
0.98
0.95
0.92
0.93
0.9
0.89
0.92
0.95
0.98
0.98
0.99
1.01
