0.5
0.49
0.5
0.49
0.49
0.49
0.49
0.49
0.49
0.5
0.5
0.5
0.51
0.51
0.51
0.51
0.51
0.51
0.52
0.52
0.52
0.52
0.53
0.53
0.53
0.54
0.54
0.55
0.55
0.56
0.57
0.57
0.58
0.59
0.6
0.61
0.62
0.63
0.63
0.64
0.65
0.66
0.75
0.77
0.8
0.84
5.14
5.08
5.11
5.72
5.88
5.96
5.91
5.89
6.64
6.8
6.75
6.7
7.52
3.21
3.16
3.11
3.06
3.03
2.99
2.94
2.91
2.87
2.84
2.82
2.79
2.76
2.74
2.71
2.69
2.66
2.64
2.63
2.61
2.6
2.58
2.56
2.55
2.54
2.52
2.51
2.51
2.5
2.49
2.48
2.48
2.47
2.47
2.46
2.47
2.47
2.46
2.46
2.46
2.46
2.47
2.47
2.47
2.48
2.48
2.49
2.5
2.5
2.51
2.52
2.53
2.55
2.56
2.57
0.79
0.74
0.7
0.68
0.67
0.67
0.67
0.65
0.64
0.65
0.66
0.69
0.71
0.72
0.73
0.74
0.77
0.78
0.79
0.82
0.84
0.85
0.87
0.89
0.92
0.94
0.97
1.0
1.03
1.07
1.1
1.14
1.17
1.22
1.26
1.31
1.35
1.4
1.48
1.54
1.61
1.69
1.79
1.91
2.02
2.18
2.35
2.55
2.78
2.78
2.77
2.77
2.76
2.76
2.75
2.75
2.75
2.74
2.74
2.75
2.74
2.75
2.75
2.75
2.75
2.76
