7.52
8.69
8.83
8.82
8.81
8.8
8.79
8.79
8.79
8.79
8.79
8.8
7.02
6.04
6.05
6.06
6.08
6.1
6.11
6.01
5.5
5.17
5.19
5.21
5.25
6.59
9.17
9.21
9.23
8.65
8.69
8.73
8.86
8.86
8.94
9.74
2.15
2.16
2.17
2.19
2.22
2.24
2.27
2.24
2.19
2.14
2.1
2.04
2.0
1.96
1.92
1.88
1.85
1.8
1.39
1.39
1.41
1.44
1.47
1.51
1.54
1.58
1.59
1.58
1.56
1.54
1.52
1.52
1.5
1.48
1.46
1.45
1.44
1.43
1.41
1.4
1.4
1.39
1.37
1.36
1.36
1.34
1.33
1.32
1.32
1.31
1.3
1.3
1.29
1.29
1.29
1.29
1.28
1.28
1.28
1.27
0.99
0.99
0.99
1.28
1.28
1.28
1.29
1.28
1.29
1.28
1.29
1.29
1.29
1.3
1.31
1.31
1.32
1.33
1.34
1.34
1.36
1.36
1.38
1.39
1.4
1.4
1.41
1.43
1.44
1.45
1.47
1.49
1.5
1.51
1.48
1.43
1.4
1.37
1.34
1.3
1.28
1.29
1.28
1.26
1.23
1.21
1.19
1.18
1.15
1.13
1.11
1.1
1.08
1.08
1.06
1.05
1.03
1.02
1.01
0.99
0.99
0.98
0.97
0.95
0.95
0.94
0.93
0.92
0.91
0.9
0.9
0.89
0.88
0.87
0.87
0.87
0.87
0.83
0.82
0.81
0.84
0.89
0.92
0.92
