1.49
1.48
1.47
1.47
1.46
1.45
1.45
1.44
1.43
1.43
1.42
1.42
1.42
1.41
1.41
1.41
1.41
1.41
1.1
1.09
1.4
1.41
1.41
1.41
1.41
1.41
1.42
1.42
1.43
1.43
1.43
1.45
1.44
1.45
1.46
1.47
1.48
1.48
1.5
1.5
1.31
1.52
1.53
1.55
1.56
1.58
1.59
1.6
1.6
1.63
1.65
1.67
1.68
1.7
1.73
1.75
1.77
1.8
1.82
1.85
1.88
1.91
1.94
1.98
2.02
2.05
2.09
2.14
2.18
2.23
2.27
2.32
2.38
2.44
2.43
2.56
2.63
2.71
2.79
2.88
2.96
3.07
3.18
3.3
3.41
3.54
3.16
3.85
4.05
4.24
4.47
4.74
4.29
5.23
5.2
5.18
5.27
5.74
6.3
6.95
7.78
12.57
11.59
11.57
12.81
12.8
12.75
15.19
13.88
4.37
2.24
1.31
1.05
1.05
1.06
1.06
1.07
1.07
1.07
1.08
1.08
1.09
1.1
1.1
1.11
1.12
1.12
1.13
1.14
1.14
1.14
1.16
1.17
1.18
1.19
1.2
1.21
1.23
1.24
1.25
1.27
1.29
1.3
1.32
1.34
1.35
1.37
1.39
1.41
1.43
1.46
1.47
1.5
1.51
1.55
1.57
1.6
1.63
1.67
1.7
1.73
1.77
1.82
1.86
1.91
1.96
2.02
2.07
2.14
2.2
2.27
2.35
2.42
2.52
2.61
2.73
2.83
2.96
3.09
3.24
