0.79
0.8
0.79
0.79
0.8
0.79
0.79
0.79
0.79
0.8
0.8
0.81
0.81
0.82
0.82
0.83
0.83
0.84
0.84
0.84
0.84
0.85
0.86
0.87
0.87
0.89
0.89
0.9
0.9
0.9
0.91
0.93
0.94
0.96
0.96
0.98
1.0
1.01
1.02
1.04
1.05
1.08
1.09
1.12
1.14
1.16
1.18
1.21
1.24
1.28
1.31
1.34
1.38
1.42
1.47
1.5
1.55
1.61
1.64
1.71
1.76
1.83
1.9
1.98
2.07
2.14
2.64
3.07
3.07
3.09
3.07
3.07
3.07
3.35
5.63
5.61
5.59
5.56
5.54
5.53
5.53
5.52
5.5
7.84
7.85
7.88
7.91
7.7
7.71
7.82
8.03
8.03
8.04
8.05
8.2
10.36
10.39
10.43
10.45
10.49
10.54
10.58
10.12
9.56
9.03
8.58
8.16
7.78
3.96
3.22
2.8
2.52
2.27
2.06
1.92
1.81
1.72
1.6
1.53
1.45
1.39
1.34
1.29
1.24
1.19
1.15
1.13
1.08
1.05
1.02
0.99
0.97
0.95
0.92
0.91
0.89
0.87
0.86
0.83
0.82
0.81
0.8
0.78
0.77
0.76
0.75
0.73
0.72
0.71
0.7
0.69
0.68
0.67
0.67
0.67
0.66
0.65
0.65
0.63
0.63
0.62
0.62
0.61
0.61
0.62
0.62
0.59
0.59
0.58
0.58
0.57
0.57
0.57
0.56
0.57
0.57
0.56
0.56
0.56
0.56
