3.31
3.25
3.19
3.12
3.07
3.01
2.95
2.91
2.86
2.82
2.78
2.73
2.7
2.66
2.63
2.59
2.56
2.53
2.49
2.47
2.44
2.41
2.39
2.38
2.36
2.36
2.36
2.41
2.46
2.51
2.56
2.62
2.68
2.75
2.82
2.88
2.96
3.04
3.13
3.23
3.33
3.44
3.57
3.72
3.86
4.05
4.25
4.5
4.77
5.12
5.54
6.15
7.1
19.5
19.82
22.75
24.09
23.38
17.19
9.63
8.29
7.44
6.76
6.2
5.74
5.34
4.96
4.66
4.4
4.14
4.04
4.05
4.12
6.62
6.66
3.13
3.04
2.91
2.92
2.95
2.97
3.0
3.04
3.07
3.1
3.14
3.17
3.22
3.26
3.3
3.34
3.4
3.45
3.49
3.55
3.6
3.66
3.72
3.8
3.86
3.93
4.02
4.1
4.19
4.29
4.39
4.5
4.61
4.72
4.85
4.98
5.12
5.28
2.11
2.09
2.07
2.05
2.04
2.02
1.17
0.92
0.91
0.91
0.91
0.91
0.91
0.89
0.89
0.88
0.88
0.87
0.86
0.87
0.86
0.87
0.91
2.15
2.16
2.15
2.14
2.15
2.14
2.15
2.14
2.14
2.15
2.15
2.14
2.13
2.14
2.16
2.18
2.2
2.2
3.47
3.57
3.51
3.4
3.43
3.42
3.43
4.67
4.45
4.22
4.24
4.26
4.29
4.33
4.67
4.54
4.46
4.49
4.54
4.57
4.72
5.44
5.51
5.58
5.66
5.72
