0.96
0.96
0.97
0.97
0.97
0.98
0.98
0.98
0.99
0.99
1.0
1.01
1.02
1.02
1.03
1.04
1.05
1.05
1.06
1.07
1.09
1.09
1.1
1.11
1.12
1.13
1.15
1.16
1.18
1.19
1.21
1.23
1.24
1.26
1.28
1.3
1.33
1.36
1.39
1.41
1.43
1.47
1.49
1.53
1.57
1.6
1.64
1.68
1.72
1.79
1.83
1.89
1.95
2.03
2.11
2.19
2.28
2.37
2.52
2.61
2.76
2.93
3.17
3.41
3.79
4.24
4.98
16.22
16.21
16.22
16.24
19.41
20.81
20.08
20.09
13.91
6.35
6.35
5.16
4.71
4.33
4.02
3.74
3.5
3.3
3.13
2.95
2.81
2.67
2.55
2.44
2.33
2.25
2.15
2.08
2.01
1.93
1.87
1.82
1.76
1.71
1.67
1.62
1.59
1.55
1.51
1.47
1.44
1.41
1.38
1.34
1.32
1.29
1.28
1.26
1.23
1.21
1.2
1.19
1.16
1.15
1.14
1.13
1.12
1.11
1.09
1.07
1.06
1.08
1.12
1.14
1.2
4.77
4.73
4.69
4.66
3.77
4.6
4.57
4.54
2.45
4.5
4.47
4.45
4.07
4.34
4.4
4.39
4.36
2.82
4.35
4.34
4.33
4.32
4.32
4.31
4.27
4.27
4.31
4.31
4.31
4.31
4.32
4.32
4.33
4.09
3.59
3.21
2.9
1.95
1.68
1.46
1.28
1.14
1.15
1.15
1.15
1.13
1.05
1.04
