1.09
1.08
1.08
1.07
1.06
1.05
1.05
1.04
1.04
1.03
1.03
1.02
1.02
1.02
1.01
1.01
1.01
1.0
1.0
1.0
1.0
1.0
1.0
0.99
1.0
1.0
1.0
1.0
1.0
1.0
1.0
1.0
1.01
1.02
1.02
1.02
1.02
1.03
1.04
1.04
1.05
1.06
1.06
1.07
1.08
1.09
1.09
1.09
1.1
1.11
1.13
1.14
1.15
1.17
1.18
1.19
1.2
1.22
1.24
1.25
1.27
1.29
1.31
1.32
1.33
1.36
1.38
1.41
1.43
1.46
1.49
1.52
1.55
1.58
1.62
1.67
1.7
1.73
1.78
1.82
1.88
1.93
1.99
2.04
2.11
2.18
2.26
2.33
2.43
2.53
2.63
2.74
2.87
3.02
3.16
3.32
3.52
3.74
3.99
4.28
4.63
5.02
5.5
17.51
10.16
10.13
10.01
13.71
10.91
14.41
81.83
81.83
81.83
81.83
8.59
81.83
81.83
81.83
81.83
81.83
81.83
7.73
81.83
81.83
81.83
81.83
81.83
6.93
6.97
7.03
7.04
3.56
3.39
3.23
3.08
2.95
2.83
2.72
2.62
2.52
2.44
2.37
2.29
2.22
2.16
2.1
2.05
1.99
1.94
1.88
1.83
1.8
1.76
1.72
1.68
1.64
1.62
1.58
1.56
1.53
1.5
1.49
1.46
1.45
1.5
1.47
1.38
1.36
1.34
1.33
1.32
1.3
1.29
1.27
1.26
1.24
1.23
1.24
1.22
1.23
