0.71
0.7
0.71
0.7
0.7
0.7
0.71
0.71
0.71
0.71
0.71
0.72
0.72
0.72
0.72
0.72
0.73
0.73
0.73
0.73
0.73
0.74
0.75
0.74
0.74
0.75
0.76
0.76
0.77
0.77
0.79
0.79
0.8
0.8
0.82
0.81
0.83
0.85
0.86
0.87
0.87
0.89
0.91
0.92
0.94
0.96
0.98
1.01
1.01
1.03
1.05
1.08
1.09
1.11
1.14
1.17
1.21
1.23
1.27
1.31
1.35
1.38
1.43
1.48
1.52
1.58
1.64
1.71
1.78
1.87
1.94
2.03
2.32
2.76
6.64
6.6
6.56
6.55
6.5
6.48
5.68
5.63
5.63
5.63
6.37
6.45
6.46
6.45
5.17
5.07
5.07
5.06
5.08
6.42
6.32
5.67
5.66
5.69
1.99
1.95
1.95
1.95
1.96
1.96
1.97
1.97
1.98
1.99
2.0
2.01
2.02
2.03
2.04
2.05
2.06
2.07
2.08
2.1
2.12
2.14
2.16
2.18
2.21
2.23
2.26
2.28
2.31
2.34
2.37
2.41
2.44
2.47
2.5
2.54
2.58
2.63
2.66
2.72
2.77
2.82
2.89
2.94
3.01
3.08
3.16
3.24
3.31
3.39
3.48
3.57
3.66
3.77
3.89
4.01
4.15
4.29
4.44
4.61
4.78
4.98
5.19
5.46
6.64
6.55
6.51
6.68
7.08
7.55
8.06
8.7
9.42
10.3
11.26
14.5
14.56
14.62
81.83
81.83
81.83
16.22
