1.06
1.09
1.13
1.16
1.2
1.23
1.29
1.33
1.4
1.46
1.52
1.74
1.73
1.73
1.73
1.73
1.73
1.73
1.73
1.73
1.73
1.73
1.73
1.73
1.73
1.73
1.73
1.74
1.75
1.76
1.76
1.77
1.77
1.78
1.79
1.8
1.81
1.82
1.73
1.63
1.54
1.46
1.4
1.32
1.27
1.21
1.18
1.12
1.09
1.06
1.06
1.06
1.08
1.09
1.11
1.12
1.14
1.15
1.17
1.18
1.2
1.21
1.23
1.24
1.27
1.29
1.31
1.34
1.36
1.39
1.42
1.45
1.46
1.49
1.53
1.56
1.61
1.65
1.68
1.73
1.77
1.82
1.88
1.93
1.98
2.05
2.13
2.21
2.3
2.39
2.5
2.6
3.2
3.33
3.29
3.27
3.23
3.2
3.19
3.17
3.14
3.12
3.1
3.09
3.07
3.06
3.04
3.03
3.02
3.02
3.0
2.99
2.99
2.98
2.97
2.39
2.38
2.38
2.38
2.38
2.38
2.38
2.38
2.37
2.38
2.38
2.39
2.39
2.39
2.39
2.4
2.41
2.42
2.43
2.44
2.45
2.46
2.47
2.48
2.49
2.51
2.53
2.54
2.56
2.57
2.59
2.59
2.51
2.42
2.34
2.27
2.21
2.13
2.09
2.03
1.97
1.92
1.88
1.84
1.8
1.76
1.74
1.7
1.66
1.63
1.61
1.58
1.55
1.52
1.5
1.47
1.45
1.44
1.43
1.41
1.39
1.37
1.35
1.33
1.32
