1.92
2.01
2.09
2.36
2.4
2.44
2.49
2.53
2.57
2.53
2.5
2.48
2.43
2.28
2.29
2.34
2.38
5.11
5.1
5.07
5.07
5.04
5.03
5.03
7.45
7.5
7.92
8.39
8.92
9.51
10.19
11.03
11.02
12.71
14.37
16.01
16.02
22.44
22.44
2.15
1.91
1.92
2.1
1.47
1.48
1.49
1.48
1.49
1.48
1.47
1.47
1.48
1.49
1.5
1.52
1.51
1.52
1.53
1.65
2.18
2.18
2.19
2.21
2.21
2.23
2.24
2.26
2.28
2.3
2.31
2.33
2.37
2.39
2.4
2.43
2.45
2.48
2.5
1.42
1.39
1.37
1.42
1.39
1.4
1.4
1.41
1.17
1.18
1.19
1.43
1.45
1.56
3.08
1.5
1.5
2.95
2.9
2.79
2.77
2.79
2.75
2.72
2.69
2.67
2.65
2.62
2.6
2.57
2.55
2.53
2.51
2.49
2.48
2.47
2.44
2.43
2.41
2.41
2.4
2.39
2.36
1.62
1.59
1.58
1.58
1.58
1.57
1.56
1.57
1.57
1.57
1.57
1.57
1.57
1.57
1.56
1.57
1.56
1.58
1.58
1.57
1.57
1.59
1.61
1.62
1.62
1.62
1.63
1.64
1.65
1.8
2.42
2.42
2.45
2.46
2.48
2.5
2.51
2.53
2.56
2.58
2.61
1.38
1.3
1.27
1.25
1.25
1.27
1.3
1.35
1.32
2.92
1.26
1.22
1.2
1.15
1.16
1.17
3.12
3.07
