9.15
9.15
8.43
4.62
4.61
4.62
4.63
4.64
4.66
4.67
4.68
4.7
4.72
4.74
4.76
81.83
81.83
81.83
81.83
81.83
81.83
81.83
81.83
81.83
81.83
81.83
81.83
81.83
81.83
81.83
81.83
81.83
81.83
81.83
1.14
1.12
1.09
1.07
1.05
1.02
1.0
0.98
0.97
0.93
0.92
0.86
1.24
2.11
2.1
2.08
1.97
1.97
0.98
0.95
2.03
2.03
2.02
2.02
2.03
2.24
2.61
2.83
2.83
2.83
2.83
1.3
1.3
2.82
2.82
2.82
2.82
2.82
2.82
2.2
2.83
2.83
2.82
2.78
2.74
2.66
2.86
2.87
2.41
2.3
2.23
2.21
2.22
2.24
2.25
2.25
2.29
2.24
2.3
2.31
2.33
2.36
3.11
3.14
3.16
3.19
2.89
3.19
3.27
2.57
3.34
3.38
3.41
3.44
3.48
2.24
3.57
3.61
3.67
3.54
3.41
2.36
2.77
3.06
2.92
2.46
2.38
2.3
2.21
2.19
2.21
2.22
2.25
2.27
2.27
2.21
2.16
1.2
1.11
2.03
2.0
1.97
1.93
1.9
1.87
1.85
1.8
1.31
1.74
1.74
1.71
1.69
1.67
1.65
1.63
1.61
1.6
1.58
1.58
1.56
1.55
1.53
1.52
1.51
1.52
1.59
1.66
1.72
4.9
4.88
4.85
2.67
2.65
2.66
2.66
2.91
3.18
2.69
2.78
3.18
5.02
5.87
7.12
9.01
10.71
14.49
