81.83
81.83
81.83
81.83
81.83
81.83
81.83
81.83
4.35
3.76
3.37
3.06
2.75
2.52
2.33
2.19
2.04
1.93
1.81
1.7
1.61
1.53
1.47
1.4
1.34
1.29
1.23
1.18
1.14
1.09
1.05
1.03
0.99
0.96
0.92
0.9
0.89
0.87
0.87
0.84
0.8
0.78
0.77
0.75
0.73
0.71
0.7
0.7
0.69
0.67
0.67
0.65
0.64
0.63
0.63
0.62
0.61
0.6
0.6
0.6
0.59
0.57
0.57
0.57
0.56
0.56
0.55
0.55
0.55
0.54
0.54
0.54
0.53
0.54
0.53
0.53
0.53
0.53
0.52
0.52
0.52
0.52
0.52
0.52
0.51
0.51
0.51
0.51
0.5
0.51
0.5
0.5
0.5
0.5
0.51
0.51
0.51
0.51
0.51
0.51
0.51
0.51
0.52
0.52
0.52
0.52
0.51
0.52
0.52
0.53
0.52
0.53
0.53
0.54
0.54
0.55
0.54
0.55
0.54
0.55
0.56
0.56
0.57
0.58
0.6
0.6
0.61
0.61
0.63
0.63
0.64
0.65
0.65
0.66
0.67
0.7
0.7
0.72
4.44
4.36
4.3
4.24
4.18
2.17
2.16
2.14
2.11
2.09
2.08
2.06
2.05
2.04
2.02
2.01
2.0
1.74
1.73
1.71
1.7
1.69
1.67
1.66
1.63
1.66
1.74
1.84
1.94
2.07
2.21
2.38
2.58
2.83
3.09
3.43
3.88
4.43
5.17
6.19
7.5
7.5
