1.93
1.97
2.01
2.06
2.11
2.16
2.21
2.28
2.35
2.28
2.28
2.27
2.24
2.24
2.23
2.21
2.18
2.17
2.11
2.1
2.24
2.24
2.23
2.2
2.18
2.17
2.15
2.12
2.12
2.12
2.35
2.75
2.76
2.75
1.48
1.48
1.5
2.74
2.74
2.74
2.74
2.76
2.75
2.75
2.76
2.76
2.76
2.77
2.78
2.79
2.79
2.79
2.81
2.81
2.84
2.84
2.86
2.87
2.89
2.9
2.92
2.94
2.96
2.98
3.01
2.95
1.98
1.66
1.62
1.56
1.55
1.55
1.57
1.25
1.21
1.2
1.16
1.13
1.1
1.09
1.06
1.04
1.02
1.0
0.98
0.93
0.95
0.98
1.0
1.03
1.05
1.08
1.1
1.12
1.16
1.19
1.22
1.25
1.29
1.29
1.29
1.33
1.36
1.41
1.47
1.5
6.9
7.19
7.5
8.84
8.76
8.77
9.14
9.67
10.25
10.94
11.74
12.67
16.73
16.73
16.79
81.83
4.04
3.44
2.98
2.94
2.95
2.96
2.97
2.99
3.0
3.62
3.62
3.6
3.6
3.62
3.73
3.74
3.76
3.77
3.79
3.79
3.81
3.83
3.85
3.87
3.88
3.9
3.93
3.95
3.97
4.0
4.03
4.06
4.09
4.12
4.15
4.2
4.24
4.27
4.22
4.22
4.26
4.34
4.39
4.44
4.49
4.55
4.61
1.83
1.75
1.75
1.73
1.71
1.67
1.63
1.61
1.65
1.63
1.6
