3.14
3.18
3.18
3.2
3.24
3.26
3.29
3.31
2.26
2.28
2.31
2.27
2.26
2.11
2.08
2.09
2.08
2.25
2.22
2.24
2.26
2.26
3.45
3.39
3.33
3.28
3.22
3.18
3.13
3.09
3.04
3.01
2.95
2.93
1.96
1.93
1.92
1.91
1.88
1.86
1.92
1.93
1.91
1.89
1.88
1.87
1.85
1.84
1.84
1.87
1.86
1.86
1.85
2.22
2.42
2.34
2.42
4.71
4.7
4.68
4.67
4.67
4.65
4.65
4.64
4.64
4.63
4.63
4.63
4.63
4.64
4.64
4.64
4.65
4.66
4.67
4.68
4.69
4.71
4.73
4.74
4.76
4.78
4.81
4.83
4.85
4.88
4.9
4.92
7.34
7.3
7.27
7.24
7.21
7.19
6.73
7.06
7.45
5.99
7.68
7.65
7.61
6.2
6.19
6.35
6.38
81.83
81.83
17.71
17.8
19.36
19.14
19.09
81.83
81.83
10.18
10.27
81.83
7.95
7.75
6.06
5.78
7.82
3.46
2.34
2.26
2.01
1.99
1.97
1.95
1.94
1.93
1.91
1.9
1.89
1.9
2.02
2.13
2.13
2.11
2.09
2.09
2.07
2.07
2.06
1.96
1.94
1.92
1.91
1.91
1.9
1.9
1.91
1.91
1.91
1.9
1.89
1.95
2.03
1.74
1.4
1.38
1.94
2.0
2.05
2.66
2.67
2.67
2.68
2.7
2.71
2.71
2.73
2.74
2.75
2.77
2.79
2.8
2.82
2.84
