1.35
1.34
1.33
1.33
1.33
1.32
1.33
1.33
1.32
1.33
1.32
1.33
1.32
1.37
4.19
4.24
4.29
4.33
4.38
4.38
4.45
4.57
4.62
1.73
1.71
1.72
4.93
4.86
4.8
1.11
1.08
1.08
1.1
4.14
4.01
4.01
4.03
3.58
3.43
3.4
3.36
3.32
3.22
3.18
3.14
3.12
3.12
3.19
3.31
3.45
3.6
3.76
3.94
4.15
4.37
6.13
6.1
6.08
6.06
6.04
6.01
5.99
5.99
5.98
5.96
5.95
5.94
3.48
3.46
3.44
3.42
3.4
3.42
3.63
3.87
4.19
4.55
5.01
5.67
17.58
17.61
17.66
81.83
13.64
12.62
11.89
11.9
10.33
9.76
9.19
8.74
8.32
7.94
7.59
7.29
6.99
6.72
6.48
6.27
6.26
6.31
6.38
9.07
8.82
8.63
8.66
8.77
8.86
81.83
9.0
9.01
10.31
10.48
9.16
10.64
10.41
10.26
10.09
9.94
3.53
3.43
81.83
81.83
81.83
81.83
81.83
81.83
81.83
81.83
2.57
81.83
81.83
81.83
81.83
81.83
81.83
81.83
81.83
81.83
1.55
1.55
81.83
81.83
1.64
1.62
81.83
81.83
81.83
81.83
81.83
81.83
81.83
81.83
81.83
81.83
81.83
81.83
81.83
81.83
81.83
81.83
81.83
81.83
81.83
81.83
81.83
81.83
81.83
81.83
81.83
81.83
6.51
1.28
81.83
3.95
81.83
4.77
4.76
4.52
3.92
