0.96
0.96
0.95
0.96
0.96
0.96
0.96
0.97
0.97
0.98
0.98
0.99
0.99
1.0
1.01
1.01
1.01
1.01
1.02
1.02
1.03
1.04
1.04
1.05
1.06
1.07
1.09
1.1
1.11
1.12
1.12
1.14
1.16
1.17
1.18
1.2
1.21
1.23
1.25
1.27
1.29
1.32
1.35
1.36
1.38
1.41
1.44
1.47
1.51
1.53
1.56
1.59
1.64
1.68
1.73
1.76
1.8
1.87
1.92
1.98
2.04
2.12
2.19
2.26
2.37
2.47
2.57
2.59
2.58
2.56
2.55
2.54
2.52
2.52
3.06
4.3
4.66
5.09
4.34
6.24
7.07
6.73
7.51
7.78
14.06
13.94
15.19
15.21
15.23
81.83
10.49
8.13
6.45
5.3
4.75
3.78
3.54
3.56
3.57
3.57
3.59
3.6
3.62
3.64
3.65
3.67
3.69
3.72
3.74
3.76
3.79
3.81
3.84
3.87
3.91
3.94
3.98
4.02
4.06
2.44
2.36
2.3
2.23
2.17
2.11
2.07
2.02
1.97
1.93
1.89
1.86
1.82
1.79
1.76
1.72
1.72
1.7
1.65
1.62
1.59
1.57
1.55
1.53
1.52
1.49
1.47
1.46
1.44
1.44
1.43
1.41
1.39
1.38
1.37
1.36
1.35
1.34
1.33
1.33
1.32
1.31
1.31
1.3
1.3
1.29
1.29
1.28
1.28
1.28
1.28
1.27
1.28
1.27
1.27
1.27
1.27
1.28
1.27
1.27
1.27
