6.42
6.49
6.44
6.29
2.37
2.34
2.31
2.27
2.23
2.2
2.17
2.14
2.11
2.08
1.8
1.78
1.75
1.72
1.71
1.67
1.62
1.63
1.67
1.72
1.76
1.81
1.86
1.88
1.88
1.86
1.84
1.82
1.81
1.8
1.79
1.77
1.75
1.74
1.73
1.73
1.72
1.71
1.7
1.69
1.68
1.67
1.68
1.73
1.74
1.93
2.22
2.57
3.22
3.88
3.88
3.88
3.88
3.88
3.88
3.88
3.88
3.89
3.89
3.9
3.91
3.91
3.92
3.93
3.95
3.96
3.98
4.0
4.02
4.03
4.06
4.08
4.1
4.09
3.91
3.75
3.61
3.46
3.35
3.24
3.14
3.03
2.94
2.86
2.78
2.71
2.63
2.57
2.52
2.46
2.4
2.34
2.31
2.25
2.22
2.17
2.13
2.09
2.06
2.02
1.99
1.96
1.93
1.91
1.89
1.86
1.83
1.82
1.8
1.77
1.75
1.74
1.72
1.7
1.69
1.67
1.65
1.64
1.63
1.62
1.61
1.6
1.59
1.57
1.57
1.63
1.72
1.79
2.84
2.76
2.74
2.74
2.73
2.95
3.32
3.75
4.31
5.12
6.24
7.68
21.93
18.45
18.45
15.85
15.67
15.73
9.81
8.17
6.99
5.86
5.83
4.35
3.93
3.58
3.3
3.04
2.82
2.63
2.47
2.32
2.2
2.08
1.97
1.88
1.82
1.75
1.69
1.63
1.59
1.58
1.6
1.61
1.62
1.64
1.66
1.68
