2.67
2.69
2.72
2.74
2.78
2.8
2.82
2.85
2.89
2.91
2.95
2.98
3.02
3.05
3.12
3.16
3.21
3.27
3.32
3.37
3.42
3.49
3.55
3.6
6.97
6.71
6.68
6.75
7.05
7.11
5.68
5.5
5.34
5.19
5.06
4.93
4.82
4.7
4.59
4.48
4.39
4.29
4.21
4.12
4.06
3.98
3.91
3.86
3.82
3.73
3.66
3.62
3.56
3.5
3.47
3.42
3.37
3.32
3.29
3.25
3.21
3.18
3.15
3.12
3.09
3.07
3.03
3.03
2.99
2.96
2.95
2.93
2.91
2.9
2.89
2.88
2.86
2.85
2.84
2.83
2.82
2.82
2.8
2.81
2.8
2.8
2.81
3.36
3.64
3.94
3.91
6.41
6.32
6.32
6.37
5.96
7.34
7.32
7.37
6.66
6.66
6.66
6.65
6.63
6.62
7.07
7.22
7.3
7.5
2.87
2.72
2.6
2.46
2.35
2.25
2.18
2.1
2.02
1.95
1.88
1.82
1.78
1.72
1.67
1.62
1.59
1.54
1.5
1.46
1.42
1.4
1.37
1.33
1.3
1.27
1.25
1.23
1.22
1.19
1.17
1.15
1.14
1.12
1.1
1.09
1.07
1.06
1.05
1.04
1.03
1.03
1.01
1.0
1.0
0.99
0.98
0.97
0.97
0.97
0.99
1.06
1.11
1.17
1.21
3.67
3.65
3.64
3.62
3.6
3.59
3.59
3.45
3.57
3.56
3.55
3.54
3.53
3.54
3.53
3.53
