0.57
0.57
0.56
0.57
0.56
0.57
0.56
0.56
0.56
0.56
0.56
0.56
0.57
0.57
0.56
0.56
0.56
0.56
0.57
0.57
0.57
0.57
0.57
0.57
0.57
0.58
0.57
0.58
0.59
0.59
0.59
0.59
0.59
0.59
0.61
0.61
0.62
0.63
0.64
0.64
0.65
0.65
0.66
0.67
0.68
0.69
0.7
0.71
0.71
0.72
0.73
0.74
0.75
0.77
0.78
0.8
0.82
0.83
0.84
0.87
0.89
0.91
0.93
0.96
0.97
1.0
1.03
1.05
1.08
1.12
1.15
1.18
1.21
1.28
2.42
2.4
2.38
2.38
2.37
2.35
2.34
2.33
2.32
2.31
2.3
2.29
2.29
2.28
2.27
2.26
2.26
2.27
2.27
2.27
2.27
2.26
2.27
2.26
2.26
2.27
2.27
2.29
2.3
2.31
2.31
2.32
2.33
2.34
2.36
2.37
2.38
2.39
2.41
2.42
2.44
2.46
2.48
2.5
2.51
2.54
2.55
2.58
2.61
2.64
2.66
2.71
2.74
2.78
2.82
2.87
2.91
2.96
3.01
3.06
3.12
3.18
3.24
3.3
3.38
3.45
3.53
3.62
3.7
3.8
3.9
4.01
4.14
4.29
4.44
4.6
4.83
4.87
4.82
4.6
4.79
0.68
0.67
0.66
0.65
0.65
0.63
0.64
0.63
0.63
0.61
0.6
0.6
0.6
0.6
0.59
0.6
0.59
0.59
0.59
0.58
0.58
0.57
0.56
0.65
0.65
