3.6
3.6
3.6
3.61
3.61
3.61
3.62
3.63
3.65
3.66
3.67
3.55
3.33
3.11
2.94
2.78
2.63
2.5
2.4
2.29
2.19
2.1
2.02
1.95
1.89
1.43
1.38
1.34
1.3
1.25
1.23
1.2
1.16
1.14
1.11
1.1
1.09
1.1
1.11
1.13
1.14
1.16
1.18
1.18
1.16
1.15
1.14
1.13
1.1
1.09
1.07
1.06
1.04
1.03
1.03
1.01
1.0
0.99
0.98
0.97
0.96
0.96
0.95
0.94
0.93
0.91
0.91
0.9
0.89
0.89
0.89
0.88
0.88
0.88
0.88
0.87
0.87
0.86
0.86
0.86
0.85
0.85
0.85
0.85
0.85
0.84
0.84
0.84
0.84
0.84
0.84
0.84
0.84
0.84
0.85
0.85
0.86
0.86
0.86
0.86
0.87
0.87
0.88
0.88
0.88
0.88
0.89
0.9
0.9
0.91
0.92
0.92
0.93
0.94
0.95
0.96
0.97
0.98
0.98
0.99
1.01
1.03
1.03
1.05
1.06
1.08
1.1
1.11
1.13
1.14
1.16
1.16
1.18
1.19
1.21
1.24
1.27
1.3
1.32
1.35
1.39
1.42
1.45
1.49
1.53
1.58
1.62
1.66
1.71
1.76
1.82
1.88
1.94
2.01
2.07
2.04
2.03
2.02
2.01
1.99
1.98
1.98
1.96
1.95
1.94
1.93
1.93
1.92
1.92
1.91
1.91
1.91
1.91
1.9
1.9
1.9
1.9
1.9
1.89
1.89
