2.78
2.01
2.02
2.01
2.02
2.02
2.03
2.03
2.02
2.01
2.02
2.03
2.06
2.07
2.04
2.09
2.09
2.1
2.13
2.15
2.15
2.16
2.16
2.18
2.97
3.01
3.03
3.07
3.09
3.1
2.53
2.5
2.5
2.71
2.57
2.29
2.67
3.07
3.18
3.21
3.52
3.59
3.64
3.7
3.77
3.7
3.63
3.56
3.51
3.45
3.34
3.35
3.29
3.25
3.2
3.17
3.12
3.09
3.06
3.02
3.01
2.97
2.93
2.12
2.12
2.1
2.08
2.06
2.01
2.0
1.88
1.9
1.93
1.92
1.88
1.88
1.86
1.87
1.86
1.84
1.82
1.83
1.82
1.83
1.83
1.84
1.86
1.75
1.72
1.69
1.69
1.71
1.74
1.77
1.78
1.81
1.76
1.32
1.29
2.01
1.99
2.09
1.9
1.88
2.41
2.26
2.43
1.97
1.98
2.62
2.46
2.11
2.11
2.13
2.14
2.16
2.16
2.17
2.19
2.2
2.21
2.22
2.2
2.16
2.17
2.19
2.21
2.23
2.97
3.05
3.28
3.33
3.39
3.43
3.5
3.55
3.41
3.36
3.35
3.42
3.49
3.57
3.66
4.01
3.95
3.89
3.85
3.79
3.76
3.71
3.67
3.63
3.6
3.55
3.52
3.5
3.45
3.44
3.44
2.08
2.04
3.34
3.29
2.54
2.52
2.49
2.51
2.5
2.46
2.46
2.45
2.41
2.42
2.41
2.39
2.38
2.4
2.42
2.4
2.39
