6.71
6.76
6.82
6.87
6.94
4.56
81.83
81.83
81.83
81.83
81.83
81.83
3.81
81.83
81.83
81.83
81.83
81.83
81.83
81.83
81.83
81.83
3.24
4.25
3.07
4.2
4.17
4.15
4.18
3.42
4.7
4.94
4.92
4.91
4.89
4.86
4.32
4.85
4.49
4.45
4.46
4.39
4.1
4.11
4.1
4.11
4.06
4.05
2.54
2.46
4.78
4.79
4.8
4.3
3.76
2.4
4.82
4.83
4.84
3.77
3.46
3.41
3.05
2.13
2.13
2.13
2.13
2.13
2.13
2.13
2.1
2.24
2.3
5.14
5.17
5.2
5.23
5.27
5.11
4.87
4.65
4.55
4.57
4.61
4.65
4.67
4.72
4.77
4.82
4.87
4.92
4.97
2.52
2.4
2.36
2.41
2.43
2.27
2.27
2.29
2.33
2.35
2.39
2.41
2.44
2.48
0.82
0.81
0.79
0.77
0.75
0.74
0.72
0.74
0.75
0.77
0.79
0.81
0.83
0.84
0.86
0.88
0.9
0.94
0.95
0.98
1.02
1.05
1.07
1.11
1.15
1.18
1.24
1.28
1.35
1.4
1.46
1.53
1.61
1.69
1.77
1.88
2.0
1.99
1.99
1.97
1.97
1.96
1.96
1.95
1.94
1.94
1.94
1.93
1.93
1.93
1.93
1.93
1.93
1.93
1.93
1.93
1.93
1.94
1.94
1.95
1.95
1.96
1.97
1.98
1.98
2.0
2.0
2.0
2.01
2.03
2.04
2.05
2.07
2.08
