3.88
3.85
3.88
81.83
1.72
1.69
4.05
4.06
3.71
3.61
3.51
3.42
3.35
2.16
2.13
2.45
3.05
2.98
2.92
2.86
2.8
2.73
1.53
1.53
2.81
2.86
2.92
2.97
2.79
3.11
3.14
1.58
1.52
3.03
2.26
2.25
2.23
2.21
2.12
1.84
2.18
2.23
2.37
2.53
2.78
2.98
3.24
3.61
6.59
6.59
13.76
13.21
3.95
12.21
11.78
11.38
10.99
10.64
10.32
10.01
9.84
9.91
81.83
81.83
81.83
81.83
81.83
12.81
14.01
81.83
81.83
12.83
13.9
81.83
81.83
81.83
5.08
5.18
5.08
81.83
81.83
81.83
4.39
8.41
6.25
2.92
2.89
2.85
2.83
2.8
2.71
2.66
2.69
2.7
2.72
2.97
3.67
6.34
6.63
10.23
10.17
10.12
10.07
10.04
81.83
81.83
81.83
9.88
1.77
81.83
81.83
81.83
81.83
81.83
81.83
81.83
81.83
81.83
81.83
81.83
81.83
0.93
0.91
81.83
81.83
81.83
1.04
1.01
81.83
0.91
1.16
1.14
1.12
1.12
1.1
1.08
1.08
1.07
1.05
1.05
1.04
1.02
0.99
1.01
1.0
1.0
0.99
0.98
0.96
0.96
0.95
0.95
0.94
0.93
0.93
0.93
0.93
0.92
0.91
0.91
0.9
0.9
0.88
0.87
0.86
0.86
0.86
0.86
0.87
0.87
0.88
0.86
0.84
0.87
0.87
0.88
0.87
0.86
0.86
0.86
