1.1
1.1
1.1
1.1
1.1
1.1
1.1
1.1
1.1
1.1
1.1
1.1
1.11
1.11
1.04
0.95
0.88
0.82
0.77
0.72
0.68
0.65
0.61
0.59
0.56
0.54
0.52
0.51
0.48
0.48
0.48
0.49
0.5
0.5
0.5
0.48
0.48
0.48
0.49
0.49
0.5
0.51
0.52
0.53
0.53
0.54
0.55
0.55
0.56
0.58
0.58
0.59
0.61
0.62
0.63
0.64
0.65
0.66
0.69
0.7
0.73
0.75
0.77
0.79
0.82
0.84
0.87
0.9
0.95
0.99
1.03
1.07
1.12
1.18
1.24
1.3
1.37
1.46
1.54
1.65
1.77
6.06
6.04
6.02
6.02
6.96
7.9
8.69
8.72
8.7
8.7
8.69
8.69
8.79
8.79
8.79
8.79
8.8
6.4
5.5
4.79
4.77
4.76
4.75
4.74
4.72
4.71
4.7
4.68
4.69
4.7
4.68
4.68
4.7
4.71
4.73
4.73
4.74
2.68
2.58
2.51
2.42
2.35
2.29
2.22
2.15
2.1
2.04
1.99
1.95
1.89
1.86
1.82
1.79
1.75
1.71
1.68
1.65
1.62
1.59
1.57
1.54
1.52
1.51
1.49
1.47
1.45
1.42
1.41
1.39
1.37
1.36
1.35
1.33
1.31
1.3
1.29
1.28
1.26
1.26
1.25
1.24
1.23
1.22
1.21
1.21
1.2
1.19
1.19
1.19
1.18
1.17
1.17
1.17
1.16
1.16
1.16
1.15
1.15
1.15
