0.84
0.85
0.86
0.87
0.88
0.89
81.83
81.83
3.17
3.27
3.17
3.16
81.83
81.83
81.83
7.01
6.96
10.37
10.89
11.11
10.87
12.39
10.46
12.17
11.29
11.68
11.71
81.83
10.18
10.14
10.33
8.27
8.24
8.16
8.03
7.98
8.23
8.58
8.93
9.32
9.75
10.3
10.76
11.36
2.97
3.24
3.22
5.12
3.74
2.69
5.83
5.83
5.82
5.8
5.8
2.53
2.51
2.48
2.45
2.43
2.4
2.38
2.36
2.34
2.31
2.29
2.29
2.27
2.25
2.24
2.23
2.21
2.2
2.19
2.17
2.16
2.16
2.15
2.15
2.15
2.14
2.12
2.12
2.11
2.11
2.11
2.11
2.11
2.11
2.11
2.11
2.11
2.12
4.99
5.04
5.1
5.16
5.17
5.3
2.52
2.49
5.52
1.87
1.85
5.66
5.57
5.46
5.43
4.96
5.06
4.76
4.76
4.27
4.15
4.1
4.03
3.9
3.84
3.81
3.85
3.95
4.08
4.2
4.33
4.48
4.64
4.83
5.02
5.24
6.77
6.72
6.68
6.65
6.61
6.58
6.55
6.52
4.0
3.97
3.94
3.9
3.94
4.08
4.24
4.4
4.58
4.81
5.06
5.36
5.7
6.1
6.67
7.53
17.88
17.91
17.93
17.96
17.99
81.83
81.83
12.57
12.18
10.49
9.68
9.02
8.46
7.91
7.5
7.06
6.7
6.41
6.4
6.46
7.35
9.2
9.27
9.3
81.83
8.68
8.75
