1.12
1.12
1.12
1.12
1.13
1.13
1.13
1.13
1.14
1.14
1.14
1.15
1.15
1.16
1.16
1.17
1.17
1.18
1.19
1.19
1.2
1.2
1.21
1.22
1.24
1.24
1.26
1.28
1.29
1.29
1.3
1.31
1.33
1.35
1.37
1.39
1.4
1.42
1.44
1.46
1.48
1.51
1.53
1.55
1.57
1.6
1.64
1.66
1.7
1.73
1.76
1.8
1.85
1.89
1.94
1.99
2.04
2.1
2.15
2.22
2.3
2.37
2.45
2.54
2.62
2.72
2.85
2.96
3.09
5.59
81.83
5.03
5.3
12.17
11.76
10.99
7.59
7.54
7.51
7.44
7.51
81.83
10.49
81.83
81.83
81.83
81.83
81.83
81.83
5.9
6.0
81.83
5.91
81.83
81.83
81.83
81.83
81.83
81.83
81.83
5.12
81.83
81.83
81.83
81.83
81.83
81.83
81.83
81.83
81.83
4.36
4.42
4.45
4.49
4.53
4.56
4.58
4.46
4.34
4.29
4.53
4.58
4.46
4.34
4.24
4.13
4.18
4.25
4.3
3.87
3.91
3.98
4.04
4.48
4.44
4.54
4.62
4.7
6.0
6.07
6.21
4.42
4.42
1.25
1.22
1.2
1.2
1.19
1.17
1.16
1.14
1.14
1.13
1.12
1.11
1.1
1.09
1.08
1.08
1.07
1.06
1.06
1.06
1.05
1.04
1.04
1.03
1.03
1.04
1.03
1.03
1.02
1.01
1.02
1.02
1.02
1.02
1.01
1.02
1.02
