2.64
2.61
2.62
2.58
2.59
2.54
2.53
2.52
2.49
2.48
2.47
2.44
2.42
2.41
2.42
2.51
4.41
4.44
3.85
3.87
4.12
4.12
4.12
4.18
3.94
3.88
3.88
3.9
3.98
3.99
3.98
4.03
4.79
4.82
4.52
4.5
4.93
4.97
5.02
4.0
5.11
5.15
5.2
4.21
4.95
2.65
3.72
3.72
3.74
3.75
2.75
2.74
3.37
3.26
3.15
3.06
2.97
2.87
2.79
2.71
2.69
2.71
2.75
2.78
2.8
2.81
5.93
6.06
6.17
6.29
6.43
6.56
6.89
7.3
7.23
3.55
3.51
3.5
3.51
3.46
3.45
3.5
3.59
3.67
3.75
3.87
3.97
4.07
4.29
4.64
4.79
4.95
5.12
5.31
5.51
5.74
6.0
2.23
2.22
2.2
2.2
2.27
2.41
2.56
2.73
2.94
3.18
3.45
3.52
3.51
3.51
3.5
3.5
3.49
3.49
3.49
3.49
3.49
3.49
3.49
3.49
3.49
3.49
3.5
3.5
3.5
3.51
3.52
3.53
3.54
3.35
3.04
2.85
2.67
2.5
2.37
2.26
2.15
2.04
1.96
1.87
1.8
1.38
1.3
1.24
1.2
1.16
1.14
1.1
1.11
1.09
1.06
1.03
1.01
1.0
0.95
0.99
1.01
1.01
1.01
1.01
1.03
1.03
1.02
1.0
0.97
0.95
0.96
0.94
0.93
0.91
0.9
0.88
0.88
0.88
0.87
0.86
0.85
0.84
0.83
