0.71
0.71
0.71
0.71
0.72
0.71
0.71
0.72
0.71
0.72
0.72
0.72
0.73
0.73
0.74
0.74
0.75
0.76
0.76
0.76
0.77
0.77
0.77
0.77
0.78
0.78
0.78
0.79
0.8
0.81
0.82
0.83
0.84
0.85
0.87
0.87
0.88
0.89
0.91
4.56
4.47
4.37
4.29
4.22
4.14
4.05
3.97
3.91
3.85
3.77
3.76
3.81
7.6
7.78
5.37
7.59
7.49
7.4
7.32
4.98
7.17
7.09
3.2
3.19
3.15
3.13
3.1
3.11
3.18
3.33
3.47
3.64
3.83
4.04
4.26
4.53
4.83
5.23
5.63
6.09
6.3
6.27
6.27
6.25
6.23
6.23
6.22
6.21
6.21
6.2
6.2
6.2
6.21
6.21
5.21
4.0
3.51
3.47
3.47
3.48
3.49
3.5
3.5
3.52
3.53
3.55
3.56
3.56
3.36
3.18
3.01
2.88
2.75
2.62
2.66
2.7
2.72
2.75
2.76
6.23
6.29
6.34
6.56
6.52
6.57
6.62
6.9
7.59
7.67
7.77
7.88
8.0
8.11
8.25
6.37
8.09
7.95
7.82
7.69
6.55
6.47
6.36
6.28
4.24
4.19
4.16
4.12
4.07
4.04
3.8
3.74
3.71
3.67
3.68
3.8
3.89
3.88
3.85
3.82
3.8
3.77
3.74
3.72
3.71
3.69
3.73
3.92
4.21
4.49
4.86
5.83
5.82
5.81
5.78
5.77
5.76
5.75
5.75
5.75
5.74
