5.39
5.39
5.39
6.05
5.42
5.42
5.44
1.84
1.66
1.65
1.65
1.66
1.66
1.67
1.67
1.67
1.68
1.68
1.7
1.65
1.56
1.51
1.43
1.39
1.33
1.28
1.25
1.2
1.16
1.13
1.13
1.14
1.14
1.13
1.13
1.13
1.15
1.17
1.19
1.2
1.22
1.25
1.27
1.28
1.31
1.34
1.36
1.38
1.41
1.44
1.48
1.5
1.55
1.57
1.61
1.66
1.7
1.75
1.79
1.85
1.91
1.98
2.04
2.12
2.18
2.27
2.93
3.01
2.99
2.97
2.95
2.93
2.91
2.91
2.9
2.89
2.87
2.86
2.85
2.84
2.83
2.83
2.83
2.82
2.81
2.81
2.8
2.8
2.8
2.8
2.8
2.81
2.81
2.81
2.82
2.83
2.83
2.83
2.83
2.84
2.86
2.87
2.88
2.9
2.91
2.85
2.69
2.54
2.42
2.3
2.21
2.12
2.03
1.95
1.88
1.81
1.75
1.7
1.65
1.59
1.55
1.51
1.47
1.44
1.4
1.37
1.34
1.3
1.27
1.26
1.23
1.2
1.18
1.16
1.13
1.12
1.11
1.08
1.07
1.05
1.03
1.01
1.01
1.01
0.99
0.98
0.96
0.95
0.94
0.94
0.93
0.92
0.91
0.9
0.89
0.88
0.87
0.87
0.87
0.86
0.86
0.85
0.85
0.84
0.83
0.83
0.83
0.82
0.82
0.82
0.82
0.81
0.81
0.81
0.82
0.8
0.81
0.81
0.82
0.82
