1.49
1.48
1.47
1.45
1.44
1.43
1.42
1.41
1.4
1.4
1.39
1.38
1.36
1.36
1.35
1.34
1.34
1.34
1.34
1.33
1.33
1.32
1.32
1.32
1.31
1.31
1.31
1.31
1.31
1.31
1.31
1.31
1.31
1.31
1.32
1.32
1.32
1.33
1.33
1.34
1.31
1.31
1.44
3.01
3.02
3.08
4.65
4.68
4.71
4.73
4.63
4.58
4.61
4.65
4.68
4.73
4.99
5.05
5.09
5.14
5.19
5.25
5.3
5.36
5.44
5.5
5.57
5.64
5.73
1.87
1.81
1.71
1.67
1.66
1.64
1.62
1.59
1.56
1.54
1.52
1.5
1.49
1.47
1.46
1.44
1.43
1.41
1.4
1.39
1.37
1.36
1.35
1.35
1.34
1.33
1.32
1.31
1.31
1.3
1.3
1.29
1.29
1.4
1.44
1.44
1.43
1.42
1.42
1.41
1.41
1.4
1.4
1.39
1.4
1.39
1.39
1.39
1.39
1.39
1.39
1.39
1.39
1.4
1.4
1.4
1.4
1.41
1.41
1.41
1.42
1.42
1.42
1.43
1.44
1.27
1.27
1.22
1.14
1.21
1.22
1.23
1.24
1.24
1.26
1.27
1.28
1.29
1.31
1.32
1.34
1.35
1.36
1.38
1.4
1.41
1.44
1.46
1.48
1.49
1.51
1.54
1.57
1.59
1.62
1.66
1.68
1.7
1.9
1.88
1.87
1.85
1.84
1.83
1.82
1.8
1.8
1.79
1.78
1.77
1.76
