4.58
4.65
4.71
2.74
2.97
3.61
2.57
2.6
4.97
1.81
1.81
1.89
1.91
5.41
5.42
5.43
5.44
3.53
3.54
5.49
1.6
1.6
5.57
1.3
3.69
4.42
5.67
5.72
5.76
5.79
5.82
5.88
5.92
5.98
3.74
3.73
6.13
6.23
6.27
3.79
3.63
1.68
1.7
4.08
1.32
1.72
1.71
5.3
5.2
3.14
3.11
5.06
1.99
1.99
1.77
2.49
2.98
2.22
4.78
4.72
3.82
4.57
4.52
3.0
2.53
2.53
4.36
1.7
1.67
4.18
4.12
4.08
4.05
4.03
4.0
3.97
81.83
81.83
81.83
2.89
81.83
81.83
81.83
81.83
81.83
2.23
81.83
2.08
2.05
1.97
1.9
1.84
1.86
81.83
81.83
1.71
1.66
1.67
1.74
1.64
1.62
1.62
1.52
1.5
1.5
1.45
1.42
1.39
1.37
1.35
1.34
1.32
1.32
1.3
1.29
1.28
1.27
1.25
1.25
1.24
1.22
1.22
1.21
1.19
1.36
1.34
1.36
1.38
6.55
3.2
3.25
6.34
6.2
6.03
5.9
5.82
3.16
81.83
5.96
4.65
3.66
3.31
3.32
3.33
3.35
3.38
3.39
3.41
3.44
3.46
3.49
3.52
3.55
3.59
3.62
3.65
3.69
3.73
3.77
3.81
3.87
3.91
3.96
4.01
4.49
6.3
6.26
6.11
6.07
4.02
1.49
1.45
1.42
1.38
1.35
1.35
1.37
1.39
1.41
1.43
