81.83
81.83
81.83
1.19
1.16
1.12
1.1
1.09
1.05
1.02
1.01
0.99
0.98
0.91
2.18
2.17
2.15
2.13
2.12
1.59
1.0
1.2
2.07
2.06
2.06
2.05
2.05
2.16
2.37
2.63
2.87
2.87
2.86
1.29
2.85
2.84
2.84
2.83
2.84
2.84
2.84
2.24
2.83
2.85
2.85
2.85
2.83
2.86
2.88
2.89
2.64
2.34
2.24
2.22
2.23
2.24
2.26
2.26
2.32
2.25
2.3
2.31
2.33
2.35
3.11
3.13
3.16
3.18
3.21
2.82
3.27
2.6
2.82
3.35
3.38
3.42
3.45
2.24
3.54
3.58
3.62
3.63
3.48
2.41
2.37
3.1
3.0
2.72
2.34
2.26
2.17
2.16
2.17
2.2
2.22
2.23
2.24
2.2
2.13
1.08
1.25
2.02
1.98
1.95
1.91
1.87
1.84
1.82
1.48
1.29
1.74
1.71
1.69
1.67
1.65
1.62
1.6
1.59
1.58
1.56
1.54
1.53
1.51
1.5
1.49
1.48
1.47
1.53
1.59
1.67
1.68
4.87
4.84
4.82
2.64
2.61
2.62
2.61
2.84
3.1
2.66
2.7
3.07
3.69
5.56
6.71
8.27
10.66
15.79
14.42
14.33
10.47
5.95
4.82
4.83
4.33
3.77
3.55
3.58
3.59
3.59
3.61
3.62
3.64
3.53
3.32
3.11
2.92
2.78
2.63
2.51
2.41
2.29
2.2
2.19
2.21
2.22
3.81
3.83
3.88
