6.64
6.67
6.73
6.78
6.85
6.7
6.46
6.33
6.01
5.71
5.43
5.2
4.66
4.53
4.37
4.21
4.07
3.93
3.81
3.69
3.6
3.49
3.41
3.31
3.24
3.17
3.09
3.02
2.96
2.9
2.85
2.79
2.73
2.69
2.64
2.59
2.55
2.52
2.48
2.45
2.41
2.38
2.34
2.31
2.28
2.26
2.23
2.2
2.18
2.16
2.14
2.11
2.1
2.08
2.06
2.05
1.71
1.7
1.77
1.87
1.97
1.97
1.96
1.95
1.94
1.93
1.93
1.92
1.91
1.91
1.9
1.89
1.86
1.88
1.89
1.89
1.88
1.88
1.88
1.88
1.88
1.88
1.88
1.88
1.89
1.89
1.9
1.9
1.9
1.9
1.91
1.92
1.93
1.93
1.94
1.95
1.96
1.97
1.99
2.0
2.02
2.03
2.04
2.06
2.08
2.09
2.11
2.13
2.16
2.17
2.18
2.01
2.24
2.27
2.29
2.32
2.35
2.38
2.42
2.45
2.49
2.53
2.58
2.61
0.56
0.56
0.55
0.55
0.54
0.54
0.53
0.52
0.52
0.51
0.51
0.5
0.5
0.49
0.49
0.48
0.47
0.47
0.46
0.46
0.46
0.46
0.45
0.45
0.45
0.45
0.44
0.44
0.44
0.43
0.44
0.43
0.43
0.43
0.43
0.43
0.43
0.43
0.43
0.42
0.42
0.42
0.42
0.42
0.41
0.42
0.41
0.42
0.42
0.42
0.42
0.42
0.42
0.42
0.43
0.43
