1.27
1.26
1.26
1.28
1.27
1.27
1.26
1.24
1.25
1.26
1.28
1.28
1.3
1.31
1.32
1.35
1.32
1.29
1.41
1.42
1.43
1.44
1.46
1.46
1.48
1.49
1.52
1.54
1.54
1.54
1.47
1.46
1.47
1.49
1.5
1.53
1.53
1.57
1.6
1.6
1.62
3.92
3.83
3.76
3.69
3.63
3.56
3.49
3.43
3.39
3.34
3.28
3.24
3.19
3.14
3.1
3.07
3.02
2.99
2.95
2.92
2.88
2.86
2.82
2.8
2.77
2.76
2.83
2.94
3.06
3.19
3.32
3.48
3.63
3.81
4.04
4.28
4.56
4.88
5.24
5.66
6.16
6.76
7.46
8.29
9.41
14.1
14.07
81.83
81.83
81.83
81.83
12.49
81.83
81.83
81.83
81.83
81.83
81.83
81.83
6.54
5.82
5.27
4.8
4.4
4.07
3.8
3.53
3.31
3.12
2.93
2.79
2.65
2.58
2.62
2.65
2.67
2.7
2.82
2.98
3.01
3.03
3.07
3.1
3.13
3.16
1.63
1.6
1.55
1.51
1.48
1.45
1.41
1.37
1.35
1.32
1.3
1.27
1.25
1.24
1.2
1.19
1.17
1.16
1.14
1.12
1.11
1.09
1.08
1.08
1.07
1.06
1.05
1.05
1.04
1.02
1.01
1.01
1.0
0.98
0.98
0.99
0.98
0.98
0.97
0.97
0.96
0.96
0.96
0.95
0.92
0.93
0.92
0.93
0.93
0.92
0.92
0.92
0.92
0.92
