2.63
2.63
2.64
2.64
2.64
2.65
2.66
2.67
2.68
2.69
2.71
2.72
2.74
2.75
2.76
2.78
2.8
9.36
8.92
8.53
8.18
7.85
7.55
7.29
7.04
6.81
6.59
6.39
6.2
6.03
5.87
5.72
5.58
5.41
5.44
5.51
8.55
8.1
8.79
6.92
4.67
4.59
4.5
4.51
4.59
4.69
4.77
4.87
4.98
5.08
5.19
5.3
5.43
5.57
5.71
5.87
6.03
6.2
6.4
6.6
6.82
7.06
7.2
7.15
7.09
4.08
4.04
4.01
3.99
3.05
2.93
2.92
2.92
2.9
2.88
3.92
4.16
4.13
4.12
4.1
4.09
4.06
4.05
4.06
4.06
4.04
4.05
6.45
6.45
5.38
5.33
5.22
5.14
5.22
6.49
6.51
6.53
5.92
5.93
5.95
5.96
6.6
6.04
6.06
6.07
6.09
6.6
6.85
6.9
6.95
6.98
7.04
7.08
3.28
3.21
3.12
3.03
2.61
2.55
2.45
2.41
2.43
2.46
2.49
2.52
2.56
2.55
2.49
2.45
2.39
2.35
2.32
2.27
2.23
2.19
2.16
2.12
2.13
2.13
2.16
2.21
2.25
2.32
2.36
2.43
2.49
2.57
2.64
2.72
2.8
2.9
3.0
3.1
3.22
3.33
4.13
4.11
4.07
4.06
4.03
4.0
3.97
3.97
3.94
3.93
3.92
3.9
3.89
3.88
3.87
3.85
3.84
3.84
3.84
3.84
3.83
3.83
3.83
3.82
3.83
