1.29
2.05
2.17
2.25
2.34
2.43
2.55
2.67
2.72
2.71
2.7
2.68
2.68
2.66
2.64
2.64
2.63
2.61
2.61
2.61
2.61
2.6
2.6
2.59
2.59
2.59
2.59
2.59
2.59
2.59
2.59
2.6
2.6
2.61
2.61
2.62
2.61
2.61
81.83
0.91
0.9
0.91
0.91
0.93
2.7
2.73
2.74
2.76
2.74
2.58
2.82
2.85
2.86
2.87
2.91
2.95
2.98
3.01
3.04
2.71
3.07
3.14
2.47
2.42
2.36
2.32
2.13
2.16
2.39
2.44
2.49
2.53
2.59
2.79
2.55
2.53
2.51
3.23
3.18
3.14
3.1
1.8
1.77
1.76
1.73
1.72
1.72
2.87
2.82
2.62
2.62
2.76
2.74
2.72
2.71
2.68
2.66
2.65
2.63
2.62
2.61
2.59
2.58
2.57
2.56
2.55
2.54
2.54
2.52
2.52
2.51
2.51
2.5
2.51
2.51
2.51
2.5
2.5
2.5
2.5
2.51
2.51
2.51
2.52
2.52
1.31
1.32
2.55
2.56
2.57
2.58
2.45
2.3
2.17
2.05
1.95
1.86
1.77
1.7
1.63
1.57
1.51
1.46
1.41
1.37
1.33
1.28
1.24
1.2
1.17
1.14
1.12
1.09
1.06
1.03
1.01
0.99
0.97
0.96
0.94
0.92
0.9
0.88
0.86
0.86
0.85
0.82
0.82
0.81
0.8
0.79
0.78
0.77
0.76
0.75
0.74
0.73
0.72
0.71
0.71
