1.44
1.44
1.45
8.85
8.81
7.79
7.54
7.56
7.59
7.62
7.07
6.56
6.13
6.14
7.64
7.69
7.73
7.78
7.84
7.88
7.94
7.63
7.35
7.08
3.51
3.4
3.31
3.2
3.12
3.03
2.96
2.88
2.81
2.74
2.68
2.62
2.56
2.51
2.46
2.41
2.37
2.32
2.27
2.24
2.2
2.17
2.14
2.14
2.18
2.24
2.28
2.34
2.4
2.46
2.53
2.59
2.66
2.75
2.83
2.93
3.02
3.13
3.23
3.36
3.48
3.63
3.81
3.98
4.19
4.42
4.67
4.96
5.28
5.64
6.06
6.54
7.11
7.8
8.63
13.32
13.2
13.32
81.83
81.83
81.83
81.83
11.65
81.83
81.83
81.83
81.83
81.83
81.83
81.83
5.95
5.31
4.69
4.26
3.88
3.56
3.28
3.06
2.88
2.69
2.54
2.4
2.27
2.17
2.07
1.97
1.9
1.82
1.74
1.75
1.78
1.79
1.81
1.83
1.86
1.88
2.14
2.17
2.19
2.23
2.25
2.28
2.31
2.34
2.38
2.41
4.45
4.49
4.59
4.66
4.77
4.6
4.54
4.62
6.35
6.49
6.45
0.94
0.91
0.9
0.9
0.89
0.88
0.86
0.85
0.86
0.85
0.84
0.84
0.82
0.82
0.81
0.81
0.8
0.79
0.79
0.79
0.79
0.78
0.78
0.78
0.78
0.77
0.76
0.77
0.76
0.76
0.76
0.76
0.75
0.75
0.75
0.75
0.75
0.76
0.75
