4.08
4.17
4.23
8.89
81.83
6.39
81.83
6.41
5.12
4.97
4.91
3.16
3.16
3.11
3.07
3.03
3.0
3.01
3.62
3.72
3.83
3.91
3.88
3.84
3.83
4.11
4.7
4.74
4.71
4.7
5.53
5.5
5.49
5.46
5.45
5.41
5.39
5.36
5.36
5.34
5.31
5.31
5.39
5.38
5.37
5.36
1.32
1.29
1.28
1.27
1.26
1.25
1.25
1.25
1.24
1.24
1.24
1.23
1.22
1.22
1.21
1.21
1.2
1.2
1.2
1.21
1.21
1.21
1.21
1.21
1.21
1.2
1.2
1.2
1.21
1.21
1.21
1.21
1.22
1.22
1.23
1.24
1.25
1.25
1.26
1.26
1.27
1.27
1.28
1.29
1.31
1.32
1.33
1.35
1.36
1.36
1.38
1.39
1.41
1.41
1.44
1.46
1.47
1.49
1.51
1.53
1.56
1.58
1.61
1.63
1.65
1.68
1.72
1.75
1.79
1.82
1.87
1.91
1.95
1.99
2.05
2.11
2.16
2.23
2.3
2.36
2.44
2.52
2.62
2.73
2.82
2.95
3.13
3.29
3.48
3.75
4.04
4.41
4.95
5.77
17.33
17.33
17.34
20.49
21.92
21.2
15.03
7.45
6.74
6.02
5.44
4.99
4.59
4.25
3.99
3.74
3.51
3.32
3.15
2.98
2.85
2.71
2.6
2.49
2.4
2.3
2.22
2.15
2.07
2.0
1.93
1.92
1.95
1.95
1.99
2.1
4.94
4.98
5.06
5.12
