2.66
2.65
2.66
2.68
2.69
2.71
2.72
2.74
2.76
2.78
2.79
2.82
2.85
2.87
2.9
2.92
2.95
2.98
3.0
3.03
3.08
1.76
1.67
1.58
1.54
1.55
1.56
1.57
1.58
1.59
1.61
1.63
1.64
1.66
1.68
1.69
1.71
1.73
1.75
1.76
1.79
1.81
1.84
1.86
1.89
1.92
1.96
1.98
2.02
2.06
2.1
2.14
2.19
2.23
2.28
2.33
2.38
2.45
2.51
2.57
2.64
2.73
2.82
2.9
2.99
3.11
3.22
3.36
3.51
3.7
3.91
4.15
4.47
4.84
5.33
6.06
14.97
14.96
14.98
14.97
14.98
15.0
15.02
15.05
81.83
11.28
10.09
9.21
9.23
7.65
7.1
6.59
6.15
5.82
5.49
5.19
4.92
4.71
4.5
4.29
4.11
3.96
3.82
3.67
3.55
3.48
3.52
3.57
3.6
6.47
6.29
6.13
5.97
5.9
5.98
6.06
6.13
5.95
6.3
5.65
6.33
6.49
7.84
7.97
8.12
6.57
7.98
7.84
7.74
7.65
7.55
7.46
7.36
7.28
6.34
6.28
6.2
5.39
6.46
6.69
6.82
6.79
6.46
6.68
6.63
6.58
6.52
6.47
6.43
6.39
6.35
6.31
5.65
5.65
5.81
5.1
4.99
3.73
3.72
3.38
3.36
3.35
3.35
3.35
1.63
1.63
1.61
1.62
1.62
1.62
1.62
1.62
1.61
3.36
2.95
2.58
2.3
2.05
1.84
1.36
