2.22
2.22
2.21
2.22
2.23
2.23
2.23
2.24
2.24
2.25
2.27
2.47
2.92
4.14
14.04
10.05
10.04
8.86
8.42
7.99
7.65
7.3
7.01
6.72
6.47
6.22
6.02
5.81
5.64
5.45
5.3
5.15
5.02
4.89
4.82
4.83
7.79
7.89
7.99
8.11
7.46
4.05
3.99
3.91
3.86
3.91
3.98
4.05
4.13
4.22
4.32
4.4
4.5
4.6
4.72
4.83
4.95
5.09
5.22
5.38
5.53
5.71
5.9
6.11
6.33
6.57
6.58
6.54
6.5
6.45
3.52
3.49
3.47
3.45
3.43
3.42
3.41
3.4
2.34
2.34
2.34
2.32
2.32
2.32
2.39
3.6
3.61
3.61
3.59
3.59
3.6
3.59
3.6
3.6
3.59
3.63
6.03
6.02
4.93
5.29
4.83
6.11
6.13
6.04
5.56
5.57
5.58
5.61
5.66
5.84
5.73
5.75
5.79
5.82
6.58
6.64
6.7
6.74
6.81
6.87
6.95
7.02
5.34
7.18
7.26
7.13
3.09
3.05
2.99
2.95
2.9
2.85
2.76
2.5
2.46
2.4
2.36
2.33
2.38
2.42
2.47
2.52
2.54
2.52
2.49
2.46
2.43
2.41
2.38
2.35
2.33
2.31
2.29
2.26
2.24
2.24
2.28
2.32
2.4
2.51
2.64
2.77
2.91
3.08
3.27
3.47
4.36
4.35
4.34
4.32
4.3
4.29
4.27
4.27
4.27
4.27
4.27
4.26
4.26
4.26
