0.5
0.5
0.5
0.5
0.5
0.49
0.5
0.5
0.51
0.53
0.59
0.59
0.6
0.6
0.61
0.61
0.61
0.61
0.62
0.62
0.63
0.63
0.64
0.64
0.65
0.65
0.66
0.67
0.67
0.68
0.69
0.69
0.7
0.71
0.73
0.77
0.75
0.74
0.72
0.71
0.72
0.73
0.74
0.76
0.77
0.79
0.8
0.81
0.84
0.86
0.88
0.89
0.92
0.95
1.07
1.06
1.06
1.05
1.03
1.02
1.01
0.96
0.95
0.99
1.04
1.2
1.26
1.34
1.46
1.45
1.45
1.45
1.51
1.81
1.91
2.03
2.15
2.37
2.49
2.73
3.09
9.1
10.67
13.05
17.45
17.57
16.44
17.56
13.02
13.02
5.06
4.69
4.64
4.08
3.43
2.96
2.63
2.36
2.16
1.98
1.82
1.7
1.59
1.49
1.41
1.34
1.27
1.21
1.15
1.11
1.05
1.01
0.97
0.93
0.89
0.87
0.84
0.81
0.79
0.77
0.74
0.72
0.7
0.69
0.67
0.67
0.66
0.65
0.63
0.62
0.61
0.59
0.58
0.57
0.56
0.55
0.54
0.54
0.53
0.52
0.51
0.51
0.5
0.5
0.49
0.49
0.48
0.48
0.48
0.48
0.47
0.47
0.47
0.46
0.46
0.45
0.45
0.45
0.45
0.44
0.43
0.43
0.43
0.43
0.42
0.42
0.42
0.43
0.43
0.43
0.42
0.42
0.42
0.42
0.42
0.42
0.42
0.42
0.42
0.42
