3.82
4.03
4.27
4.54
4.86
5.29
5.66
6.15
6.25
6.24
6.22
6.21
6.2
6.19
6.19
6.17
6.17
6.17
6.17
6.16
6.16
6.16
6.17
4.12
3.48
3.41
3.42
3.42
3.43
3.45
3.46
3.47
3.48
3.5
3.53
3.54
3.4
3.22
3.06
2.92
2.78
2.68
2.6
2.65
2.69
2.71
2.73
6.2
6.25
6.33
6.55
6.48
6.54
6.6
6.9
7.57
7.66
7.77
7.87
8.0
8.1
8.23
6.35
8.1
7.93
7.83
7.7
7.59
6.48
6.39
6.29
4.26
4.22
4.17
4.12
4.09
4.06
4.02
3.76
3.72
3.7
3.65
3.76
3.89
3.9
3.88
3.85
3.81
3.79
3.76
3.74
3.72
3.7
3.76
3.97
4.23
4.56
4.97
5.86
5.84
5.82
5.81
5.8
5.78
5.78
5.78
5.77
5.77
5.77
5.77
5.77
5.77
5.78
5.77
5.78
5.79
5.8
5.2
4.72
4.17
3.81
3.5
3.25
3.03
2.83
2.66
2.52
2.51
2.52
2.54
2.56
2.58
2.57
6.3
6.36
6.42
6.47
6.54
6.59
1.37
1.33
1.29
1.26
1.22
1.2
1.17
1.14
1.12
1.13
1.54
1.56
1.58
1.61
1.63
1.66
1.69
1.72
1.75
1.79
1.83
1.86
1.91
1.95
1.99
1.98
1.96
1.94
1.91
1.89
1.87
1.86
1.94
2.59
2.68
2.79
2.81
2.79
2.76
2.74
2.73
