1.35
1.36
2.22
2.22
2.25
2.28
2.3
2.33
2.35
2.38
2.43
2.44
2.48
2.52
2.56
2.6
2.64
2.68
2.74
2.28
2.27
2.25
2.24
2.23
2.24
2.4
2.6
3.28
3.25
1.88
1.84
1.78
3.1
3.04
3.01
1.71
1.66
1.58
1.56
1.54
1.5
1.5
2.8
2.8
2.78
2.77
2.75
2.74
2.73
2.71
2.7
2.7
2.68
2.67
2.67
2.66
2.65
2.65
2.64
2.64
1.99
2.02
2.0
2.0
2.0
2.01
2.0
2.0
2.01
2.0
1.98
2.62
2.66
2.66
2.57
2.05
2.03
2.04
2.07
2.09
2.09
2.09
2.11
2.13
2.14
2.16
2.84
2.86
2.88
2.91
2.93
2.96
2.99
3.0
3.03
3.07
3.1
3.13
3.18
3.22
3.26
3.3
3.35
3.41
3.45
3.51
3.58
3.64
3.69
3.65
3.62
1.71
1.77
3.41
3.3
3.28
3.27
3.24
3.19
3.15
3.11
3.08
3.04
3.0
2.98
2.98
2.93
2.89
2.16
2.05
2.04
2.02
2.02
2.01
1.99
1.97
1.96
1.95
1.9
1.92
1.92
1.92
1.91
1.89
1.87
1.88
1.86
1.85
1.86
1.87
1.86
1.85
2.02
1.86
1.81
1.81
1.81
1.82
1.82
1.87
2.62
2.62
2.63
2.63
2.64
2.64
2.66
2.67
2.68
2.69
2.71
2.72
2.74
2.76
2.77
2.79
2.81
2.84
2.86
2.88
