1.97
1.97
81.83
81.83
81.83
81.83
1.81
1.81
1.7
1.7
1.71
81.83
81.83
81.83
81.83
1.47
1.45
1.42
1.41
1.37
1.35
1.34
1.31
1.3
1.29
1.28
1.28
1.25
1.23
1.23
1.38
1.37
1.37
1.38
1.39
6.28
6.34
3.43
3.44
3.17
3.18
4.02
4.02
6.22
4.22
4.21
3.14
3.18
81.83
5.94
4.25
3.29
3.3
3.31
3.31
3.33
3.35
3.38
3.4
3.42
3.43
3.46
3.49
3.52
3.55
3.58
3.62
3.65
3.69
3.72
3.76
3.81
3.86
3.9
3.92
4.42
6.22
6.19
1.41
1.36
1.33
1.29
1.25
1.25
1.26
1.27
1.29
1.31
1.34
1.33
1.33
1.32
1.32
1.32
1.31
1.32
1.31
1.31
1.32
1.33
1.57
1.7
20.33
20.36
1.58
1.59
81.83
81.83
2.66
2.67
81.83
81.83
81.83
81.83
81.83
81.83
81.83
81.83
81.83
1.57
1.61
1.1
81.83
5.69
5.7
5.76
5.8
5.86
5.89
5.89
4.74
6.14
6.16
6.23
81.83
81.83
4.31
4.86
4.11
4.12
5.31
5.3
6.57
6.61
6.73
3.86
7.04
4.28
4.27
7.47
7.7
7.74
8.09
8.34
8.24
8.13
8.03
7.98
3.34
7.5
7.7
7.69
3.58
3.69
3.66
7.37
7.36
4.06
4.72
5.82
5.65
3.17
3.13
4.01
4.02
5.38
5.36
4.34
3.17
3.16
