1.34
1.35
1.34
1.35
1.36
1.37
1.38
1.38
1.39
1.4
1.41
1.42
1.42
1.44
1.45
1.46
1.46
1.47
1.48
1.49
1.5
1.51
1.53
1.53
1.55
1.57
1.58
1.61
1.63
1.65
1.66
1.69
1.72
1.74
1.77
1.8
1.82
1.86
1.89
1.93
1.97
2.0
2.04
2.09
2.14
2.2
2.25
2.31
2.37
2.45
2.52
2.6
2.69
2.78
2.88
2.99
3.12
3.29
3.44
3.62
3.86
4.15
4.49
4.93
5.54
6.52
11.56
16.5
16.49
16.49
17.43
19.73
21.06
20.35
6.59
5.58
4.8
4.22
3.78
3.42
3.13
2.88
2.67
2.48
2.31
2.18
2.06
1.95
1.85
1.77
1.7
1.61
1.55
1.47
1.42
1.37
1.32
1.27
1.23
1.19
1.16
1.13
1.08
1.06
1.02
1.01
1.01
1.03
1.03
1.05
1.08
1.09
4.31
4.39
4.47
4.54
4.62
3.66
4.81
4.9
5.01
2.57
81.83
4.88
4.83
4.78
4.72
4.69
4.63
4.58
4.54
3.53
2.24
4.42
4.39
4.35
4.31
4.28
4.26
4.23
3.39
4.19
4.15
2.57
81.83
4.1
4.09
4.07
4.06
4.04
4.02
2.69
3.99
4.01
4.0
4.0
3.99
3.99
3.99
3.99
3.99
0.78
0.77
0.77
0.77
0.78
0.66
0.65
0.62
0.6
0.6
0.61
0.6
0.62
0.63
0.63
0.64
0.64
0.65
0.66
