1.17
1.16
1.17
1.16
1.17
1.16
1.16
1.17
1.18
1.19
1.2
1.2
1.2
1.21
1.22
1.23
1.23
1.24
1.24
1.25
1.27
1.27
1.29
1.29
1.3
1.32
1.33
1.34
1.36
1.37
1.38
1.4
1.42
1.44
1.46
1.47
1.49
1.52
1.54
1.57
1.6
1.63
1.66
1.69
1.73
1.76
1.79
1.82
1.87
1.91
1.96
2.02
2.07
2.13
2.2
2.27
2.37
2.44
2.52
2.61
2.72
2.86
2.99
3.15
3.35
3.56
3.86
4.21
4.59
5.38
11.48
16.48
16.46
16.47
17.63
19.65
21.05
20.32
14.19
6.59
5.63
4.99
4.5
4.12
3.79
3.49
3.27
3.06
2.86
2.7
2.55
2.42
2.31
2.21
2.11
2.03
1.94
1.86
1.8
1.74
1.67
1.62
1.56
1.52
1.48
1.43
1.39
1.36
1.33
1.28
1.26
1.23
1.21
1.18
1.15
1.13
1.1
1.11
1.14
1.14
1.15
1.21
1.24
3.97
5.04
5.16
3.37
2.7
81.83
4.94
4.89
4.85
4.8
4.75
4.71
4.66
3.67
4.59
2.42
4.52
4.48
4.46
4.43
4.41
3.48
4.35
4.33
2.8
2.74
4.27
4.25
4.24
4.23
4.22
4.21
4.2
2.84
4.19
4.18
4.18
4.17
4.17
4.17
4.17
4.17
0.98
0.96
0.96
0.96
0.93
0.86
0.8
0.78
0.79
0.78
0.82
0.81
0.82
0.82
0.83
