0.83
0.85
0.87
0.88
0.89
0.9
0.92
0.93
0.96
0.98
0.97
1.0
1.02
1.04
1.06
1.08
1.09
1.12
1.15
1.18
1.21
1.23
1.27
1.31
1.34
1.38
1.42
1.47
1.51
1.56
1.62
1.68
1.75
1.81
1.9
1.99
2.09
2.19
2.3
2.43
2.59
2.78
2.98
3.22
3.64
4.48
4.63
4.82
4.84
4.93
4.92
4.91
4.89
4.88
4.88
4.88
4.87
4.89
4.88
4.79
4.79
10.4
10.43
10.45
10.48
4.76
4.31
3.95
3.64
3.45
3.47
3.45
3.45
3.31
2.6
2.36
2.26
2.16
2.08
2.0
1.93
1.87
1.81
1.76
1.7
1.66
1.61
1.58
1.53
1.49
1.46
1.42
1.39
1.36
1.33
1.31
1.28
1.25
1.22
1.2
1.18
1.15
1.13
1.11
1.1
1.09
1.07
1.06
1.04
1.02
1.0
0.99
0.98
0.97
0.97
0.96
0.95
0.93
0.92
0.92
0.9
0.9
0.9
0.89
0.88
0.87
0.87
0.86
0.85
0.85
0.84
0.84
0.83
0.83
0.83
0.83
0.83
0.82
0.82
0.82
0.83
0.82
0.83
0.82
0.82
0.82
0.82
0.82
0.83
0.83
0.83
0.82
0.83
0.83
0.83
0.83
0.84
0.84
0.84
0.85
0.86
0.86
0.87
0.88
0.88
0.89
0.89
0.89
0.9
0.91
0.92
0.93
0.94
0.96
0.96
0.96
0.97
0.98
0.99
1.0
