0.65
0.66
0.68
0.68
0.69
0.7
0.71
0.72
0.72
1.36
1.38
1.39
1.41
1.42
1.47
1.49
1.51
1.54
1.42
1.51
1.59
1.58
1.59
1.6
1.62
1.64
1.67
1.67
1.69
1.68
1.62
1.61
1.63
1.66
1.67
1.71
1.73
1.76
1.78
4.0
3.93
3.86
3.79
3.73
3.66
3.6
3.54
3.5
3.45
3.4
3.35
3.31
3.26
3.22
3.19
3.16
3.12
3.08
3.05
3.02
2.98
2.96
2.95
3.01
3.14
3.24
3.38
3.53
3.69
3.88
4.08
4.32
4.58
4.87
5.2
5.59
6.02
6.57
7.17
7.93
8.85
14.31
14.21
14.31
81.83
81.83
81.83
12.67
12.77
81.83
81.83
81.83
81.83
81.83
81.83
6.73
5.92
5.3
4.77
4.34
4.0
3.68
3.41
3.2
3.0
2.84
2.73
2.74
2.77
2.79
2.81
2.85
3.08
3.11
3.13
3.16
3.18
1.73
1.68
1.64
1.58
1.54
1.5
1.46
1.42
1.39
1.36
1.32
1.29
1.26
1.24
1.21
1.18
1.17
1.14
1.13
1.11
1.09
1.06
1.05
1.05
1.03
1.02
1.0
1.0
1.0
0.97
0.98
0.97
0.94
0.95
0.94
0.93
0.94
0.93
0.9
0.9
0.89
0.89
0.89
0.88
0.88
0.87
0.87
0.87
0.86
0.86
0.86
0.86
0.86
0.86
0.86
0.85
0.85
0.85
0.85
0.84
0.84
0.84
0.84
