0.41
0.4
0.4
0.4
0.4
0.41
0.41
0.41
0.41
0.41
0.42
0.41
0.42
0.42
0.42
0.42
0.43
0.43
0.42
0.43
0.43
0.43
0.43
0.43
0.44
0.44
0.44
0.45
0.45
0.45
0.45
0.46
0.46
0.47
0.47
0.48
0.48
0.49
0.49
0.51
0.52
0.53
0.53
0.54
0.55
0.55
0.56
0.57
0.57
0.58
0.59
0.61
0.62
0.64
0.65
0.67
0.68
0.7
0.72
0.73
0.74
0.77
0.8
0.83
0.85
0.89
0.92
0.95
0.99
1.03
1.07
1.13
1.18
1.23
1.3
1.36
1.44
1.54
1.64
1.76
1.91
2.08
2.29
2.53
2.83
2.87
2.87
3.05
4.61
6.67
6.66
6.61
6.59
6.58
6.54
6.58
6.6
6.6
6.62
6.62
6.64
2.63
2.39
2.2
2.2
2.22
2.13
1.98
1.88
1.39
1.32
1.26
1.21
1.15
1.12
1.07
1.04
1.0
0.96
0.98
1.03
1.04
0.97
0.95
0.91
0.9
0.87
0.85
0.82
0.8
0.79
0.77
0.71
0.7
0.69
0.7
0.73
0.72
0.69
0.67
0.66
0.66
0.66
0.68
0.69
0.7
0.72
0.72
0.71
0.7
0.7
0.69
0.68
0.67
0.67
0.66
0.65
0.64
0.64
0.63
0.63
0.62
0.62
0.61
0.61
0.6
0.6
0.59
0.59
0.59
0.59
0.59
0.59
0.59
0.62
0.68
0.77
0.9
0.56
0.54
