0.71
0.72
0.72
0.73
0.73
0.73
0.73
0.74
0.75
0.76
0.76
0.77
0.78
0.78
0.8
0.79
0.8
0.8
0.82
0.83
0.84
0.85
0.86
0.86
0.89
0.9
0.91
0.92
0.93
0.95
0.97
0.99
1.01
1.03
1.05
1.06
1.09
1.12
1.15
1.17
1.21
1.24
1.27
1.31
1.35
1.38
1.43
1.48
1.53
1.59
1.66
1.72
1.79
1.88
1.98
2.09
2.22
2.39
2.59
2.81
3.12
3.57
3.11
2.19
3.07
3.11
3.12
2.69
3.12
3.12
3.12
3.13
3.13
3.14
3.22
8.2
8.18
8.15
8.14
8.13
8.11
8.09
8.08
8.07
8.07
8.07
8.06
8.08
9.24
11.62
11.23
12.67
12.01
11.92
11.91
8.08
7.29
6.64
6.08
5.8
5.82
5.85
6.11
4.5
4.26
4.04
3.85
3.67
3.5
3.37
3.23
3.11
3.0
2.89
2.8
2.71
2.63
2.55
2.49
2.43
2.36
2.3
2.24
2.19
2.14
2.08
2.04
1.99
1.96
1.91
1.87
1.85
1.81
1.78
1.74
1.73
1.7
1.67
1.65
1.62
1.61
1.59
1.58
1.55
1.54
1.53
1.52
1.49
1.47
1.46
1.46
1.45
1.42
1.42
1.41
1.4
1.39
1.37
1.38
1.36
1.37
1.37
1.35
1.35
1.34
1.34
1.33
1.33
1.33
1.32
1.32
1.32
1.32
1.33
1.32
1.32
1.32
1.32
1.32
1.32
