0.93
0.92
0.91
0.91
0.92
0.91
0.92
0.92
0.92
0.92
0.92
0.92
0.92
0.92
0.91
0.91
0.92
0.91
0.91
0.91
0.92
0.93
0.93
0.94
0.94
0.95
0.96
0.97
0.87
0.81
0.81
0.81
0.8
0.78
0.78
0.78
0.77
0.77
0.77
0.77
0.76
0.77
0.78
0.78
1.14
1.16
1.17
1.19
1.21
1.22
1.25
1.27
1.31
1.32
1.34
1.37
1.04
0.92
0.9
0.88
0.86
0.86
0.87
0.88
0.88
0.89
0.91
1.0
1.92
2.0
2.06
2.16
2.25
2.33
2.44
2.58
2.72
2.91
3.13
3.4
3.78
4.27
13.91
13.88
11.26
11.23
11.21
11.22
11.21
11.22
11.22
11.22
11.23
11.25
11.27
11.3
9.18
8.09
7.22
6.61
5.97
5.51
5.46
5.48
5.51
4.2
3.97
3.76
3.57
3.42
3.25
3.11
2.97
2.86
2.75
2.65
2.56
2.48
2.4
2.33
2.26
2.2
2.16
2.09
2.04
1.98
1.94
1.89
1.84
1.81
1.75
1.73
1.7
1.66
1.63
1.6
1.58
1.55
1.53
1.51
1.47
1.46
1.44
1.42
1.41
1.39
1.38
1.37
1.36
1.34
1.33
1.32
1.31
1.3
1.31
1.27
1.26
1.25
1.24
1.24
1.24
1.22
1.05
1.03
1.03
1.01
1.01
0.99
0.99
1.0
1.01
1.05
1.15
1.18
1.18
1.17
1.18
1.18
1.18
1.18
