2.69
2.58
2.12
2.01
1.92
1.82
1.75
1.67
1.6
1.55
1.49
1.44
1.4
1.36
1.36
1.38
1.36
1.31
1.3
1.29
1.27
1.25
1.29
1.29
1.31
1.34
1.37
1.39
1.42
1.48
3.43
3.39
3.35
3.31
3.26
3.22
3.18
3.15
3.13
3.12
3.15
3.26
3.36
3.48
3.61
3.64
3.62
3.6
3.56
3.55
3.52
3.5
3.48
3.47
3.45
3.43
3.42
3.41
3.41
3.39
3.41
8.1
5.75
5.74
5.74
5.75
5.76
5.73
5.58
5.57
5.57
5.68
5.89
5.89
5.9
5.91
5.92
5.93
8.17
8.2
8.22
8.25
8.28
8.32
8.36
8.4
8.44
8.37
7.94
7.56
7.21
6.9
6.61
6.35
6.11
5.9
5.68
5.52
5.39
5.45
5.5
5.54
9.64
9.75
8.15
4.31
4.21
4.12
4.13
2.05
1.97
1.89
1.83
1.76
1.69
1.64
1.59
1.55
1.5
1.46
1.42
1.39
1.36
1.32
1.3
1.27
1.24
1.21
1.19
1.17
1.14
1.13
1.12
1.09
1.08
1.06
1.04
1.03
1.02
1.0
1.0
0.99
0.97
0.96
0.95
0.95
0.93
0.93
0.92
0.9
0.89
0.89
0.88
0.88
0.88
0.88
0.87
0.87
0.86
0.86
0.85
0.85
0.84
0.84
0.84
0.83
0.83
0.83
0.82
0.82
0.82
0.83
0.84
0.82
0.82
0.83
0.82
0.82
0.82
0.82
