0.89
0.9
0.9
0.9
0.89
0.89
0.9
0.89
0.9
0.9
0.9
0.91
0.92
0.92
0.93
0.93
0.93
0.94
0.94
0.95
0.95
0.96
0.96
0.97
0.98
0.99
1.0
1.01
1.02
1.04
1.05
1.05
1.05
1.07
1.08
1.1
1.11
1.13
1.15
1.17
1.19
1.21
1.23
1.26
1.27
1.29
1.31
1.35
1.38
1.4
1.42
1.46
1.5
1.54
1.57
1.62
1.66
1.7
1.77
1.82
1.87
1.95
2.02
2.1
2.19
2.29
2.38
2.5
7.26
7.19
7.12
7.05
6.98
6.92
6.87
6.8
6.77
6.72
6.68
6.63
6.58
6.11
6.52
6.48
6.46
3.74
3.73
3.71
3.7
3.68
3.67
3.65
3.66
3.66
3.66
3.64
3.64
3.65
3.64
3.66
3.64
3.64
3.65
3.65
3.65
3.65
3.65
3.66
3.67
3.68
3.69
3.69
3.71
3.73
3.75
3.77
3.78
3.81
3.93
3.96
4.0
4.13
4.16
2.94
2.83
2.71
2.61
2.53
2.46
2.37
2.3
2.24
2.18
2.11
2.05
1.99
1.95
1.91
1.88
1.82
1.78
1.74
1.71
1.67
1.66
1.62
1.59
1.57
1.53
1.52
1.5
1.46
1.45
1.43
1.42
1.4
1.38
1.37
1.37
1.33
1.33
1.33
1.31
1.3
1.29
1.29
1.28
1.27
1.26
1.25
1.24
1.24
1.23
1.23
1.23
1.22
1.21
1.2
1.24
1.2
