4.99
4.97
4.95
4.92
4.32
4.56
4.9
4.89
4.87
4.86
4.15
4.16
4.15
4.34
4.11
4.12
4.11
2.52
4.8
4.83
4.83
4.83
4.21
2.45
4.85
4.86
4.87
3.76
4.9
4.91
3.01
2.16
2.17
2.16
2.16
2.16
2.16
2.13
2.13
2.31
2.34
5.16
5.18
5.22
5.25
5.29
5.19
4.93
4.7
4.56
4.58
4.62
4.65
4.7
4.74
4.78
4.83
4.88
4.92
4.98
2.43
2.38
2.38
2.44
2.34
2.27
2.29
2.33
2.35
2.38
2.4
0.85
0.82
0.8
0.78
0.76
0.74
0.73
0.74
0.76
0.77
0.79
0.81
0.81
0.83
0.85
0.87
0.89
0.91
0.93
0.95
0.97
1.0
1.04
1.06
1.09
1.13
1.15
1.19
1.24
1.28
1.33
1.39
1.45
1.51
1.58
1.66
1.73
1.83
1.93
1.95
1.95
1.94
1.93
1.93
1.92
1.92
1.91
1.91
1.91
1.9
1.9
1.9
1.89
1.89
1.89
1.89
1.89
1.9
1.9
1.9
1.9
1.91
1.91
1.92
1.92
1.92
1.93
1.94
1.94
1.95
1.97
1.97
1.98
1.99
1.99
2.01
2.02
2.04
2.05
2.06
1.93
1.9
1.82
1.77
1.72
1.66
1.62
1.58
1.53
1.5
1.45
1.43
1.39
1.35
1.32
1.3
1.27
1.24
1.22
1.19
1.18
1.16
1.16
1.14
1.12
1.11
1.09
1.08
1.07
