1.67
1.68
1.7
1.72
2.23
2.27
1.54
81.83
2.53
2.52
2.52
2.51
2.84
2.88
2.9
3.16
3.16
3.15
3.15
3.15
3.15
3.14
3.15
3.15
3.15
3.16
3.16
3.17
3.18
3.19
3.2
3.21
3.23
1.11
1.09
1.08
1.16
1.16
1.01
0.97
0.96
1.04
1.06
1.02
1.01
1.01
1.03
1.08
1.1
1.1
1.16
1.36
1.36
1.39
1.39
1.42
1.43
1.44
1.46
1.47
1.49
1.52
1.54
1.56
1.58
1.6
1.57
1.54
1.51
1.5
1.48
1.34
1.19
1.24
1.28
1.31
1.33
1.38
1.4
4.16
4.12
4.09
4.07
4.06
4.04
4.02
4.01
3.99
3.98
3.97
4.17
6.5
6.71
7.13
7.56
8.06
8.68
9.37
10.02
9.98
12.29
13.76
15.02
81.83
21.47
21.44
10.91
10.91
10.91
10.91
10.93
5.91
5.14
3.16
2.57
2.16
1.83
1.61
1.45
1.31
1.22
1.24
1.24
1.2
1.13
1.06
0.97
1.01
1.22
1.18
1.13
1.06
1.02
0.97
0.94
0.91
0.87
0.84
0.81
0.79
0.77
0.74
0.72
0.7
0.68
0.64
0.68
0.69
0.69
0.7
0.7
0.72
0.73
0.74
0.75
0.76
0.78
0.8
0.83
0.84
0.85
0.88
0.89
0.92
0.93
2.07
2.11
2.17
2.23
2.3
2.38
2.45
2.53
2.61
2.71
2.82
2.93
2.92
2.9
2.88
