6.84
6.47
6.16
3.96
3.85
3.74
3.65
3.56
3.48
3.39
3.32
3.24
3.18
3.11
3.05
2.98
2.94
2.88
2.83
2.79
2.79
2.79
2.84
2.91
2.96
3.04
3.11
3.18
3.31
3.29
3.25
3.21
3.18
3.15
3.12
3.09
3.07
3.05
3.02
2.99
2.97
2.97
2.94
2.93
2.91
2.9
2.89
2.88
2.86
2.85
2.84
2.84
2.84
2.83
2.82
2.81
2.81
2.82
2.81
2.79
2.81
2.82
2.82
2.82
2.83
2.84
2.85
2.85
2.85
2.87
2.88
2.9
2.91
2.92
2.93
2.97
8.07
9.2
10.64
12.61
17.24
81.83
81.83
81.83
15.77
81.83
81.83
81.83
81.83
81.83
9.09
7.81
6.86
6.06
5.71
5.74
4.65
4.28
3.98
3.73
3.52
3.31
3.12
2.95
2.82
2.7
2.58
2.48
2.38
2.28
2.2
2.14
2.05
1.98
1.93
1.86
1.81
1.76
1.71
1.66
1.63
1.58
1.55
1.5
1.48
1.45
1.41
1.38
1.36
1.34
1.32
1.29
1.28
1.25
1.25
1.22
1.2
1.19
1.17
1.15
1.14
1.13
1.12
1.1
1.09
1.07
1.08
1.06
1.05
1.05
1.04
1.03
1.03
1.02
1.02
1.01
1.01
1.0
1.0
0.99
0.99
0.98
0.98
0.97
0.97
0.97
0.97
0.97
0.97
0.97
0.96
0.96
0.96
0.96
0.96
0.96
0.96
0.96
0.96
0.96
