16.51
81.83
81.83
81.83
81.83
10.47
9.08
7.97
7.11
6.45
6.47
5.66
5.04
4.7
4.4
4.12
3.89
3.69
3.49
3.34
3.2
3.06
2.93
2.81
2.69
2.6
2.5
2.44
2.34
2.28
2.22
2.16
2.09
2.04
2.0
1.95
1.9
1.86
1.82
1.78
1.74
1.7
1.67
1.63
1.61
1.58
1.55
1.52
1.5
1.47
1.45
1.43
1.41
1.39
1.38
1.36
1.35
1.32
1.32
1.31
1.29
1.29
1.28
1.26
1.27
1.26
1.34
1.39
1.46
1.62
1.66
1.72
1.79
1.85
1.93
2.01
2.16
2.33
2.29
2.33
2.31
4.81
4.83
4.82
4.78
4.8
4.8
4.71
4.68
4.72
4.29
4.29
5.37
5.67
5.71
5.31
5.61
5.0
5.0
5.01
5.02
5.0
4.97
4.94
4.97
5.54
5.59
5.64
5.72
5.91
5.96
6.0
6.04
5.81
2.03
1.57
1.49
1.31
1.27
1.23
1.18
1.15
1.11
1.08
1.04
1.01
1.0
0.97
0.94
0.92
0.89
0.88
0.86
0.85
0.83
0.82
0.81
0.79
0.78
0.77
0.77
0.75
0.74
0.74
0.73
0.72
0.71
0.7
0.69
0.69
0.69
0.68
0.68
0.67
0.66
0.66
0.66
0.65
0.64
0.64
0.64
0.64
0.64
0.63
0.62
0.63
0.61
0.62
0.62
0.61
0.61
0.61
0.61
0.61
0.61
0.61
0.61
0.61
0.61
0.61
