1.02
1.03
1.04
1.06
1.06
1.08
1.1
1.11
1.13
1.14
1.16
1.17
1.18
1.21
1.24
1.26
1.28
1.31
1.34
1.37
1.38
1.41
1.44
1.48
1.51
1.55
1.58
1.64
1.68
1.73
1.77
1.83
1.72
1.49
1.92
2.1
2.18
2.29
2.38
2.49
2.61
2.67
2.65
2.64
2.62
2.61
2.61
2.6
2.6
2.59
2.58
2.58
2.57
2.57
2.56
2.56
2.55
2.55
2.55
2.55
2.55
2.55
2.55
2.56
2.56
2.56
2.57
2.57
2.58
2.59
2.6
0.96
0.98
81.83
0.86
0.84
0.87
0.89
0.89
2.7
2.72
2.73
2.74
2.79
2.8
2.82
2.85
2.86
2.9
2.93
2.96
2.99
2.68
2.61
3.1
3.13
2.44
2.38
2.34
2.31
2.12
2.1
2.38
2.43
2.49
2.52
2.57
2.61
2.51
2.5
2.55
3.21
3.16
3.12
3.09
3.05
1.79
1.76
1.75
1.73
1.72
2.86
2.82
2.61
2.62
2.74
2.75
2.73
2.72
2.7
2.68
2.66
2.65
2.63
2.63
2.62
2.61
2.59
2.58
2.58
2.56
2.56
2.55
2.55
2.54
2.54
2.54
2.53
2.53
2.54
2.54
2.53
2.53
2.54
2.55
2.55
2.55
2.56
2.56
1.36
1.36
2.59
2.6
2.61
2.53
2.37
2.24
2.11
2.02
1.93
1.84
1.76
1.7
1.64
1.57
1.53
1.48
1.42
1.39
1.35
