0.73
0.73
0.73
0.68
0.64
0.61
0.57
0.55
0.52
0.5
0.46
0.45
0.44
0.43
0.44
0.44
0.45
0.45
0.45
0.45
0.46
0.46
0.46
0.46
0.47
0.47
0.47
0.47
0.49
0.5
0.5
0.5
0.51
0.52
0.52
0.54
0.55
0.56
0.57
0.58
0.6
0.61
0.63
0.64
0.65
0.67
0.68
0.7
0.72
0.74
0.89
0.91
0.95
0.98
1.01
1.06
1.07
1.07
1.11
1.46
1.55
1.58
1.58
1.61
1.71
1.83
1.98
1.97
1.97
1.91
1.96
2.43
2.43
2.93
3.17
3.48
4.13
14.06
18.44
18.56
17.45
14.05
14.02
14.03
5.81
5.64
4.93
4.03
3.48
3.07
2.72
2.45
2.22
2.03
1.89
1.75
1.65
1.57
1.47
1.39
1.32
1.26
1.19
1.14
1.1
1.05
1.01
0.97
0.94
0.89
0.87
0.84
0.81
0.79
0.78
0.76
0.73
0.71
0.7
0.68
0.67
0.66
0.65
0.64
0.63
0.62
0.61
0.59
0.59
0.58
0.57
0.55
0.55
0.54
0.54
0.53
0.52
0.52
0.51
0.5
0.5
0.49
0.49
0.49
0.49
0.48
0.48
0.48
0.48
0.48
0.47
0.47
0.47
0.46
0.46
0.46
0.45
0.45
0.45
0.45
0.45
0.44
0.45
0.44
0.44
0.44
0.44
0.44
0.44
0.44
0.44
0.44
0.44
0.44
0.44
0.44
0.44
0.44
0.44
0.44
