0.76
0.76
0.76
0.76
0.76
0.76
0.77
0.79
3.38
3.38
3.4
3.4
3.4
3.41
3.42
3.43
3.45
3.46
3.46
3.48
3.49
3.5
3.53
3.55
3.57
3.59
3.61
3.64
3.67
3.69
3.73
3.75
3.4
3.51
3.52
3.53
3.57
3.61
3.99
4.1
4.14
4.2
4.25
4.31
4.37
4.42
4.5
4.57
4.63
4.55
4.48
4.41
4.35
4.38
3.51
3.55
4.21
2.36
2.34
2.31
2.27
2.25
2.23
2.21
2.19
2.12
2.09
2.08
2.05
2.03
2.01
1.98
2.02
2.11
2.2
2.3
2.43
2.55
2.72
2.9
3.08
3.32
3.57
3.88
8.52
7.68
7.65
7.65
7.66
8.44
8.46
8.45
7.12
7.09
7.11
8.44
7.71
3.94
3.94
3.95
3.96
3.96
3.97
3.98
3.99
4.0
4.01
4.03
4.04
4.06
4.08
4.11
4.13
4.14
4.18
4.21
4.23
4.27
4.3
4.32
4.37
4.41
4.44
1.66
1.63
1.59
1.56
1.53
1.5
1.48
1.47
1.48
1.5
1.54
1.57
1.61
1.65
1.69
1.73
1.78
1.83
1.88
1.93
1.94
1.91
1.89
1.86
1.83
1.81
1.8
1.78
1.73
1.71
1.7
1.71
1.74
1.76
1.76
1.75
1.74
1.72
1.7
1.69
1.68
1.67
1.66
1.65
1.65
1.64
1.63
1.62
1.62
1.62
1.61
1.6
1.6
1.59
1.58
1.58
1.58
