0.58
0.58
0.58
0.59
0.59
0.67
3.71
3.71
3.71
3.73
3.73
3.73
3.76
3.77
3.78
3.79
3.8
3.82
3.83
3.86
3.87
3.89
3.91
3.94
3.96
3.83
3.54
3.4
3.26
3.16
3.04
2.94
2.85
2.76
2.68
2.67
2.58
2.3
2.26
2.12
2.02
1.92
1.84
1.77
1.7
1.68
1.7
1.72
1.72
1.74
1.76
1.78
1.8
5.5
5.42
5.4
5.51
8.49
8.41
10.27
10.27
10.17
10.05
9.96
9.86
9.77
9.69
9.61
8.74
8.66
8.63
7.86
9.28
9.26
9.2
9.15
9.1
9.02
8.97
8.93
8.9
8.24
8.23
8.79
7.75
6.31
5.98
5.96
5.94
4.2
4.21
4.2
4.2
3.83
3.83
3.79
3.78
3.76
3.74
3.71
3.71
3.69
3.67
3.67
3.65
3.64
3.62
3.6
3.6
3.57
3.57
3.57
3.55
3.53
3.52
3.5
3.49
3.49
3.48
3.47
3.47
3.48
3.47
3.24
3.39
3.48
3.32
3.37
3.5
3.51
3.53
3.52
3.54
3.56
3.56
3.58
3.59
3.57
8.61
8.62
3.46
8.65
8.78
8.78
8.8
6.85
8.86
6.39
7.0
7.16
7.26
8.99
6.36
3.82
3.72
3.73
3.76
1.53
1.5
1.53
3.73
3.89
3.98
4.02
9.51
7.56
7.11
9.74
7.71
7.75
7.31
6.94
8.39
8.81
81.83
1.54
1.52
1.5
1.03
1.01
