0.96
0.97
0.97
0.97
0.97
0.96
0.96
0.96
0.96
0.96
0.96
0.96
0.96
0.96
0.97
0.98
0.99
0.99
0.99
0.99
1.01
1.01
1.03
1.03
1.03
1.04
1.05
1.06
1.07
1.09
1.1
1.11
1.12
1.13
1.15
1.16
1.18
1.2
1.21
1.23
1.25
1.27
1.29
1.31
1.34
1.36
1.39
1.4
1.44
1.47
1.5
1.53
1.57
1.59
1.64
1.68
1.72
1.76
1.81
1.87
1.94
2.0
2.07
2.16
2.24
2.33
2.44
2.55
2.68
2.87
3.07
3.3
3.6
3.98
4.49
5.4
17.19
21.04
21.08
21.69
21.05
81.83
14.92
7.32
7.34
6.19
5.7
5.28
4.92
4.61
4.32
4.1
3.87
3.67
3.51
3.36
3.21
3.08
2.95
2.84
2.74
2.65
2.56
2.47
2.4
2.33
2.27
2.2
2.14
2.08
2.03
1.99
1.91
1.92
1.94
1.96
2.02
5.25
5.33
5.41
5.51
4.43
5.72
3.52
81.83
81.83
5.77
5.69
5.63
5.55
5.5
3.12
4.39
5.33
5.27
5.21
5.17
5.13
1.34
1.3
1.34
1.32
1.31
1.3
1.28
1.28
1.27
1.26
1.26
1.25
1.23
1.29
1.41
1.53
1.7
1.9
2.12
2.42
2.79
3.54
4.3
4.59
4.58
4.58
4.58
4.58
4.58
4.59
4.6
4.6
4.61
4.62
4.63
4.64
4.65
4.66
4.68
4.7
4.72
4.73
