0.59
0.6
0.61
0.62
0.63
0.64
0.64
0.66
0.67
0.67
0.69
0.7
0.71
0.73
0.74
0.76
0.78
0.79
0.81
0.82
5.13
5.26
5.41
5.56
5.73
5.91
6.11
6.32
6.54
6.8
7.06
7.36
7.68
8.02
7.99
7.94
7.9
7.86
4.98
4.93
4.9
4.89
4.87
4.86
3.84
3.83
3.83
3.79
3.78
5.05
5.05
5.05
5.05
5.06
5.05
5.06
5.05
7.47
7.49
6.41
6.4
7.51
7.54
7.55
6.94
6.95
6.97
6.99
7.68
7.09
7.09
7.11
7.4
7.88
7.93
7.99
8.04
4.25
4.13
3.61
3.48
3.42
3.42
3.44
3.48
3.52
3.47
3.38
3.29
3.21
3.13
3.05
3.04
3.05
3.06
3.11
3.16
3.21
3.25
3.32
3.37
3.43
3.5
0.9
0.9
0.88
0.86
0.86
0.85
0.84
0.83
0.82
0.81
0.8
0.79
0.79
0.75
0.75
0.74
0.75
0.76
0.79
0.79
0.84
0.89
0.9
0.89
0.88
0.89
0.92
0.96
1.0
1.03
1.07
1.13
1.18
1.23
1.3
1.36
1.44
1.52
1.6
1.71
3.95
3.94
4.07
4.09
4.09
3.68
3.57
4.08
4.12
4.12
4.13
4.15
4.16
4.18
4.2
4.21
4.23
4.25
4.26
4.28
4.31
4.34
4.37
4.4
4.43
4.47
4.51
4.54
2.84
2.88
3.55
4.71
4.75
1.23
1.17
1.11
1.03
