1.37
1.37
1.39
1.4
1.41
3.67
5.18
5.34
1.91
1.91
1.9
1.92
1.91
1.9
1.9
1.9
1.92
2.24
2.25
2.25
2.26
2.27
2.28
2.29
2.63
2.65
2.67
2.68
2.72
2.7
2.59
2.51
2.5
4.54
4.47
4.46
4.47
4.58
4.7
6.18
6.18
6.23
6.11
5.99
5.16
5.13
5.14
5.26
5.19
5.17
5.17
5.21
5.28
5.7
5.79
7.3
6.1
7.43
6.58
6.57
6.6
6.74
6.94
5.95
5.88
5.51
5.44
5.4
5.4
5.52
5.6
5.8
3.57
3.56
3.55
3.52
3.5
3.48
3.47
3.45
3.4
3.38
3.35
3.3
3.34
3.58
3.86
4.19
4.65
5.12
5.81
6.55
7.6
9.25
15.21
15.15
15.13
15.12
15.12
15.12
15.14
10.75
10.69
10.74
10.86
10.99
9.82
7.83
7.12
6.5
6.01
5.58
5.2
4.86
4.57
4.33
4.1
3.88
3.72
3.55
3.41
3.27
3.15
3.04
2.92
2.83
2.74
2.65
2.58
2.51
2.44
2.38
2.32
2.26
2.2
2.16
2.11
2.06
2.02
1.98
1.94
1.91
1.88
1.85
1.81
1.78
1.76
1.73
1.7
1.68
1.64
1.66
1.71
1.74
1.79
3.28
3.37
3.48
3.57
3.68
3.81
3.96
4.09
4.25
3.99
3.97
3.93
3.91
3.88
3.87
3.85
3.81
3.79
3.78
3.77
3.75
3.74
4.04
4.04
4.04
