4.62
4.59
4.53
4.49
4.44
4.4
4.36
4.34
4.3
4.26
4.23
4.2
4.18
3.92
3.89
3.88
3.86
3.85
3.82
3.8
3.81
3.98
3.96
3.96
3.94
3.93
3.93
3.93
3.92
3.92
3.91
3.91
3.91
3.91
3.91
3.92
3.92
3.93
3.93
3.93
3.93
3.95
3.96
2.66
2.43
2.43
2.44
2.45
2.47
2.48
2.49
2.51
2.53
2.54
2.55
2.56
2.59
2.61
2.62
2.65
1.01
0.99
0.86
0.86
1.02
0.9
1.05
1.05
1.06
1.08
1.08
1.1
1.13
1.15
1.15
1.2
1.2
1.21
1.24
0.91
0.53
0.49
81.83
1.38
1.39
1.13
1.14
1.52
1.53
1.58
1.61
1.64
1.74
1.75
81.83
81.83
81.83
81.83
81.83
81.83
81.83
1.75
1.77
1.75
0.88
0.86
1.73
1.73
1.72
1.71
1.7
1.69
1.68
1.68
1.67
1.66
1.66
1.64
1.64
2.05
2.28
2.29
1.65
1.36
1.28
1.23
1.19
1.15
1.11
1.08
1.04
1.03
0.99
0.96
0.94
0.93
0.96
0.96
0.98
0.99
1.01
1.03
1.04
1.06
1.08
1.1
1.12
1.14
1.15
1.18
1.21
1.23
1.26
1.28
1.38
1.51
1.38
1.36
1.39
1.6
1.59
1.58
1.56
1.54
1.53
1.52
1.5
1.49
1.48
1.44
1.43
1.45
0.85
0.78
0.8
1.41
1.42
1.42
1.14
1.07
