0.75
0.75
0.76
0.76
0.76
0.76
0.76
0.77
0.77
0.78
0.78
0.79
0.8
0.8
0.81
0.81
0.83
0.83
0.83
0.83
0.84
0.85
0.84
0.86
0.88
0.89
0.89
0.89
0.91
0.93
0.94
0.95
0.97
0.99
1.0
1.01
1.03
1.05
1.07
1.07
1.05
1.03
1.02
1.0
1.0
0.98
0.97
0.94
0.94
0.93
0.91
0.91
0.9
0.89
0.92
1.61
1.67
1.72
1.79
1.86
1.4
1.99
2.1
2.19
2.31
2.43
2.57
2.73
2.9
3.11
3.36
2.54
3.97
4.38
4.89
3.71
5.87
5.86
5.86
13.6
12.31
12.31
13.54
13.56
15.97
81.83
16.0
8.84
7.48
6.31
5.51
4.88
4.38
3.96
3.64
3.35
3.15
3.15
3.17
3.2
6.72
2.21
2.16
2.06
1.99
2.0
2.01
2.03
2.05
2.06
2.08
2.1
2.13
2.14
2.17
2.2
2.22
2.25
2.26
2.29
2.33
2.36
2.4
2.43
2.47
2.5
2.55
2.59
2.64
2.67
2.73
2.79
2.84
2.9
2.95
3.02
3.1
3.17
3.25
3.33
3.42
3.52
3.61
3.72
3.84
3.96
4.09
4.23
4.38
4.47
4.44
4.41
4.38
4.34
4.32
4.29
4.27
1.52
1.51
1.51
1.5
1.5
1.5
1.48
1.48
1.47
1.47
1.47
1.47
1.47
1.46
1.47
1.46
1.46
1.47
1.47
1.47
1.47
1.47
1.47
