0.5
0.51
0.5
0.5
0.51
0.51
0.51
0.5
0.51
0.51
0.51
0.52
0.52
0.52
0.52
0.52
0.52
0.53
0.53
0.53
0.53
0.53
0.53
0.53
0.54
0.54
0.54
0.55
0.55
0.56
0.56
0.57
0.58
0.59
0.59
0.6
0.6
0.61
0.62
0.62
0.63
0.64
0.65
0.66
0.67
0.69
0.7
0.71
0.72
0.73
0.74
0.76
0.77
0.78
0.8
0.83
0.84
0.87
0.9
0.92
0.94
0.98
1.0
1.03
1.06
1.1
1.14
1.17
1.23
1.27
1.32
1.38
1.44
1.5
1.59
1.66
1.75
1.85
1.98
2.13
2.31
2.5
2.74
3.05
7.41
7.39
6.55
6.37
6.36
7.62
7.62
7.63
7.63
7.63
10.04
10.06
8.81
10.06
10.08
10.1
9.48
9.5
9.52
9.57
3.26
2.98
2.99
2.99
3.0
2.95
2.95
2.04
1.98
1.89
1.82
1.73
1.66
1.6
1.54
1.49
1.43
1.4
1.34
1.3
1.26
1.23
1.2
1.16
1.14
1.11
1.08
1.05
1.03
1.01
0.98
0.96
0.95
0.93
0.93
0.92
0.9
0.88
0.88
0.86
0.85
0.84
0.84
0.82
0.82
0.8
0.8
0.8
0.79
0.78
0.77
0.77
0.76
0.75
0.74
0.75
0.74
0.74
0.73
0.72
0.72
0.72
0.7
0.7
0.7
0.7
0.7
0.7
0.7
0.69
0.69
0.69
0.69
0.68
0.68
0.69
