4.98
5.0
5.04
5.08
5.12
5.15
5.2
3.78
3.65
3.53
3.43
3.34
3.25
3.16
3.09
3.01
2.94
2.87
2.8
2.73
2.67
2.64
2.63
2.6
2.61
2.66
2.71
2.75
2.81
2.87
2.94
2.99
3.04
2.99
2.95
2.92
2.87
2.85
2.81
2.78
2.75
2.72
2.7
2.68
2.65
2.64
2.62
2.6
2.58
2.57
2.65
2.81
6.64
6.57
6.53
7.33
7.29
4.9
4.86
4.84
4.86
4.86
4.84
4.84
4.85
4.65
4.64
4.63
4.69
4.95
4.95
4.95
4.95
4.95
4.95
4.96
5.03
7.19
7.2
7.22
7.24
7.27
7.29
7.32
7.35
7.38
7.41
7.45
7.18
6.81
6.49
6.19
5.92
5.67
5.46
5.27
5.08
4.92
4.77
4.62
4.48
4.4
4.43
4.49
4.53
8.7
7.19
7.02
6.87
6.6
3.4
3.32
3.26
3.2
3.17
3.61
3.67
3.74
3.81
3.89
3.97
4.02
3.96
3.93
3.9
1.22
1.17
1.14
1.13
1.11
1.08
1.07
1.05
1.03
1.02
0.99
0.98
0.97
0.96
0.94
0.93
0.91
0.9
0.89
0.88
0.88
0.86
0.85
0.85
0.83
0.82
0.82
0.8
0.79
0.79
0.79
0.8
0.79
0.78
0.78
0.77
0.77
0.76
0.75
0.75
0.75
0.74
0.74
0.74
0.73
0.73
0.73
0.73
0.72
0.73
0.73
0.73
0.74
0.73
0.73
