15.9
81.83
81.83
81.83
81.83
9.7
8.37
7.27
6.42
5.81
5.82
5.85
4.5
4.17
3.9
3.66
3.44
3.24
3.08
2.93
2.79
2.66
2.55
2.46
2.36
2.28
2.2
2.13
2.04
1.99
1.93
1.87
1.81
1.77
1.72
1.67
1.63
1.59
1.56
1.53
1.49
1.46
1.43
1.4
1.37
1.38
1.34
1.31
1.29
1.27
1.25
1.23
1.22
1.2
1.19
1.18
1.17
1.15
1.14
1.13
1.12
1.1
1.1
1.09
1.08
1.07
1.06
1.06
1.04
1.04
1.04
1.04
1.03
1.03
1.02
1.01
1.01
1.0
1.0
0.99
0.99
0.98
0.98
0.99
0.98
0.98
0.98
0.98
0.98
0.98
0.98
0.98
0.98
0.98
0.98
0.96
2.13
2.12
4.65
4.19
4.21
5.62
5.26
5.25
5.53
4.96
5.01
5.01
5.02
5.05
4.96
4.96
5.6
5.65
5.72
5.91
6.03
6.09
6.14
6.04
5.94
5.98
6.08
6.14
6.55
4.36
6.29
6.09
6.01
4.69
2.27
2.25
2.21
2.16
2.12
2.01
1.81
1.78
1.74
1.74
1.6
1.56
1.54
1.51
1.5
1.48
1.47
1.45
1.43
1.41
1.39
1.38
1.38
1.37
1.36
1.34
1.33
1.32
1.32
1.31
1.3
1.29
1.28
1.27
1.27
1.28
1.27
1.26
1.25
1.25
1.25
1.25
1.24
1.24
1.24
1.24
1.23
1.23
1.23
1.23
