3.17
3.06
2.97
2.87
2.85
2.84
2.86
2.88
2.93
2.95
3.0
3.04
3.08
3.13
3.18
3.24
3.17
3.12
3.06
3.01
2.97
2.91
2.88
2.83
2.8
2.76
2.73
2.7
2.67
2.65
2.63
2.6
2.57
2.55
2.52
2.5
2.49
2.47
2.45
2.44
2.43
2.41
2.4
2.38
2.37
2.35
2.35
2.34
2.33
2.32
2.31
2.31
2.3
2.3
2.3
2.3
2.3
2.3
2.31
2.3
2.3
2.31
2.31
2.3
2.31
2.36
5.18
5.15
5.14
5.46
5.83
6.25
6.72
7.3
7.99
8.83
9.83
11.1
16.61
16.53
81.83
81.83
81.83
15.0
81.83
81.83
81.83
81.83
81.83
7.85
6.54
5.57
4.92
4.96
4.98
3.6
3.29
3.04
2.84
2.65
2.47
2.33
2.2
2.09
1.98
1.9
1.82
1.74
1.67
1.6
1.56
1.49
1.44
1.4
1.35
1.3
1.27
1.22
1.19
1.16
1.12
1.09
1.07
1.04
1.01
1.0
0.97
0.95
0.94
0.92
0.91
0.89
0.88
0.86
0.85
0.84
0.83
0.82
0.81
0.8
0.79
0.77
0.77
0.76
0.76
0.76
0.75
0.74
0.74
0.73
0.73
0.72
0.72
0.71
0.71
0.72
0.71
0.7
0.7
0.7
0.69
0.68
0.7
0.68
0.66
0.68
0.68
0.67
0.67
0.68
0.67
0.67
0.67
0.67
0.67
0.67
0.67
0.67
0.67
0.67
