8.04
8.09
7.83
7.44
7.12
6.8
6.52
6.26
6.03
5.82
5.62
5.45
5.26
5.11
5.11
5.11
5.18
5.21
9.38
9.5
9.61
4.06
3.97
3.89
3.81
3.81
4.24
4.31
4.38
4.46
1.77
1.73
1.68
1.63
1.59
1.54
1.51
1.48
1.44
1.41
1.38
1.35
1.33
1.29
1.26
1.26
1.23
1.2
1.18
1.16
1.15
1.12
1.13
1.11
1.1
1.08
1.07
1.05
1.04
1.02
1.01
1.01
1.0
0.99
0.98
0.98
0.97
0.96
0.95
0.95
0.94
0.94
0.93
0.92
0.91
0.91
0.91
0.9
0.9
0.89
0.89
0.89
0.89
0.89
0.89
0.9
0.89
0.9
0.9
0.89
0.9
0.9
0.89
0.89
0.88
0.88
0.89
0.89
0.89
0.9
0.91
0.91
0.91
0.92
0.92
0.93
0.94
0.94
0.95
0.96
0.95
0.96
0.96
0.98
0.98
1.0
1.01
1.02
1.03
1.05
1.06
1.07
1.09
1.11
1.12
1.13
1.14
1.16
1.18
1.2
1.22
1.25
1.27
1.29
1.32
1.34
1.37
1.39
1.43
1.47
1.5
1.54
1.57
1.61
1.66
1.72
1.76
1.82
1.88
1.95
2.03
2.12
2.21
2.3
2.44
2.56
2.73
2.92
3.14
3.41
3.79
4.25
5.21
16.13
16.14
16.15
19.33
19.33
20.01
20.01
13.84
6.43
6.28
5.31
4.83
4.44
4.12
3.84
3.62
3.4
