0.59
0.59
0.59
0.59
0.59
0.59
0.59
0.58
0.58
0.58
0.59
0.59
0.59
0.58
0.59
0.59
0.59
0.59
0.6
0.6
0.6
0.61
0.61
0.61
0.62
0.62
0.63
0.64
0.64
0.65
0.66
0.65
0.66
0.67
0.68
0.69
0.69
0.71
0.72
0.72
0.74
0.75
0.76
0.77
0.78
0.8
0.81
0.83
0.85
0.87
0.89
0.9
0.92
0.95
0.96
1.0
1.02
1.05
1.09
1.12
1.14
1.18
1.22
1.27
1.31
1.36
1.41
1.47
1.54
1.6
1.68
1.77
1.88
2.0
2.14
2.37
2.7
3.23
7.14
6.3
7.17
7.25
7.26
12.27
12.25
12.25
12.25
12.26
12.37
15.93
15.96
16.82
16.11
11.9
10.26
9.92
8.29
7.47
6.82
6.36
2.57
2.37
2.38
2.37
2.4
2.35
2.36
2.36
2.37
2.37
1.44
1.43
1.38
1.32
1.28
1.23
1.18
1.14
1.11
1.07
1.04
1.03
0.99
0.96
0.94
0.91
0.9
0.88
0.87
0.86
0.83
0.82
0.81
0.8
0.79
0.78
0.76
0.75
0.74
0.73
0.73
0.72
0.71
0.71
0.7
0.69
0.69
0.67
0.67
0.66
0.66
0.65
0.65
0.64
0.64
0.64
0.63
0.62
0.62
0.63
0.63
0.62
0.61
0.62
0.62
0.62
0.61
0.61
0.61
0.6
0.6
0.59
0.59
0.59
0.59
0.59
0.59
0.6
0.59
0.6
