0.83
0.84
0.84
0.84
0.85
0.86
0.86
0.88
0.88
0.89
0.9
0.9
0.91
0.92
0.93
0.94
0.95
0.97
0.97
0.99
1.0
1.01
1.03
1.04
1.06
1.07
1.09
1.11
1.13
1.15
1.18
1.2
1.22
1.25
1.27
1.3
1.33
1.36
1.39
1.24
1.21
1.22
1.26
1.29
1.32
1.36
1.4
1.45
1.47
1.53
1.58
1.64
1.7
1.76
1.83
1.91
2.0
3.73
3.7
3.69
3.67
3.66
3.64
3.63
3.61
3.61
3.6
3.59
3.45
3.57
3.57
3.57
3.56
3.56
3.56
3.56
3.56
3.56
3.57
3.57
3.58
1.95
1.94
1.95
1.96
1.96
1.96
1.97
1.98
1.99
2.0
2.01
2.03
2.04
2.05
2.06
2.08
2.09
2.11
2.12
2.14
2.16
2.18
2.21
2.22
2.25
2.28
2.3
2.33
2.35
2.38
2.41
2.44
2.48
2.52
2.55
2.59
2.62
2.67
2.71
2.77
2.82
2.87
2.93
2.99
3.06
3.12
3.2
3.27
1.5
3.43
3.52
3.62
3.73
3.85
3.97
4.08
4.23
4.38
4.53
4.71
1.44
1.42
1.39
1.37
1.36
0.93
0.93
1.32
1.3
1.29
1.28
1.24
1.26
1.26
1.27
1.26
1.26
1.25
1.26
1.25
1.26
1.28
1.31
1.31
1.31
6.13
6.16
6.17
3.97
6.18
3.42
6.09
6.21
1.77
5.94
5.81
5.77
5.38
5.03
