3.45
3.38
3.33
3.29
3.24
3.2
3.16
3.12
3.09
3.06
3.02
2.99
2.96
2.93
2.92
2.89
2.86
2.84
2.83
2.8
2.78
2.77
2.75
2.74
2.72
2.71
2.7
2.7
2.68
2.67
2.67
2.66
2.65
2.65
2.64
2.64
2.65
2.65
2.65
2.63
2.63
2.64
2.65
2.66
2.66
2.67
2.68
0.93
0.85
0.83
0.83
0.8
0.79
0.8
0.8
0.84
0.86
0.86
0.87
0.88
0.89
0.91
0.93
0.94
0.94
0.96
0.98
1.0
1.01
1.03
1.05
1.08
1.1
1.11
1.13
1.16
1.18
1.21
1.25
1.28
1.32
1.36
1.39
1.44
1.47
1.53
1.57
1.63
1.68
1.74
1.82
1.88
1.97
2.06
2.15
2.27
2.39
2.53
2.68
2.78
2.78
2.77
2.76
2.75
2.74
2.73
2.73
2.72
2.72
2.72
2.71
2.7
2.71
2.7
2.7
2.71
2.71
2.71
2.72
2.72
2.73
2.74
2.74
2.75
2.76
2.77
2.78
2.79
2.81
2.82
2.84
2.85
2.86
2.87
2.89
2.92
2.93
2.95
2.98
3.01
1.3
1.27
3.09
3.11
2.54
2.55
3.22
3.26
81.83
1.88
1.88
1.92
81.83
1.96
3.57
3.62
3.68
0.79
0.79
3.49
3.45
3.38
3.33
3.3
3.25
3.2
3.16
3.1
2.01
3.05
3.01
2.97
2.93
2.91
2.88
2.85
2.83
2.8
2.77
2.76
