1.49
1.48
1.48
1.48
1.48
1.48
1.47
1.48
1.48
1.49
1.49
1.49
1.5
1.5
1.5
1.51
1.51
1.52
1.53
1.53
1.54
1.55
1.55
1.56
1.56
1.57
1.59
1.6
1.61
1.63
1.64
1.65
1.66
1.68
1.69
1.72
1.73
1.75
1.78
1.79
1.82
1.85
1.87
1.89
1.92
1.95
1.98
2.0
2.03
2.07
2.1
2.15
2.19
2.23
2.28
2.33
2.38
2.43
2.48
2.55
2.61
2.68
2.76
2.83
2.91
3.0
5.52
4.42
4.38
81.83
5.4
4.8
5.07
81.83
8.65
15.13
11.98
11.67
7.4
7.25
7.23
7.16
7.2
14.57
10.86
7.99
81.83
81.83
81.83
81.83
81.83
5.53
5.63
81.83
5.54
81.83
81.83
81.83
81.83
81.83
81.83
81.83
4.7
81.83
81.83
81.83
81.83
81.83
81.83
81.83
81.83
81.83
81.83
3.93
3.96
3.97
4.0
4.03
4.06
4.1
4.13
3.9
3.78
3.99
4.03
4.0
3.92
3.81
3.71
3.62
3.65
3.7
3.74
3.77
3.37
3.39
3.44
3.5
3.93
3.93
3.97
4.04
4.11
4.23
4.43
5.55
5.67
3.91
3.88
3.96
6.19
6.13
6.07
6.0
5.95
0.71
0.72
0.72
0.72
0.71
0.71
0.69
0.69
0.69
0.69
0.67
0.68
0.67
0.68
0.67
0.67
0.66
0.67
0.66
0.66
0.66
0.66
0.66
0.65
0.65
