1.47
1.49
1.5
1.51
1.53
1.54
1.55
1.57
1.59
1.6
1.61
1.63
1.66
1.68
1.7
1.73
1.75
1.78
1.82
1.84
1.84
1.46
1.94
1.99
2.02
2.06
2.12
2.17
2.23
2.27
2.33
2.41
2.48
2.31
1.88
2.27
2.26
2.24
2.23
2.21
2.2
2.18
2.18
2.17
2.16
2.14
2.14
2.13
2.13
2.18
2.22
2.51
2.97
3.54
7.5
7.44
7.39
7.34
7.31
7.25
7.19
7.16
7.11
7.08
7.04
7.01
6.98
6.96
6.95
6.9
6.89
6.86
6.85
6.84
6.82
6.81
6.82
6.79
7.93
10.46
10.36
9.97
11.35
11.37
10.64
10.63
10.65
6.14
5.47
4.91
4.48
4.5
4.51
4.52
4.78
3.27
3.08
2.91
2.75
2.61
2.5
2.39
2.3
2.19
2.12
2.03
1.95
1.89
1.82
1.77
1.71
1.67
1.62
1.57
1.54
1.49
1.46
1.43
1.4
1.38
1.34
1.31
1.29
1.26
1.25
1.23
1.22
1.2
1.18
1.21
1.16
1.12
1.12
1.1
1.09
1.07
1.06
1.05
1.05
1.03
1.02
1.02
1.0
1.0
0.98
0.99
0.98
0.97
0.96
0.96
0.95
0.95
0.93
0.94
0.93
0.92
0.92
0.92
0.92
0.92
0.92
0.91
0.91
0.91
0.9
0.91
0.9
0.9
0.9
0.9
0.91
0.91
0.91
0.91
0.91
0.91
0.91
0.9
0.92
0.91
