0.74
0.75
0.75
0.75
0.76
0.77
0.76
0.76
0.76
0.76
0.76
0.76
0.77
0.77
0.78
0.78
0.79
0.8
0.8
0.8
0.81
0.81
0.82
0.82
0.82
0.83
0.84
0.84
0.85
0.86
0.87
0.88
0.88
0.9
0.91
0.91
0.94
0.94
0.95
0.97
0.99
1.0
1.02
1.03
1.05
1.07
1.09
1.1
1.14
1.17
1.19
1.22
1.25
1.28
1.32
1.36
1.41
1.44
1.49
1.55
1.59
1.65
1.71
1.77
1.84
1.93
2.0
2.09
2.21
2.31
2.45
2.58
2.74
2.9
3.11
3.34
3.61
3.94
4.34
5.05
5.55
8.09
8.08
8.06
8.06
8.03
10.4
10.42
10.43
10.24
10.24
10.54
10.55
10.56
12.86
12.87
12.9
12.95
12.97
13.02
13.06
2.61
2.2
1.89
1.69
1.54
1.41
1.34
1.21
1.14
1.08
1.04
0.99
0.93
0.9
0.86
0.83
0.79
0.75
0.73
0.73
0.69
0.68
0.66
0.64
0.64
0.62
0.6
0.59
0.58
0.56
0.56
0.54
0.54
0.53
0.51
0.5
0.49
0.49
0.48
0.47
0.47
0.46
0.46
0.45
0.45
0.45
0.44
0.44
0.43
0.43
0.42
0.42
0.42
0.42
0.41
0.41
0.4
0.4
0.4
0.39
0.39
0.39
0.39
0.38
0.38
0.37
0.38
0.38
0.38
0.37
0.37
0.37
0.36
0.36
0.35
0.35
0.34
0.34
0.35
