4.56
4.6
4.68
4.65
4.56
4.5
4.41
4.35
4.28
4.22
4.15
4.1
4.04
3.99
3.93
3.88
3.84
3.79
3.75
3.71
0.67
0.64
0.62
0.62
0.62
0.61
0.6
0.6
0.6
0.6
0.59
0.58
0.58
0.58
0.58
0.58
0.58
0.58
0.58
0.58
0.58
0.58
0.57
0.57
0.57
0.57
0.57
0.56
0.56
0.57
0.56
0.56
0.56
0.56
0.56
0.56
0.56
0.57
0.57
0.57
0.57
0.57
0.57
0.58
0.58
0.58
0.58
0.59
0.59
0.59
0.59
0.6
0.61
0.6
0.61
0.62
0.62
0.62
0.64
0.64
0.64
0.64
0.65
0.66
0.67
0.67
0.69
0.69
0.7
0.7
0.72
0.72
0.72
0.75
0.75
0.77
0.8
0.81
0.81
0.83
0.85
0.85
0.89
0.89
0.93
0.93
0.96
1.0
1.02
1.05
1.09
1.13
1.15
1.21
1.24
1.29
1.34
1.4
1.46
1.54
1.61
1.68
1.78
1.87
2.57
6.41
6.39
6.37
6.34
6.31
5.49
5.48
5.48
5.48
5.48
6.21
6.3
6.29
6.28
4.94
4.93
4.93
4.93
4.95
6.21
5.53
5.54
5.57
5.6
5.61
6.24
2.0
1.82
1.83
1.83
1.84
1.84
1.85
1.86
1.87
1.88
1.9
1.9
1.92
1.93
1.94
1.96
1.97
1.99
2.01
2.02
2.06
2.06
2.09
2.11
2.14
2.16
2.2
2.22
2.26
