1.41
1.32
1.28
1.23
1.2
1.16
1.15
1.17
1.18
1.2
1.21
1.22
1.24
1.26
1.29
1.31
1.32
1.34
1.36
1.39
1.41
1.44
1.46
1.49
1.52
1.55
1.58
1.62
1.66
1.7
1.74
1.8
1.85
1.9
1.95
2.03
2.1
2.18
2.26
2.36
7.6
7.61
7.63
7.65
7.67
7.12
5.25
2.56
2.55
5.23
81.83
81.83
13.9
12.81
12.2
11.64
11.13
10.67
10.26
9.87
9.52
9.17
8.88
8.6
8.35
8.39
8.48
81.83
10.74
10.82
10.94
81.83
11.13
11.23
12.53
12.71
12.82
12.57
12.34
81.83
81.83
81.83
81.83
81.83
81.83
3.54
3.69
3.61
81.83
81.83
3.73
81.83
81.83
81.83
81.83
2.92
5.51
7.64
5.01
8.01
8.59
4.91
5.91
9.28
9.24
1.85
1.52
1.51
1.5
1.49
1.49
1.48
1.48
1.48
1.47
1.46
1.45
1.42
1.4
1.37
1.36
1.39
1.42
1.45
1.48
1.5
4.76
7.82
4.65
2.3
2.27
5.48
4.43
5.17
7.1
7.01
4.87
5.25
6.77
6.7
6.64
6.57
6.51
3.96
4.42
6.35
6.29
6.26
6.31
3.81
3.59
81.83
4.46
4.53
81.83
81.83
6.15
6.13
81.83
4.39
3.51
4.34
4.52
3.98
0.93
5.88
5.84
5.82
0.95
0.96
0.9
0.92
0.89
0.9
1.01
1.08
1.1
1.09
1.08
1.09
