1.06
1.06
1.06
1.06
1.06
1.06
1.06
1.06
1.07
1.0
0.8
0.78
0.79
1.07
1.08
1.09
1.1
1.1
1.1
1.1
1.11
1.11
1.11
1.12
1.13
1.14
1.15
1.16
1.17
1.18
1.19
1.21
1.21
0.83
0.82
0.79
0.76
0.75
0.73
0.72
0.7
0.68
0.66
0.66
0.64
0.64
0.62
0.61
0.6
0.59
0.58
0.57
0.56
0.56
0.55
0.54
0.53
0.53
0.53
0.53
0.54
0.56
0.58
0.59
0.61
0.63
0.64
0.68
0.7
0.73
0.76
0.79
0.84
0.89
0.95
3.55
3.53
3.52
3.39
3.38
3.37
3.36
3.35
3.33
3.32
3.32
3.46
3.47
3.96
5.33
5.33
5.31
5.31
5.31
5.32
5.83
5.18
5.17
5.27
5.28
5.29
3.31
3.31
3.32
3.33
3.34
3.36
3.37
3.13
2.94
1.17
1.16
1.16
1.2
1.42
1.71
2.04
1.99
1.91
1.84
1.79
1.73
1.67
1.62
1.57
1.53
1.49
1.46
1.41
1.37
1.36
1.32
1.28
1.26
1.23
1.21
1.18
1.16
1.15
1.12
1.1
1.09
1.08
1.06
1.05
1.04
1.02
1.01
0.99
0.98
0.97
0.96
0.95
0.94
0.93
0.92
0.92
0.9
0.9
0.89
0.88
0.87
0.87
0.86
0.86
0.85
0.83
0.83
0.83
0.82
0.86
0.86
0.94
0.95
0.94
0.94
0.94
0.94
0.93
0.94
