0.74
0.74
0.73
0.73
0.73
0.73
0.73
0.73
0.73
0.73
0.73
0.73
0.73
0.73
0.73
0.74
0.74
0.74
0.74
0.74
0.74
0.74
0.75
0.75
0.75
0.75
0.76
0.76
0.77
0.77
0.77
0.78
0.68
0.64
0.64
0.64
0.65
0.66
0.66
0.66
0.67
0.68
0.67
0.68
0.69
0.7
0.71
0.72
0.73
0.74
0.74
0.75
0.76
0.78
0.79
0.81
0.82
0.83
0.85
0.87
0.89
0.91
0.92
0.94
0.97
0.98
1.01
1.03
1.06
1.09
1.11
1.15
1.19
1.22
1.26
1.45
3.05
3.03
3.0
2.98
2.96
2.95
2.93
2.92
2.91
2.89
2.88
2.87
2.86
2.85
2.84
2.83
2.83
2.79
2.81
2.81
2.8
2.8
2.8
2.8
2.8
2.8
2.81
2.81
2.81
2.82
2.83
2.83
2.84
2.85
2.86
2.87
2.87
1.26
1.23
1.21
1.21
1.24
1.24
1.25
1.26
1.27
1.27
1.29
1.3
1.31
1.32
1.33
1.34
1.36
1.37
1.39
1.4
1.42
1.44
1.46
1.48
1.49
1.51
1.54
1.56
1.58
1.61
1.63
1.66
1.69
1.73
1.75
1.79
1.82
1.86
1.89
1.95
1.99
2.04
2.08
2.14
2.2
2.26
2.33
2.4
2.48
2.56
2.65
2.74
2.85
2.97
3.09
3.22
3.38
3.54
3.73
3.94
4.18
4.42
4.72
4.93
4.89
4.86
5.05
