0.61
0.61
0.61
0.61
0.61
0.61
0.61
0.62
0.62
0.61
0.61
0.61
0.62
0.62
0.62
0.62
0.62
0.62
0.62
0.63
0.62
0.62
0.62
0.62
0.63
0.63
0.64
0.64
0.64
0.64
0.64
0.64
0.66
0.66
0.67
0.67
0.69
0.69
0.69
0.7
0.72
0.72
0.73
0.73
0.76
0.76
0.77
0.78
0.8
0.8
0.81
0.82
0.84
0.85
0.87
0.9
0.92
0.93
0.96
0.99
1.01
1.04
1.06
1.09
1.11
1.16
1.19
1.24
1.29
1.34
1.38
1.43
1.5
1.57
1.63
1.7
1.79
1.89
2.0
2.11
2.24
2.39
2.56
2.76
2.98
3.25
3.58
3.98
4.48
5.47
13.42
19.09
19.96
18.54
15.43
15.42
15.42
12.63
12.66
12.72
6.76
6.56
6.8
5.14
5.8
4.11
4.71
4.29
3.95
3.4
3.4
3.2
3.02
2.85
1.87
1.72
1.65
1.57
1.51
1.45
1.39
1.35
1.29
1.25
1.22
1.18
1.14
1.12
1.08
1.05
1.03
1.01
0.98
0.95
0.95
0.92
0.9
0.88
0.87
0.85
0.84
0.83
0.8
0.8
0.79
0.78
0.76
0.75
0.74
0.73
0.72
0.71
0.7
0.69
0.69
0.69
0.68
0.67
0.66
0.66
0.65
0.65
0.64
0.64
0.63
0.63
0.62
0.61
0.61
0.62
0.61
0.6
0.6
0.6
0.59
0.59
0.59
0.58
0.58
0.58
