1.07
1.07
1.08
1.08
1.09
1.09
1.1
1.1
1.11
1.11
1.12
1.12
1.13
1.14
1.14
1.15
1.15
1.17
1.17
1.18
1.19
1.21
1.21
1.22
1.24
1.26
1.26
1.28
1.3
1.32
1.34
1.36
1.37
1.39
1.41
1.43
1.46
1.48
1.51
1.54
1.56
1.6
1.63
1.67
1.71
1.74
1.79
1.83
1.88
1.94
1.99
2.06
2.12
2.2
2.27
2.36
2.46
2.57
2.67
2.81
2.98
3.16
3.4
3.67
4.02
4.47
5.23
13.41
13.41
13.41
13.41
13.41
13.43
13.44
13.46
13.5
11.01
9.77
8.86
8.03
7.68
7.68
6.35
5.93
5.59
5.26
4.99
4.72
4.5
4.29
4.12
3.96
3.8
3.64
3.52
3.4
3.29
3.19
3.09
3.0
2.91
2.81
2.75
2.68
2.61
2.54
2.48
2.43
2.37
2.32
2.28
2.24
2.19
2.16
2.15
2.21
2.25
2.31
2.35
5.02
5.13
4.96
4.85
4.55
5.38
7.09
7.02
6.95
5.58
6.82
6.74
6.7
6.64
6.59
6.54
6.49
6.45
6.4
5.58
5.56
5.52
5.5
5.49
6.01
6.17
4.73
6.17
6.01
6.12
6.12
6.1
6.04
6.03
6.02
6.0
6.0
5.99
5.99
5.95
5.4
5.4
5.39
6.01
5.0
4.94
4.94
4.87
6.07
6.07
6.09
4.34
4.05
3.76
3.72
3.74
3.75
3.76
3.54
3.59
3.65
