0.68
0.7
0.73
0.76
0.81
0.85
0.84
0.84
0.83
0.83
0.82
0.82
0.82
0.81
0.81
0.81
0.81
0.81
0.8
0.79
0.79
0.79
0.79
0.8
0.8
0.79
0.79
0.79
0.79
0.79
0.79
0.79
0.79
0.8
0.8
0.8
0.8
0.81
0.81
0.82
0.82
0.82
0.83
0.84
0.85
0.85
0.86
0.86
0.87
0.87
0.89
0.9
0.9
0.91
0.92
0.93
0.93
0.9
0.88
0.86
0.83
0.81
0.79
0.78
0.77
0.75
0.75
0.76
0.76
0.76
0.79
0.83
0.86
0.89
0.93
0.97
1.01
1.01
1.0
1.0
0.99
0.99
0.98
0.97
0.97
0.96
0.96
0.95
0.95
0.96
0.95
0.95
0.95
0.95
0.95
0.95
0.95
0.95
0.96
0.96
0.95
0.95
0.96
0.95
0.95
0.95
0.95
0.96
0.96
0.87
0.82
0.77
0.72
0.69
0.69
0.77
1.01
1.02
1.03
1.04
1.05
1.06
1.07
1.08
1.09
1.11
1.11
1.12
1.14
1.15
1.17
1.18
1.2
1.21
1.23
0.84
0.82
0.81
0.79
0.78
0.77
0.77
0.75
0.74
0.72
0.72
0.7
0.7
0.7
0.69
0.68
0.67
0.67
0.66
0.64
0.64
0.64
0.64
0.62
0.62
0.62
0.61
0.61
0.61
0.61
0.62
0.64
0.67
0.72
0.77
0.8
0.87
0.91
0.98
3.47
3.45
3.45
3.44
3.44
3.42
