1.27
1.24
1.22
1.2
1.18
1.16
1.15
1.13
1.12
1.03
0.98
0.97
0.96
0.94
0.93
0.92
0.92
0.9
0.89
0.88
0.87
0.86
0.85
0.85
0.84
0.83
0.82
0.81
0.81
0.8
0.8
0.8
0.8
0.79
0.79
0.78
0.78
0.78
0.78
0.78
0.78
0.77
0.77
0.78
0.77
0.77
0.78
0.78
0.78
0.78
0.78
0.78
0.77
0.77
0.78
0.77
0.77
0.78
0.78
0.78
0.78
0.79
0.78
0.79
0.79
0.8
0.8
0.81
0.81
0.82
0.83
0.83
0.84
0.85
0.85
0.85
0.86
0.87
0.88
0.96
0.97
0.98
0.98
0.99
0.99
0.99
1.0
1.01
1.02
1.03
1.03
1.04
1.06
1.06
1.08
1.08
1.1
1.09
1.06
1.07
1.1
1.12
1.12
1.13
1.15
1.16
1.18
1.21
1.23
1.24
1.26
1.3
1.33
1.35
1.36
1.4
1.43
1.47
1.5
1.53
8.58
11.39
6.58
11.61
7.01
6.39
6.17
6.11
6.18
6.17
6.14
6.5
9.87
11.36
9.56
13.34
13.33
7.41
4.08
81.83
81.83
81.83
7.88
7.83
4.25
4.22
3.78
4.24
4.48
4.76
4.87
4.82
4.77
4.74
2.18
2.04
1.91
1.81
1.74
1.66
1.58
1.52
1.47
1.42
1.37
1.32
1.28
1.23
1.19
1.16
1.12
1.1
1.07
1.04
1.02
0.99
0.98
0.95
0.92
0.9
