0.76
0.76
0.75
0.75
0.75
0.75
0.75
0.75
0.76
0.76
0.76
0.77
0.77
0.77
0.78
0.78
0.79
0.79
0.8
0.8
0.8
0.8
0.81
0.81
0.82
0.82
0.83
0.84
0.85
0.86
0.87
0.87
0.88
0.89
0.9
0.92
0.93
0.95
0.96
0.97
0.99
1.0
1.02
1.03
1.05
1.07
1.09
1.11
1.14
1.15
1.18
1.2
1.23
1.26
1.29
1.33
1.36
1.39
1.43
1.47
1.52
1.56
1.62
1.67
1.73
1.79
1.86
1.94
2.01
2.11
2.2
2.32
2.43
2.57
2.56
2.55
2.54
2.52
2.51
2.5
2.49
2.48
2.48
2.48
2.47
2.46
2.46
2.45
2.46
2.45
2.45
2.45
2.45
2.46
2.46
2.46
2.47
2.47
2.48
2.49
2.49
2.5
2.51
2.52
2.53
2.54
2.56
2.58
2.58
2.59
2.61
2.62
2.64
2.66
2.68
2.71
2.73
2.75
2.78
2.81
2.83
2.86
2.02
2.01
2.97
3.0
3.03
3.06
2.7
3.06
3.2
3.11
3.09
3.05
2.99
2.91
2.87
1.71
1.71
2.99
3.06
3.11
3.18
1.81
1.59
1.5
1.5
1.5
0.98
0.99
0.97
0.97
0.95
0.94
0.94
0.92
0.91
0.91
0.89
0.89
0.89
0.88
0.87
0.86
0.86
0.84
0.84
0.83
0.83
0.82
0.82
0.82
0.68
0.67
0.68
0.68
0.67
0.67
0.68
0.68
