2.68
5.74
5.74
5.74
3.52
3.52
3.51
3.5
3.51
2.55
2.57
1.01
1.01
0.96
0.96
0.98
0.98
0.98
0.98
0.98
0.97
0.97
0.97
0.97
0.97
0.96
0.96
0.95
0.98
1.01
1.01
1.03
1.06
1.06
1.09
1.11
1.13
1.17
1.19
1.21
0.72
0.71
0.76
3.19
3.13
3.07
3.02
2.98
2.92
2.88
2.83
2.8
2.75
2.73
2.69
2.66
1.31
1.32
2.57
2.54
2.52
2.49
2.46
2.44
2.42
2.41
2.39
2.37
2.35
2.33
2.31
2.3
2.29
2.27
2.26
2.25
2.24
2.23
2.22
2.21
2.2
2.2
2.19
2.08
1.95
1.9
1.91
1.91
1.91
1.88
1.88
1.87
1.91
1.94
2.18
2.21
3.52
3.53
3.54
3.56
3.57
3.58
3.59
3.6
3.61
3.63
3.65
3.67
3.68
3.7
3.73
3.74
3.77
3.83
5.89
2.36
2.2
2.07
1.95
1.83
1.74
1.65
1.57
1.54
1.55
1.9
2.1
2.06
2.0
1.97
1.92
1.88
1.84
1.81
1.77
1.75
1.71
1.68
1.22
1.23
1.62
1.59
1.57
1.55
1.53
1.51
1.49
1.48
1.46
1.44
1.43
1.41
1.39
1.38
1.37
1.37
1.36
1.34
1.33
1.32
1.31
1.3
1.29
1.28
1.28
1.27
1.26
1.26
1.26
1.26
1.2
0.88
0.96
1.24
1.24
1.23
1.23
1.23
1.22
1.23
