1.02
0.98
0.95
0.91
0.87
0.85
0.82
0.8
0.77
0.74
0.72
0.7
0.68
0.66
0.66
0.67
0.68
0.69
0.7
0.71
0.72
0.73
0.74
0.75
0.76
0.78
0.8
0.81
0.83
1.71
1.78
1.81
1.83
1.86
1.89
1.92
1.96
1.98
2.02
2.06
2.1
2.14
2.19
2.23
2.27
2.33
2.38
2.45
2.51
2.57
2.65
2.72
2.8
2.89
2.97
2.97
2.96
3.03
3.17
3.3
3.45
3.61
3.78
3.99
4.22
4.47
4.76
5.09
5.44
5.89
6.4
6.45
6.44
6.44
9.7
11.31
11.42
81.83
17.87
19.14
19.11
81.83
13.47
7.42
7.41
7.42
7.43
7.44
7.46
7.47
7.49
5.53
5.06
4.6
4.26
3.98
3.7
3.47
3.26
3.09
2.94
2.8
2.65
2.52
2.41
2.33
2.25
2.16
2.09
2.02
1.96
1.89
1.92
1.94
1.96
1.99
2.02
2.04
2.12
2.15
2.18
2.21
2.24
2.26
2.31
2.34
2.39
4.33
4.42
4.51
4.58
4.66
4.59
4.52
4.47
4.4
4.36
4.31
4.25
4.22
4.17
4.13
4.09
4.05
4.01
3.96
3.94
3.9
3.87
3.84
3.81
3.79
3.76
3.74
3.72
3.7
3.68
3.21
3.65
3.64
3.62
3.61
3.59
3.58
3.58
3.57
3.57
3.56
3.55
3.55
3.19
3.54
3.24
3.25
3.25
3.26
3.26
3.25
3.44
1.17
