5.8
0.89
0.9
5.84
5.9
5.94
4.88
4.57
4.3
4.06
3.86
3.66
3.5
3.35
3.21
3.08
2.98
2.86
2.75
2.66
2.57
2.5
2.42
2.35
2.29
2.22
2.17
2.12
2.07
2.02
1.98
1.93
1.9
1.86
1.83
1.79
1.76
1.74
1.7
1.67
1.65
1.63
1.6
1.58
1.55
1.54
1.52
1.5
1.49
1.46
1.45
1.43
1.42
1.4
1.39
1.38
1.37
1.36
1.35
1.32
1.08
1.08
1.06
1.05
1.03
1.03
1.03
1.01
1.0
0.99
0.98
0.99
0.98
0.95
0.96
0.98
1.01
1.05
1.11
1.2
1.23
1.25
1.31
2.58
2.58
2.57
2.58
2.58
2.58
2.58
2.59
2.6
2.61
2.62
2.63
2.65
2.66
2.67
2.69
2.7
2.72
2.74
2.75
2.76
2.78
2.81
2.82
2.85
2.87
5.04
5.1
9.66
9.37
9.09
8.85
1.63
1.46
1.4
1.36
1.31
1.25
1.2
1.17
1.13
1.11
1.08
1.03
1.01
0.99
0.96
0.93
0.91
0.88
0.86
0.84
0.83
0.81
0.8
0.79
0.77
0.76
0.75
0.74
0.74
0.76
0.95
1.17
1.15
1.14
1.14
1.13
1.12
1.11
1.11
1.11
1.1
1.09
1.09
1.08
1.08
1.07
1.07
1.06
1.06
1.06
1.05
1.05
1.05
1.05
1.05
1.05
1.06
1.06
1.05
1.06
1.05
1.05
1.05
1.05
1.02
