9.52
8.54
8.2
7.9
7.62
7.36
7.31
7.38
8.21
7.13
8.3
8.37
8.45
8.51
8.58
8.65
8.74
8.83
8.9
8.99
8.95
8.89
6.55
6.5
5.1
5.03
4.99
4.92
4.88
4.84
4.79
4.76
4.72
4.68
4.65
4.63
4.59
4.57
4.55
4.53
4.51
4.48
4.46
4.44
4.43
4.42
4.42
4.4
4.4
4.39
4.38
4.38
4.38
4.38
4.38
4.4
4.4
4.41
4.42
4.43
2.19
2.11
2.02
1.96
2.18
2.18
2.14
1.98
2.22
2.24
2.29
2.33
2.34
2.37
2.4
2.43
2.45
2.49
2.51
2.46
2.4
2.37
2.32
2.28
2.23
2.19
2.16
2.13
2.07
2.14
2.19
2.24
2.29
2.33
2.53
3.51
3.6
3.71
3.76
3.7
3.66
3.63
3.59
3.56
3.53
3.51
3.47
3.45
3.43
3.41
3.38
3.35
3.34
3.32
3.32
3.3
3.3
3.27
3.25
3.25
3.24
3.23
3.23
3.22
2.47
2.46
2.46
2.45
2.45
2.45
2.45
2.45
1.91
1.9
2.44
2.47
2.44
2.44
2.47
2.48
2.5
2.5
2.53
2.54
2.41
2.36
2.38
2.4
2.49
2.47
2.5
3.43
3.45
3.49
3.5
3.53
3.57
3.59
3.63
3.67
2.39
2.39
3.79
3.84
2.33
2.37
3.93
3.86
3.76
3.68
3.6
3.51
3.46
3.4
3.34
3.28
3.22
3.16
3.13
3.08
