0.9
0.91
0.92
0.93
0.94
0.96
0.97
0.98
0.99
1.01
1.02
1.04
1.06
1.08
1.1
1.11
1.13
1.15
1.17
1.19
1.22
1.12
0.76
0.76
1.21
1.35
1.38
1.42
1.46
1.49
1.53
1.58
1.63
1.68
1.73
1.79
1.86
1.93
2.01
1.81
1.63
1.78
2.08
2.08
2.33
2.44
2.43
2.58
2.55
2.55
2.48
2.54
2.39
2.46
2.47
2.47
2.45
2.51
2.51
2.5
1.97
1.97
2.08
2.51
2.51
2.51
2.52
2.52
2.52
2.53
2.54
2.54
2.55
2.55
2.56
2.57
2.58
2.59
2.61
2.63
2.64
2.65
2.67
2.69
2.71
2.73
2.75
2.77
2.8
2.81
2.84
2.88
2.9
2.93
2.97
2.99
3.03
3.06
3.1
3.14
3.18
3.24
3.28
2.06
3.39
3.43
3.49
1.36
1.38
3.69
1.81
1.77
1.73
1.68
1.66
1.62
1.61
1.6
1.59
1.58
1.58
1.57
1.56
1.55
1.52
1.53
1.55
1.57
6.22
2.92
4.39
3.0
6.51
6.47
1.2
1.58
1.62
1.83
1.8
1.98
2.01
2.29
3.98
6.22
3.44
6.2
6.2
4.12
6.18
6.17
6.02
6.01
5.99
5.99
5.98
5.99
5.98
5.99
6.0
5.19
4.59
4.15
3.78
3.46
3.22
2.99
2.8
2.63
2.49
2.36
2.24
2.13
2.03
1.95
1.86
1.79
1.73
1.67
1.61
1.55
