1.34
1.34
1.34
1.34
1.35
1.35
1.35
1.35
1.35
1.35
1.35
1.36
1.36
1.37
1.37
1.38
1.39
1.39
1.4
1.41
1.41
1.42
1.43
1.45
1.44
3.86
3.84
3.82
3.81
3.8
3.78
3.77
3.76
3.75
3.75
3.75
3.73
3.73
3.27
3.73
4.33
3.92
3.06
4.32
4.33
4.33
3.97
2.59
4.03
3.79
3.75
3.78
3.8
3.83
2.99
2.98
3.55
81.83
3.17
81.83
81.83
81.83
7.27
7.34
81.83
81.83
81.83
6.71
11.93
12.97
13.15
5.33
5.29
5.26
5.19
5.14
5.19
5.27
10.92
12.51
5.94
8.78
12.42
81.83
81.83
81.83
81.83
81.83
3.48
81.83
3.53
81.83
81.83
81.83
3.5
81.83
81.83
81.83
81.83
81.83
81.83
81.83
81.83
81.83
81.83
81.83
81.83
81.83
2.73
2.71
81.83
81.83
81.83
2.55
2.53
2.5
2.48
2.44
2.42
81.83
2.35
2.35
2.32
2.3
2.28
2.26
2.26
2.22
2.2
2.19
2.18
2.14
2.19
2.22
2.26
2.29
2.31
2.36
2.4
2.46
2.49
2.54
81.83
2.43
2.38
2.37
2.34
2.32
2.29
2.71
2.57
2.54
2.51
2.49
2.47
2.45
2.43
2.41
2.4
2.38
2.44
2.56
2.65
2.64
2.63
2.62
2.61
2.6
2.6
2.32
2.57
5.34
5.34
5.31
5.3
5.29
3.3
3.29
3.33
5.26
