0.91
0.9
0.9
0.91
0.91
0.91
0.92
0.92
0.92
0.93
0.94
0.94
0.94
0.95
0.95
0.96
0.96
0.97
0.98
0.98
0.99
1.0
1.0
1.01
1.02
1.03
1.04
1.05
1.06
1.07
1.08
1.1
1.11
1.13
1.15
1.16
1.18
1.2
1.22
1.24
1.27
1.28
1.32
1.34
1.37
1.39
1.43
1.46
1.5
1.54
1.56
1.61
1.66
1.71
1.75
1.81
1.87
1.93
2.01
2.09
2.18
2.27
2.38
2.5
2.64
2.83
3.04
3.3
3.6
4.06
4.62
9.55
9.59
14.62
14.6
14.6
14.6
18.23
17.78
19.16
18.44
18.44
12.27
4.7
4.7
3.64
3.3
3.01
2.76
2.57
2.4
2.25
2.11
2.0
1.89
1.8
1.7
1.63
1.56
1.49
1.45
1.39
1.34
1.28
1.24
1.21
1.16
1.12
1.09
1.05
1.02
1.0
0.97
0.94
0.92
0.91
0.89
0.87
0.85
0.84
0.83
0.8
0.8
0.79
0.78
0.77
0.77
0.75
0.74
0.74
0.73
0.72
0.72
0.72
0.7
0.69
0.69
0.68
0.68
0.68
0.67
0.67
0.66
0.65
0.64
0.65
0.65
0.65
0.64
0.64
0.63
0.63
0.63
0.62
0.62
0.62
0.62
0.62
0.61
0.61
0.61
0.61
0.61
0.61
0.6
0.61
0.61
0.61
0.61
0.61
0.61
0.61
0.61
0.61
0.61
0.61
0.61
0.61
0.62
0.63
