2.15
2.15
2.15
1.95
1.95
4.65
4.64
4.64
4.64
4.64
4.66
4.67
4.67
4.69
4.69
4.7
12.2
11.14
9.19
9.54
7.77
7.27
6.87
6.48
6.14
5.83
5.57
5.32
5.09
5.0
5.0
5.04
5.08
8.29
8.37
8.34
8.45
8.54
11.41
6.95
6.75
6.59
6.43
6.27
6.14
6.02
5.89
5.77
5.68
5.57
5.46
5.38
5.3
5.22
5.15
5.15
5.18
5.24
2.38
2.39
2.46
2.49
2.45
2.43
2.4
2.38
2.35
2.32
2.3
2.28
2.26
2.24
2.23
2.23
2.2
2.19
2.19
2.16
2.15
2.14
2.14
2.14
2.12
2.11
2.1
2.09
2.1
1.33
1.3
1.3
1.3
1.31
1.31
1.31
1.3
1.31
1.31
1.31
1.31
1.31
1.31
1.32
1.29
1.29
1.42
2.09
2.1
2.1
2.11
2.12
2.12
2.13
2.13
2.14
2.16
2.16
2.18
2.2
2.22
2.23
2.24
2.27
2.28
2.29
2.31
2.34
2.36
2.39
2.41
2.43
2.07
2.06
2.04
2.02
1.99
1.99
2.03
2.1
2.17
1.58
1.49
1.48
3.03
2.98
1.36
1.39
1.24
1.21
1.17
1.15
1.14
1.32
1.41
1.42
1.45
2.52
2.49
2.47
2.45
2.43
2.4
2.4
2.37
2.35
2.34
2.32
2.29
2.29
2.28
2.26
2.26
2.24
2.25
2.23
2.23
2.23
2.22
1.6
1.57
1.54
