5.01
5.2
5.77
5.84
5.82
5.81
4.45
4.44
4.43
4.42
4.44
5.8
5.7
5.03
5.04
5.04
1.47
1.32
1.31
1.3
1.3
1.3
1.31
1.31
1.31
1.32
1.33
1.33
1.34
1.34
1.35
1.36
1.37
1.37
1.39
1.4
1.4
1.41
1.43
1.44
1.46
1.47
1.49
1.5
1.52
1.53
1.54
1.57
1.59
1.62
1.65
1.67
1.69
1.72
1.74
1.77
1.81
1.86
1.88
1.9
1.95
2.0
2.03
2.09
2.14
2.19
2.25
2.3
2.37
2.44
2.52
2.6
2.68
2.78
2.87
2.97
3.08
3.2
3.34
3.48
3.64
3.81
4.02
4.24
4.46
4.74
5.04
6.32
6.27
6.31
6.84
7.55
8.36
9.42
10.77
14.34
14.49
14.48
81.83
81.83
81.83
81.83
24.51
17.81
17.79
5.83
5.19
4.74
4.38
4.09
3.85
3.64
3.46
3.3
3.16
3.04
2.92
2.82
2.73
2.66
2.57
2.51
2.44
2.37
2.32
2.26
2.21
2.15
2.11
2.08
2.03
1.98
1.95
1.91
1.88
1.85
1.82
1.8
1.77
1.75
1.71
1.69
1.67
1.66
1.64
1.62
1.6
1.59
1.56
1.55
1.53
1.52
1.5
1.49
1.48
1.48
1.46
1.46
1.45
1.45
1.53
1.62
3.19
3.3
3.41
3.52
3.66
3.8
3.94
3.92
3.93
4.19
4.41
4.66
4.94
5.25
5.59
6.0
6.45
7.01
