4.04
4.08
4.11
4.16
5.41
5.39
5.43
5.45
5.48
5.49
5.5
5.43
4.43
4.29
5.07
4.74
4.4
4.43
4.47
4.93
5.1
5.76
4.63
4.61
4.55
4.49
4.49
5.83
5.96
4.86
6.07
6.14
6.41
5.32
5.2
5.22
1.98
1.99
1.97
1.95
1.93
1.9
1.89
1.86
1.84
1.83
1.71
1.68
1.65
1.64
1.61
1.58
1.55
1.52
1.52
1.58
1.62
1.67
1.72
1.77
1.84
1.91
1.98
2.06
2.14
2.24
2.34
2.45
2.58
2.72
2.87
3.05
3.25
3.47
3.74
4.04
4.38
4.79
5.3
5.93
7.31
7.95
9.51
13.21
13.19
13.17
13.17
13.17
13.17
13.19
13.19
8.77
8.72
8.82
8.92
9.01
9.05
7.82
7.92
6.02
5.58
5.19
4.86
4.54
4.29
4.06
3.86
3.67
3.5
3.36
3.24
3.11
3.0
2.89
2.8
2.71
2.63
2.56
2.48
2.41
2.35
2.28
2.23
2.17
2.13
2.08
2.03
2.0
1.95
1.92
1.88
1.84
1.81
1.77
1.76
1.73
1.7
1.68
1.65
1.63
1.61
1.58
1.56
1.55
1.54
1.52
1.5
1.49
1.48
1.46
1.44
1.43
1.42
1.41
1.4
1.39
1.38
1.37
1.37
1.36
1.35
1.35
1.34
1.33
1.32
1.32
1.31
1.31
1.31
1.31
1.31
1.3
1.3
1.3
1.3
1.29
1.3
1.3
1.3
1.29
