1.92
1.92
1.92
1.92
2.58
2.57
2.37
2.49
2.64
4.78
4.76
4.75
4.74
4.72
4.71
4.7
4.69
4.68
4.68
4.68
4.68
4.67
4.67
4.67
4.67
4.68
4.69
4.7
4.71
4.73
4.75
4.76
4.78
4.79
4.81
4.83
4.85
4.88
4.91
4.93
7.4
7.36
7.32
7.29
7.25
7.22
7.2
7.16
7.14
6.45
5.95
7.7
7.32
7.65
6.63
7.0
7.03
81.83
81.83
81.83
17.71
17.69
19.26
19.36
19.02
81.83
81.83
10.17
10.22
81.83
7.96
7.86
7.71
5.71
5.8
2.21
2.21
1.95
1.94
1.92
1.9
1.88
1.86
1.85
1.84
1.83
1.92
2.03
2.08
2.06
2.05
2.03
2.02
2.01
1.99
1.98
1.97
1.88
1.87
1.86
1.84
1.83
1.84
1.83
1.83
1.83
1.84
1.82
1.83
2.32
1.95
1.34
1.32
1.62
1.93
1.94
1.98
2.58
2.59
2.6
2.6
2.61
2.62
2.63
2.64
2.66
2.67
2.68
2.7
2.71
2.72
2.75
2.76
2.79
2.81
2.83
2.85
2.88
2.87
2.94
2.95
2.99
3.03
3.06
3.11
3.14
3.18
3.22
3.15
3.08
2.16
2.07
2.03
0.85
0.84
0.83
0.83
0.81
0.81
0.82
0.79
0.8
0.79
0.79
0.79
0.79
0.78
0.77
0.76
0.76
0.77
0.77
0.77
0.77
0.77
0.77
0.76
0.77
0.77
0.77
