1.83
1.88
1.88
1.9
1.91
1.95
1.97
1.99
2.02
2.05
2.09
2.12
2.15
2.21
2.25
2.29
2.34
2.36
2.43
2.49
2.42
2.61
2.66
2.69
2.66
2.62
2.59
1.98
1.95
1.93
1.91
1.9
1.88
1.86
1.84
1.83
1.83
1.82
1.81
1.81
1.8
1.42
1.01
0.97
1.0
2.27
2.28
2.27
2.24
2.24
2.26
2.25
2.25
2.25
2.24
2.24
2.24
2.24
2.24
2.24
2.24
2.24
2.24
2.25
2.25
2.25
2.26
2.27
2.27
2.28
2.23
2.09
1.94
1.81
1.7
1.6
1.52
1.56
1.58
1.6
1.59
1.63
1.64
1.65
1.67
1.68
1.68
1.7
1.69
1.74
1.8
1.76
1.72
1.67
1.63
1.6
1.56
1.53
1.49
1.46
1.44
1.41
1.39
1.36
1.35
1.32
1.3
1.28
1.26
1.24
1.22
1.21
1.19
1.18
1.17
1.16
1.14
1.13
1.12
1.09
1.08
0.79
0.78
0.76
0.75
0.75
0.74
0.73
0.73
0.72
0.71
0.71
0.7
0.69
0.68
0.68
0.68
0.68
0.69
0.7
0.7
0.68
0.72
0.75
0.8
0.88
0.75
0.74
0.73
0.73
0.73
0.72
0.72
0.73
0.73
0.74
0.74
0.74
0.74
0.75
0.75
0.75
0.76
0.76
0.77
0.76
0.76
0.78
0.78
0.86
1.07
1.08
1.08
1.09
1.1
1.11
1.12
1.13
1.14
1.16
