6.34
5.68
4.2
4.09
3.98
3.9
3.81
3.74
3.66
3.59
3.52
3.44
3.38
3.31
3.26
3.21
3.16
3.11
3.1
3.09
3.14
3.2
3.27
3.36
3.44
3.54
3.6
3.57
3.53
3.5
3.47
3.44
3.42
3.38
3.37
3.34
3.31
3.3
3.29
3.27
3.25
3.23
3.23
3.21
3.2
3.19
3.18
3.17
3.17
3.16
3.15
3.14
3.13
3.12
3.14
3.14
3.13
3.14
3.15
3.15
3.16
3.17
3.18
3.19
3.2
3.21
3.22
3.23
6.65
7.23
7.93
8.83
9.92
11.3
13.0
17.5
18.25
81.83
81.83
15.96
81.83
81.83
81.83
81.83
9.96
8.19
6.86
5.94
5.95
4.72
4.26
3.91
3.59
3.31
3.1
2.89
2.71
2.57
2.43
2.31
2.2
2.09
1.98
1.91
1.83
1.76
1.7
1.63
1.59
1.53
1.48
1.43
1.4
1.36
1.32
1.28
1.26
1.23
1.2
1.17
1.14
1.12
1.1
1.06
1.04
1.03
1.01
1.0
0.99
0.97
0.96
0.93
0.93
0.92
0.9
0.9
0.9
0.88
0.88
0.87
0.85
0.84
0.84
0.84
0.83
0.82
0.82
0.81
0.8
0.8
0.79
0.79
0.78
0.78
0.78
0.78
0.77
0.77
0.77
0.76
0.77
0.76
0.76
0.76
0.75
0.76
0.72
1.19
1.36
1.58
4.4
4.38
4.36
1.87
4.31
4.3
4.34
4.41
3.95
5.35
