1.26
1.25
1.23
1.25
1.28
3.82
2.85
3.78
3.78
3.78
3.81
6.1
6.1
6.09
6.09
1.64
3.31
6.11
5.94
5.34
1.17
1.16
5.82
5.42
5.42
5.0
4.63
4.29
4.0
3.75
3.54
3.35
3.18
3.02
2.89
2.76
2.65
2.56
2.46
2.39
2.3
2.24
2.17
2.1
2.04
1.98
1.93
1.89
1.84
1.79
1.75
1.71
1.69
1.65
1.61
1.58
1.55
1.52
1.49
1.47
1.44
1.43
1.41
1.39
1.37
1.34
1.32
1.31
1.29
1.28
1.26
1.24
1.23
1.21
1.21
1.2
1.19
1.18
1.17
1.16
1.15
1.14
1.13
1.13
1.12
1.11
1.1
1.09
1.09
1.08
1.08
1.07
1.06
1.06
1.06
1.06
1.06
1.06
1.06
1.06
1.06
1.06
1.05
1.05
1.05
1.06
1.05
1.06
1.06
1.06
1.06
1.06
1.06
1.06
1.06
1.07
1.08
1.09
1.09
1.1
1.1
1.11
1.12
1.13
1.14
1.15
1.16
1.17
1.18
1.18
1.19
1.2
1.21
1.22
1.23
1.25
1.26
1.28
1.3
1.31
1.34
1.35
1.37
1.38
1.34
1.31
1.29
1.26
1.24
1.22
1.2
1.18
1.17
1.15
1.13
1.12
1.1
1.08
1.08
1.07
1.06
1.05
1.03
1.02
1.01
1.0
0.99
0.98
0.97
0.97
0.96
0.95
0.94
0.93
0.93
0.92
0.92
0.91
0.91
0.9
