1.61
1.6
1.6
1.61
1.61
1.62
1.61
1.61
1.6
1.6
1.6
1.61
1.62
1.62
1.63
1.64
1.65
1.66
1.66
1.67
1.67
1.68
1.69
1.7
1.7
1.72
1.73
1.74
1.76
1.78
1.8
1.8
1.81
1.83
1.86
1.88
1.9
1.92
1.94
1.97
2.0
2.01
2.05
2.09
2.11
2.15
2.19
2.23
2.28
2.32
2.36
2.42
2.46
2.53
2.58
2.66
2.73
2.8
2.88
2.96
3.06
3.16
3.27
3.4
3.52
3.67
3.84
4.05
4.3
4.59
4.94
5.38
6.01
15.84
15.81
13.18
13.16
13.14
13.14
13.13
13.13
13.13
13.14
13.15
13.17
10.17
8.56
7.35
7.3
5.73
5.18
4.71
4.31
4.0
3.75
3.49
3.26
3.07
2.91
2.77
2.64
2.51
2.4
2.3
2.21
2.12
2.04
1.96
1.9
1.85
1.78
1.73
1.68
1.63
1.6
1.55
1.53
1.56
1.58
1.6
1.64
1.65
1.69
1.72
4.06
4.13
4.21
4.29
4.36
4.44
4.45
4.58
3.87
4.57
4.71
6.41
6.41
6.34
6.26
4.9
6.13
4.94
6.01
5.97
5.9
5.88
5.82
5.77
5.74
5.7
5.09
4.88
4.85
4.83
4.8
5.18
5.42
5.48
4.06
5.51
5.46
5.22
5.46
5.44
5.43
5.36
5.35
5.35
5.34
5.34
5.33
5.33
5.34
5.32
4.78
4.78
4.8
5.37
5.4
5.4
