1.18
1.19
1.2
1.2
1.2
1.21
1.19
1.18
1.19
1.19
1.2
1.2
1.2
1.21
1.21
1.22
1.23
1.23
1.24
1.24
1.25
1.25
1.26
1.27
1.29
1.29
1.3
1.31
1.32
1.33
1.27
1.23
1.19
1.16
1.14
1.11
1.07
1.07
1.15
1.41
1.37
1.31
1.24
1.2
1.2
1.22
1.24
1.25
1.27
1.31
1.32
1.37
1.41
1.48
1.51
1.55
1.59
1.62
1.66
1.71
1.74
1.71
1.7
1.68
1.66
1.64
1.62
1.62
1.62
1.6
1.59
1.57
1.56
1.55
1.54
1.53
1.53
1.52
1.52
1.51
1.5
1.5
1.49
1.48
1.48
1.47
1.47
1.46
1.44
1.44
1.45
1.53
1.54
1.54
1.54
1.54
1.54
1.55
1.53
1.53
1.54
1.55
1.56
1.58
1.56
1.58
1.61
1.62
1.62
1.62
1.64
1.66
1.69
1.71
1.74
1.7
1.73
1.76
1.75
1.75
1.76
1.74
1.71
1.67
1.66
1.68
1.71
1.73
1.75
1.78
1.81
1.83
1.85
1.89
1.9
1.94
4.13
4.19
4.26
4.36
4.44
4.54
4.61
4.71
4.8
4.85
4.89
3.12
2.65
2.63
2.62
2.69
2.76
2.85
2.94
2.91
2.88
2.85
2.83
2.81
2.78
2.76
2.74
2.79
3.05
3.03
3.02
2.99
2.99
3.17
3.43
4.18
4.29
4.29
4.76
6.01
5.97
7.12
7.99
0.66
