1.75
1.73
1.72
1.7
1.68
1.67
1.65
1.64
1.62
1.61
1.6
1.59
1.58
1.57
1.56
1.55
1.54
1.53
1.52
1.52
1.5
1.5
1.49
1.49
1.48
1.48
1.47
1.47
1.47
1.46
1.46
1.46
1.46
1.47
1.46
1.47
1.47
1.47
1.48
1.48
1.48
1.48
1.49
1.5
1.5
1.51
1.51
1.52
1.53
1.53
1.53
1.54
1.55
1.56
1.57
1.58
1.59
1.6
1.61
1.63
1.64
1.66
1.68
1.69
1.7
1.7
1.68
1.68
1.67
1.67
1.66
1.66
1.65
1.64
1.64
1.63
1.63
1.62
1.62
1.62
1.61
1.61
1.61
1.61
1.61
1.61
1.61
1.61
1.61
1.61
1.62
1.62
1.62
1.63
1.63
1.64
1.65
1.65
1.66
1.67
1.68
1.62
1.58
1.69
1.71
1.72
1.73
1.27
1.18
1.76
1.78
1.8
1.82
1.83
1.85
1.87
1.89
1.91
1.93
1.96
1.99
2.0
2.02
2.05
2.08
1.98
1.92
1.89
1.85
1.82
1.79
1.75
1.72
1.7
1.72
1.75
1.79
1.83
1.86
1.9
1.96
1.21
1.52
1.05
1.06
1.55
1.5
1.14
1.12
1.1
1.1
1.12
1.12
1.13
1.14
1.15
1.19
1.15
1.23
1.28
1.91
1.9
1.86
1.0
1.01
1.86
1.87
1.86
1.86
1.85
1.85
1.86
1.85
1.85
1.85
0.69
0.65
0.64
0.64
0.66
