3.22
3.22
3.21
3.21
3.19
3.0
2.95
2.91
2.88
2.86
2.83
2.8
2.76
2.75
2.71
2.69
2.67
2.65
2.63
2.6
2.59
2.57
2.56
2.54
2.53
2.52
2.51
2.49
2.35
2.01
2.46
2.46
2.59
1.78
1.74
1.79
2.66
3.04
3.04
3.04
1.28
1.28
2.58
2.89
3.03
2.85
2.64
2.48
2.42
2.43
2.44
2.45
2.46
2.48
14.17
1.64
1.62
2.21
2.23
81.83
1.86
1.85
81.83
81.83
5.94
6.02
81.83
81.83
81.83
81.83
81.83
5.4
7.43
11.8
8.72
11.66
7.46
4.28
4.06
4.04
4.03
4.0
3.93
3.92
3.98
4.01
81.83
81.83
4.77
7.27
7.21
10.27
8.24
3.21
7.6
9.71
9.56
3.21
81.83
81.83
81.83
81.83
81.83
81.83
81.83
81.83
81.83
2.48
2.59
81.83
81.83
2.72
2.66
2.64
2.6
81.83
2.55
2.51
2.49
2.49
2.48
2.44
2.43
2.39
2.39
2.36
2.36
2.34
2.33
2.31
2.31
2.29
2.28
2.27
2.26
2.25
2.23
2.23
2.21
2.21
2.22
2.2
2.2
2.18
2.17
2.15
2.15
2.15
2.15
2.14
2.14
2.15
2.14
2.14
2.14
2.15
2.15
2.16
2.18
2.19
2.2
2.22
2.21
2.22
2.23
2.24
2.26
2.27
2.25
2.84
3.07
3.36
3.7
2.74
2.7
2.7
2.7
2.7
2.71
3.01
