4.28
4.3
4.31
4.34
4.38
6.69
6.73
6.77
6.83
6.87
6.93
6.98
7.03
6.79
6.56
6.35
6.16
5.97
5.79
5.63
5.48
5.35
5.22
5.09
4.98
4.88
4.79
4.69
4.6
4.51
4.44
4.35
4.31
4.37
4.45
4.49
7.08
8.54
7.06
5.44
5.3
5.24
5.23
5.44
5.59
3.5
3.47
3.44
3.41
3.37
3.36
4.1
4.26
4.29
4.26
4.23
4.23
5.17
5.14
5.12
5.95
5.92
5.91
5.89
5.86
5.84
5.84
5.82
5.81
5.8
5.82
5.87
5.87
5.86
5.85
5.84
5.85
5.84
2.53
1.81
1.78
1.78
1.78
1.77
1.77
1.77
1.76
1.74
1.74
1.74
1.74
1.74
1.73
1.73
1.74
1.73
1.74
1.73
1.73
1.74
1.74
1.74
1.75
1.76
1.77
1.77
1.77
1.78
1.78
1.79
1.8
1.81
1.83
1.84
1.85
1.86
1.88
1.89
1.9
1.92
1.94
1.96
1.99
2.0
2.02
2.05
2.07
2.1
2.12
2.15
2.18
2.21
2.25
2.28
2.32
2.36
2.39
2.44
2.49
2.54
2.58
2.64
2.7
2.75
2.82
2.9
2.97
3.03
3.13
3.23
3.34
3.45
3.58
3.72
3.89
4.08
4.27
4.54
4.82
5.18
5.63
6.21
7.13
12.5
17.51
17.49
17.49
17.65
21.42
21.88
7.56
6.11
5.04
4.29
3.76
3.33
2.98
2.71
2.48
2.29
