3.25
2.88
3.5
3.64
3.79
3.95
4.12
4.34
4.58
4.85
4.91
4.89
4.89
5.04
5.43
5.91
6.46
7.15
7.99
11.27
11.26
12.5
12.49
12.48
12.48
14.86
1.04
0.97
0.75
0.75
0.74
0.74
0.74
0.74
0.74
0.74
0.75
0.75
0.76
0.76
0.76
0.77
0.77
0.77
0.78
0.79
0.79
0.79
0.8
0.8
0.81
0.82
0.82
0.84
0.85
0.85
0.86
0.87
0.87
0.89
0.9
0.91
0.93
0.94
0.95
0.97
0.98
0.99
1.01
1.02
1.04
1.06
1.08
1.1
1.13
1.14
1.17
1.19
1.22
1.24
1.27
1.31
1.35
1.39
1.43
1.47
1.51
1.55
1.6
1.66
1.72
1.77
1.85
1.92
2.0
2.1
2.2
2.3
2.43
2.55
2.7
2.88
3.07
3.29
3.47
3.46
3.45
3.44
3.43
3.43
3.42
3.41
3.41
3.41
3.41
3.4
3.41
3.41
3.41
3.41
3.41
3.42
3.43
3.43
3.44
3.45
3.45
3.46
3.47
3.49
3.51
3.53
3.53
3.55
3.57
3.59
3.62
3.64
2.84
3.04
3.71
3.75
3.78
3.8
3.47
1.7
1.66
1.59
1.55
1.24
1.21
1.19
1.16
1.13
1.1
1.06
1.04
1.05
1.05
1.06
1.07
1.09
1.11
1.13
1.15
1.17
1.2
1.22
1.26
1.28
1.31
1.34
1.38
1.43
1.46
1.5
1.55
1.6
1.66
1.72
