0.44
0.44
0.45
0.45
0.45
0.46
0.45
0.45
0.45
0.45
0.45
0.44
0.44
0.44
0.44
0.44
0.45
0.45
0.44
0.45
0.45
0.45
0.46
0.46
0.53
0.54
0.53
0.52
0.54
0.53
0.54
0.54
0.55
0.56
0.57
0.57
0.58
0.62
3.08
3.01
2.94
2.42
2.37
2.4
2.44
2.48
2.52
2.55
2.51
2.49
2.44
2.33
2.36
2.33
2.3
2.27
2.23
2.21
2.18
2.15
2.12
2.1
2.07
2.06
2.04
2.03
2.01
1.99
1.97
1.96
1.95
1.93
1.91
1.9
1.89
1.87
1.87
1.86
1.85
1.84
1.83
1.82
1.81
1.81
1.81
1.81
1.81
1.63
1.8
1.81
1.8
1.8
1.8
1.8
1.8
1.8
1.8
1.81
1.81
1.81
1.8
1.81
1.81
1.81
1.83
1.83
1.84
1.85
1.86
1.87
1.87
1.88
1.9
1.91
1.93
1.94
1.96
1.97
1.99
2.01
2.02
2.04
2.06
2.07
2.1
2.12
1.99
2.17
2.2
2.22
2.26
2.29
2.33
2.36
2.39
2.43
2.47
2.5
2.55
2.6
2.64
2.7
2.75
2.8
0.55
0.53
0.53
0.52
0.51
0.5
0.49
0.48
0.47
0.47
0.48
0.48
0.48
0.47
0.46
0.46
0.46
0.46
0.48
0.51
0.54
0.57
0.6
0.63
0.67
0.72
0.77
0.82
0.9
0.99
1.11
1.24
1.42
1.65
1.97
2.47
