1.09
1.09
1.09
1.1
1.1
1.1
1.11
1.12
1.12
1.13
1.13
1.13
1.14
1.14
1.14
1.16
1.16
1.17
1.18
1.19
1.19
1.2
1.21
1.22
1.24
1.26
1.27
1.29
1.29
1.31
1.33
1.33
1.35
1.37
1.39
1.41
1.44
1.45
1.48
1.5
1.53
1.56
1.57
1.61
1.64
1.67
1.71
1.74
1.77
1.82
1.87
1.91
1.97
2.01
2.06
2.12
2.2
2.26
2.33
2.4
2.49
2.57
2.68
2.78
2.89
3.02
3.17
3.34
3.52
3.73
3.95
6.0
16.1
12.06
8.9
8.55
8.53
8.43
8.5
81.83
9.33
81.83
81.83
81.83
81.83
81.83
6.93
7.03
81.83
6.94
81.83
81.83
81.83
81.83
81.83
6.13
81.83
81.83
81.83
81.83
81.83
81.83
81.83
5.36
5.4
5.42
5.46
5.51
5.53
5.38
5.22
5.44
5.49
5.24
4.95
4.92
2.08
2.0
1.93
1.88
1.83
1.78
1.74
1.7
1.65
1.62
1.59
1.55
1.52
1.49
1.47
1.44
1.42
1.39
1.37
1.34
1.33
1.31
1.29
1.27
1.26
1.24
1.23
1.21
1.19
1.19
1.19
1.18
1.18
1.17
1.14
1.13
1.12
1.11
1.11
1.11
1.11
1.1
1.09
1.08
1.07
1.07
1.07
1.06
1.07
1.06
1.06
1.06
1.06
1.06
1.05
1.05
1.05
1.05
1.05
1.04
1.05
1.05
1.05
1.05
