0.87
0.88
0.88
0.9
0.91
0.91
0.92
0.94
0.95
0.96
0.97
0.98
1.0
1.02
1.02
1.04
1.06
1.06
1.09
1.1
1.13
1.16
1.17
1.2
1.23
1.26
1.29
1.31
1.35
1.39
1.42
1.46
1.5
1.55
1.6
1.65
1.72
1.78
1.83
1.89
1.96
1.95
1.93
1.92
1.9
1.9
1.89
1.88
1.87
1.87
1.86
1.85
1.85
1.85
1.84
1.83
1.83
1.83
1.83
1.83
1.83
1.83
1.83
1.83
1.83
1.83
1.83
1.83
1.83
1.83
1.84
1.84
1.85
1.85
1.86
1.87
1.88
1.89
1.9
1.91
1.91
1.86
1.78
1.7
1.65
1.58
1.51
1.46
1.4
1.36
1.32
1.28
1.24
1.21
1.17
1.14
1.12
1.09
1.07
1.04
1.02
0.99
0.98
0.96
0.94
0.91
0.89
0.88
0.88
0.86
0.85
0.83
0.81
0.81
0.8
0.79
0.77
0.76
0.76
0.77
0.79
0.81
0.83
0.85
2.59
2.55
2.55
2.52
2.52
2.52
2.51
2.5
2.43
2.44
2.44
2.4
2.4
2.38
2.37
2.36
2.34
2.33
2.5
4.35
4.01
3.79
4.41
4.45
4.47
4.19
3.96
3.85
3.84
3.84
3.88
3.9
3.91
3.97
4.26
4.8
4.56
4.47
4.27
4.96
5.02
3.93
5.12
5.16
5.22
4.01
4.92
4.68
2.69
2.67
4.07
3.91
3.78
3.64
2.81
3.4
