1.13
1.13
1.12
1.12
1.12
1.12
1.11
1.12
1.11
1.12
1.12
1.12
1.11
1.11
1.12
1.11
1.12
1.11
1.11
1.12
1.12
1.12
1.12
1.13
1.13
1.14
1.14
1.14
1.14
1.15
1.16
1.17
1.18
1.19
1.2
1.2
1.22
1.23
1.24
1.25
1.27
1.28
1.29
1.26
1.27
1.24
1.22
1.21
1.23
1.24
1.26
1.31
1.33
1.36
1.37
1.39
1.42
1.45
1.47
1.5
1.53
1.56
1.6
1.64
1.67
1.71
1.74
1.79
1.84
1.88
1.95
1.99
2.06
2.13
2.2
2.27
2.36
2.45
2.53
2.64
2.76
2.9
3.03
3.2
3.37
3.56
3.79
4.07
4.39
4.48
4.46
4.46
4.45
7.07
6.16
9.39
8.74
9.54
15.89
16.14
17.14
17.13
81.83
11.52
8.14
6.25
5.49
5.5
5.5
5.51
5.52
5.53
5.55
5.58
5.59
5.62
5.65
5.67
4.15
3.9
3.72
3.55
3.4
3.25
3.12
2.99
2.88
2.78
2.67
2.59
2.51
2.44
2.36
2.3
2.23
2.18
2.12
2.07
2.02
1.96
1.91
1.88
1.84
1.79
1.76
1.72
1.7
1.66
1.64
1.61
1.58
1.56
1.53
1.52
1.5
1.48
1.46
1.44
1.44
1.42
1.4
1.39
1.37
1.36
1.35
1.36
1.33
1.32
1.31
1.29
1.3
1.29
1.28
1.27
1.27
1.25
1.25
1.25
1.25
1.24
