0.92
0.92
0.92
0.92
0.9
0.89
0.74
0.73
0.73
0.74
0.74
0.72
0.71
0.71
0.71
0.72
0.72
0.73
0.74
0.74
0.74
0.71
0.75
0.74
0.74
0.69
0.71
0.7
0.72
0.72
0.72
0.74
0.74
0.74
0.75
0.76
0.78
0.78
0.79
0.8
0.81
0.81
0.83
0.84
0.86
0.86
0.88
0.89
0.91
0.92
0.94
0.97
0.99
1.01
1.02
1.05
1.08
1.1
1.13
1.16
1.19
1.24
1.27
1.31
1.36
1.41
1.46
1.52
1.58
1.67
1.71
1.79
1.87
1.96
2.07
2.18
2.31
2.44
2.6
2.87
3.98
3.97
3.94
4.17
4.64
5.24
5.97
7.06
8.54
9.94
9.94
9.94
9.93
9.96
81.83
21.68
22.01
22.05
11.35
9.85
9.14
8.6
8.17
7.83
7.52
7.08
5.57
5.26
5.15
5.02
4.92
4.82
4.73
4.63
4.55
4.47
4.39
4.32
4.26
4.24
4.28
4.37
4.46
4.55
4.66
4.73
4.67
4.62
4.57
4.52
4.47
4.44
4.4
4.35
4.32
4.28
4.27
4.24
4.21
4.19
4.16
4.14
4.12
4.1
4.08
4.07
4.06
4.04
0.57
0.57
0.56
0.54
0.55
0.55
0.55
0.55
0.54
0.53
0.52
0.53
0.52
0.51
0.52
0.51
0.5
0.5
0.5
0.5
0.5
0.49
0.49
0.48
0.47
0.47
0.46
1.02
1.04
1.05
1.05
1.04
