2.11
2.14
2.19
2.2
2.25
2.29
2.33
2.38
2.42
2.48
2.53
2.58
2.64
2.72
2.79
2.86
2.93
3.0
3.08
3.17
3.25
3.36
3.46
3.59
3.7
3.84
3.99
4.15
4.32
4.51
4.7
4.96
6.26
6.12
6.09
6.21
6.61
7.1
7.64
8.3
9.06
10.02
14.12
14.09
14.22
14.23
81.83
81.83
81.83
15.82
81.83
16.59
5.11
4.37
3.92
3.6
3.32
3.08
2.87
2.71
2.57
2.45
2.35
2.25
2.17
2.11
2.03
1.96
1.9
1.84
1.79
1.73
1.69
1.65
1.61
1.58
1.54
1.51
1.47
1.45
1.42
1.39
1.34
1.33
1.29
1.27
1.26
1.24
1.22
1.2
1.17
1.17
1.15
1.13
1.11
1.1
1.09
1.08
1.08
1.06
1.06
1.05
1.04
1.03
1.02
1.02
1.01
1.0
0.99
0.98
0.97
0.97
0.96
1.04
1.12
1.18
2.96
3.09
3.22
3.37
3.48
3.49
3.48
3.71
3.94
4.19
4.47
4.8
5.17
5.61
6.14
6.81
7.05
7.03
7.04
11.73
11.45
81.83
18.49
19.73
19.73
81.83
14.14
8.04
8.03
8.05
8.06
8.07
8.09
8.11
6.6
5.95
5.44
5.01
4.65
4.34
4.07
3.82
3.61
3.43
3.26
3.08
2.96
2.83
2.72
2.62
2.51
2.54
2.58
2.59
2.63
2.66
2.73
2.76
2.79
2.82
2.85
2.89
2.93
2.94
