2.61
2.63
2.64
2.66
2.67
2.7
2.71
2.74
2.77
2.8
2.81
2.86
2.89
2.92
2.96
3.01
3.04
3.09
3.13
3.18
3.13
1.79
1.76
1.78
2.89
2.85
2.8
2.75
2.7
2.67
2.63
2.59
2.55
2.52
2.49
2.46
2.44
2.41
2.4
2.37
2.24
1.75
1.75
1.74
1.73
1.28
1.27
1.27
1.26
1.25
1.24
1.24
1.23
1.22
1.2
1.2
1.21
1.22
1.22
1.22
1.22
1.22
1.22
1.64
2.07
2.07
2.07
2.06
1.88
1.88
4.57
4.58
4.59
4.6
4.6
4.6
4.61
4.62
4.63
4.65
10.48
10.44
9.72
7.96
7.47
7.04
6.67
6.32
6.01
5.72
5.47
5.23
5.03
4.97
4.97
5.01
5.06
8.31
8.32
8.36
8.46
8.55
7.04
6.86
6.69
6.53
6.38
6.24
6.11
5.98
5.86
5.76
5.66
5.56
5.48
5.39
5.3
5.23
5.15
5.17
5.19
5.25
5.31
2.38
2.39
2.46
2.51
2.48
2.45
2.43
2.4
2.39
2.36
2.34
2.31
2.29
2.28
2.27
2.26
2.24
2.23
2.22
2.21
2.2
2.18
2.17
2.17
2.16
2.15
2.15
2.14
2.14
2.13
1.4
1.36
1.38
1.38
1.37
1.38
1.38
1.38
1.38
1.38
1.39
1.39
1.36
1.36
1.36
1.38
1.4
2.15
2.16
2.18
2.18
2.2
2.21
2.23
2.23
2.24
2.26
