1.43
1.43
1.43
1.44
1.44
1.44
1.45
1.46
1.46
1.47
1.48
1.5
1.5
1.51
1.51
1.54
1.55
1.56
1.57
1.59
1.61
1.65
7.26
7.23
7.04
6.85
6.7
6.55
6.41
6.27
6.15
6.03
5.91
5.8
5.71
5.61
5.53
5.44
5.37
5.29
5.22
5.15
5.07
5.01
4.95
4.93
5.04
5.12
7.54
6.21
6.0
5.96
5.94
6.22
6.45
6.7
6.96
7.26
4.27
4.24
4.21
4.18
4.21
5.13
5.11
5.09
6.03
6.01
6.82
6.82
6.79
6.78
6.76
6.74
6.73
6.73
6.84
6.83
6.83
6.82
6.82
6.83
6.83
4.45
3.64
3.1
2.79
2.78
2.77
2.76
2.75
2.75
2.74
2.74
2.74
2.74
2.74
2.74
2.74
2.75
2.74
2.74
2.73
2.75
2.76
2.76
2.77
2.78
2.8
2.81
2.82
2.83
2.85
2.86
2.88
2.9
2.91
2.94
2.97
2.99
3.02
3.04
3.07
3.1
3.12
3.16
3.18
3.23
3.27
3.31
3.35
3.4
3.45
3.49
3.55
3.61
3.67
3.72
3.79
1.06
0.94
0.93
0.92
0.92
0.92
0.91
0.9
0.89
0.88
0.88
0.87
0.87
0.86
0.86
0.85
0.85
0.85
0.84
0.84
0.84
0.84
0.84
0.84
0.83
0.83
0.83
0.83
0.84
0.83
0.84
0.84
0.84
0.84
0.84
0.84
0.83
0.83
0.84
0.84
0.84
