1.5
1.51
1.52
1.53
1.53
1.55
1.56
1.57
1.59
1.61
1.62
1.63
1.65
1.67
1.69
1.71
1.78
2.61
2.64
2.68
2.71
2.76
2.8
2.85
2.89
2.94
3.0
3.06
3.11
3.17
3.24
3.31
3.39
3.45
3.57
3.66
3.77
3.88
3.99
4.12
7.79
6.34
6.21
6.06
5.94
5.82
5.71
5.61
5.5
5.39
5.3
5.22
5.13
5.05
4.97
4.91
4.82
4.77
4.71
4.65
4.6
4.54
4.49
4.44
4.39
4.34
4.29
4.26
4.21
4.18
4.14
4.11
4.08
4.05
4.04
4.01
3.98
3.96
3.94
3.91
3.89
3.87
3.87
3.85
3.84
3.83
3.82
3.81
3.8
3.8
3.84
4.58
7.42
4.93
7.45
7.31
7.34
6.97
8.34
8.36
8.37
7.67
7.67
7.68
7.64
7.59
8.14
3.8
3.52
3.27
3.07
2.89
2.72
2.6
2.46
2.34
2.23
2.15
2.06
1.98
1.91
1.83
1.78
1.72
1.66
1.61
1.64
1.66
1.68
1.7
1.73
1.75
1.78
2.07
2.1
2.13
2.16
2.18
2.18
4.3
4.38
4.47
4.59
4.6
4.53
4.46
4.41
4.35
4.29
4.23
4.2
4.15
4.1
4.05
4.0
3.97
3.93
3.88
3.87
3.83
3.81
3.77
3.74
3.73
3.7
3.68
3.66
3.63
3.61
0.91
0.91
0.9
0.9
0.89
0.89
0.88
0.88
0.88
0.87
0.87
