3.0
2.99
2.99
3.01
3.0
3.0
1.92
1.93
1.95
1.96
2.03
1.99
1.93
1.94
1.95
2.88
2.53
2.08
2.09
2.13
2.06
2.1
2.09
2.02
2.41
2.51
2.52
2.54
2.56
2.57
2.6
2.63
2.66
2.69
2.73
2.76
2.81
2.85
2.59
2.59
3.95
4.01
4.09
4.15
4.23
4.3
4.39
2.61
2.62
4.37
4.31
4.25
3.99
4.03
4.05
4.03
3.98
3.93
3.89
3.85
3.81
3.8
3.74
3.71
3.67
2.98
2.94
2.93
2.91
2.89
2.87
2.87
2.88
3.03
3.23
3.42
3.41
3.4
3.39
3.38
3.38
3.52
3.51
3.51
3.5
3.51
3.5
3.49
3.5
3.5
3.32
2.31
2.32
3.5
3.51
3.51
3.52
3.37
3.37
2.78
2.77
2.78
2.79
2.8
2.83
2.86
2.88
3.49
3.52
3.55
3.58
3.6
3.62
3.66
3.68
3.71
3.76
3.78
3.82
3.86
3.9
2.42
3.22
4.03
4.09
4.14
4.2
4.25
4.31
4.38
4.45
4.35
4.27
4.2
4.05
4.05
3.98
3.91
3.85
2.8
2.76
2.73
2.67
2.67
2.63
2.6
2.57
2.55
2.52
2.46
2.48
2.45
2.42
2.41
2.39
2.37
2.34
2.33
2.32
2.29
2.41
2.56
2.69
2.84
2.98
2.95
1.97
2.35
2.93
2.92
2.92
2.92
2.91
2.9
2.91
2.89
2.89
2.88
2.89
2.9
