0.4
0.4
0.4
0.4
0.41
0.41
0.41
0.42
0.42
0.42
0.42
0.42
0.43
0.43
0.43
0.43
0.44
0.44
0.44
0.44
0.45
0.45
0.45
0.46
0.46
0.46
0.47
0.47
0.48
0.48
0.48
0.49
0.5
0.51
0.51
0.52
0.52
0.54
0.55
0.56
0.57
0.57
0.58
0.58
0.6
0.62
0.63
0.64
0.66
0.67
0.69
0.69
0.72
0.73
0.75
0.78
0.82
0.84
0.87
0.9
0.93
0.96
1.01
1.05
1.05
1.04
0.99
0.98
0.99
1.01
1.05
1.1
1.17
1.24
3.05
3.03
3.02
3.0
2.7
2.71
4.9
4.9
4.89
4.87
4.86
4.86
4.87
4.87
4.58
4.9
4.9
4.9
4.91
4.92
4.94
4.95
4.97
4.98
4.73
4.47
4.18
3.93
3.93
3.77
3.59
3.41
3.0
2.88
2.76
2.64
2.64
2.64
2.67
2.65
0.88
0.85
0.83
0.8
0.77
0.76
0.74
0.73
0.71
0.7
0.69
0.68
0.66
0.65
0.64
0.63
0.6
0.6
0.6
0.62
0.58
0.6
0.61
0.63
0.64
0.56
0.56
0.54
0.53
0.54
0.52
0.51
0.5
0.5
0.57
0.64
0.66
0.69
0.59
0.58
0.58
0.57
0.57
0.57
0.57
0.57
0.56
0.56
0.55
0.55
0.54
0.54
0.54
0.53
0.53
0.53
0.53
0.53
0.53
0.53
0.53
0.53
0.53
0.53
0.53
0.53
