1.2
1.14
1.08
1.05
1.03
1.01
1.0
1.04
1.05
1.06
1.08
1.09
1.1
1.11
1.13
1.14
1.14
1.17
1.19
1.95
1.99
2.01
2.03
2.15
3.01
2.87
3.11
3.13
3.18
3.23
3.31
3.37
3.45
3.53
3.61
3.68
3.78
3.87
3.96
3.93
3.87
3.83
3.79
2.3
2.26
3.69
2.25
2.24
2.22
2.21
2.2
2.17
2.24
2.24
2.43
2.44
3.43
3.41
3.39
3.38
3.38
2.77
2.61
2.58
2.56
2.57
2.59
2.59
2.58
2.57
2.57
2.38
2.28
2.29
2.3
2.3
2.31
2.32
2.34
2.35
2.36
2.37
2.26
2.29
1.89
1.89
1.91
3.44
3.45
3.46
3.48
3.53
3.52
3.55
3.57
3.6
3.62
3.66
3.69
3.71
3.76
3.8
3.84
3.88
3.91
3.8
3.7
3.61
3.53
3.44
3.37
3.29
3.22
2.25
1.86
1.77
1.73
1.73
1.82
1.8
1.7
1.68
1.69
1.77
1.8
1.9
2.24
2.29
2.34
2.39
2.45
2.42
2.4
2.37
2.36
2.33
2.11
2.16
2.26
2.29
4.98
4.97
4.96
4.95
4.93
7.47
8.04
8.57
9.18
9.91
10.79
10.94
11.05
14.42
15.98
16.01
22.4
22.41
11.88
11.88
11.87
11.88
2.88
2.15
2.09
1.93
1.96
2.12
2.06
1.88
1.47
1.48
1.5
1.51
1.52
1.54
1.54
1.54
1.56
1.56
