0.87
0.86
1.02
0.99
1.05
1.15
1.13
1.12
1.11
1.11
1.1
1.09
1.1
1.09
1.1
1.09
1.09
1.08
1.09
1.08
1.06
1.03
0.88
0.88
0.92
1.06
1.07
1.08
1.08
1.08
1.09
1.08
1.09
1.1
1.1
1.1
1.11
1.13
1.13
1.13
1.13
81.83
81.83
1.29
1.27
1.15
1.17
6.54
6.56
6.6
6.61
6.64
6.67
6.69
4.73
5.03
6.83
1.1
1.12
6.74
5.21
4.2
5.24
6.97
5.78
5.02
2.2
4.57
7.34
4.13
7.56
2.61
7.71
7.8
7.91
8.03
2.03
8.28
5.31
1.88
1.86
1.82
1.8
1.77
1.79
1.82
1.87
1.91
1.94
1.94
1.94
1.94
1.95
2.03
9.38
7.27
5.11
5.35
9.58
9.64
3.43
81.83
81.83
81.83
81.83
81.83
81.83
4.12
4.09
4.13
81.83
81.83
81.83
81.83
81.83
81.83
7.41
7.47
7.59
7.63
7.7
10.9
10.96
11.09
12.39
11.17
12.64
13.01
12.9
11.49
12.38
81.83
81.83
8.87
3.4
8.75
3.04
3.62
8.62
8.87
2.8
2.71
2.64
2.58
2.51
2.44
2.39
2.35
2.29
2.24
2.2
2.17
2.13
2.09
2.05
2.02
1.99
1.96
1.94
1.91
1.87
1.86
1.83
1.81
1.8
1.78
1.76
1.74
1.73
1.75
1.82
1.89
3.15
1.3
1.29
1.3
3.49
3.59
3.7
3.8
