2.9
2.85
2.8
2.76
2.72
2.68
2.65
2.61
2.58
2.55
2.52
2.49
2.47
2.43
2.41
2.39
2.36
2.34
2.33
2.3
2.28
2.27
2.25
2.22
1.55
1.42
1.42
1.41
1.39
1.39
1.37
1.36
1.36
1.36
1.38
1.39
1.37
1.38
1.38
1.38
1.38
2.12
2.11
2.23
2.23
2.23
2.24
2.24
2.24
2.25
2.25
2.26
2.27
2.27
2.28
2.28
2.29
2.29
2.24
1.99
1.99
2.33
2.35
2.36
2.38
2.39
1.09
1.04
0.99
0.98
0.94
0.94
0.94
0.97
0.99
1.0
1.01
1.02
1.03
1.04
1.05
1.06
1.08
1.1
1.12
1.93
1.96
1.99
2.37
2.94
2.87
3.07
3.13
3.19
3.25
3.33
3.4
3.48
3.56
3.65
3.75
3.86
3.93
3.87
3.84
3.8
3.76
3.72
2.26
2.26
2.46
2.24
2.22
2.21
2.2
2.19
2.19
2.26
2.26
2.44
2.36
3.43
3.42
3.4
3.39
3.38
2.61
2.59
2.59
2.63
2.62
2.6
2.61
2.61
2.61
2.58
2.36
2.31
2.31
2.33
2.34
2.35
2.36
2.37
2.38
2.4
2.29
2.15
1.89
1.88
1.89
3.51
3.5
3.52
3.54
3.62
3.65
3.65
3.65
3.65
3.69
3.75
3.79
3.81
3.86
3.91
3.95
3.99
3.9
3.79
3.7
3.61
3.53
3.45
3.38
3.32
2.54
2.31
1.94
1.84
