2.89
2.71
2.54
2.41
2.29
2.19
2.09
1.99
1.9
1.82
1.76
1.68
1.63
1.58
1.52
1.47
1.43
1.39
1.35
1.31
1.28
1.27
1.29
1.31
1.32
1.34
1.37
1.39
1.42
1.45
1.46
1.49
1.52
1.54
1.57
1.6
1.63
1.67
1.71
1.74
1.79
1.83
1.87
1.92
1.98
2.03
2.1
2.15
2.22
2.3
2.39
2.47
2.56
2.66
2.78
2.9
3.03
3.18
3.36
3.56
3.77
4.02
4.3
4.66
5.04
5.47
6.02
6.65
7.48
12.38
12.28
12.39
81.83
11.56
18.66
81.83
10.76
10.87
81.83
81.83
81.83
81.83
81.83
81.83
81.83
81.83
81.83
5.56
5.1
4.71
4.42
4.12
3.88
3.64
3.48
3.33
3.13
2.99
2.85
2.74
2.63
2.53
2.44
2.35
2.28
2.2
2.14
2.07
2.02
1.95
1.9
1.84
1.8
1.76
1.72
1.68
1.64
1.6
1.57
1.55
1.52
1.5
1.46
1.44
1.41
1.39
1.37
1.35
1.34
1.32
1.31
1.29
1.28
1.27
1.28
1.32
1.37
1.42
1.47
1.74
2.05
2.12
4.48
5.95
5.91
5.86
5.83
5.81
5.76
5.72
5.69
5.01
4.98
4.97
4.95
4.93
5.54
5.54
5.52
5.52
5.63
5.62
5.62
5.61
5.61
5.61
4.42
5.61
5.61
5.61
4.91
4.88
4.85
4.86
4.89
5.54
5.56
5.57
5.59
81.83
