7.82
7.77
81.83
8.4
8.44
8.41
8.34
8.29
8.24
8.16
8.13
8.09
8.05
7.47
7.39
7.48
6.84
6.75
7.92
5.48
5.15
5.14
5.14
5.13
3.42
3.42
3.42
3.41
3.42
5.23
4.31
3.06
3.05
3.04
3.04
3.02
3.0
3.0
2.98
2.98
2.97
2.97
2.95
2.94
2.93
2.93
2.94
2.93
2.93
2.93
2.93
2.93
2.94
2.93
2.92
2.93
2.93
2.93
2.95
2.96
2.98
2.98
2.98
3.01
3.03
3.04
3.02
3.04
2.89
2.92
3.09
3.11
3.12
3.15
3.16
81.83
81.83
81.83
81.83
81.83
81.83
3.31
8.66
8.7
8.74
8.78
8.79
8.86
8.9
6.38
8.82
6.27
7.73
8.99
9.07
4.64
4.03
3.84
3.74
3.74
3.78
3.81
3.79
3.78
3.8
4.08
4.14
7.48
10.53
7.15
9.01
10.93
9.05
10.92
6.92
4.81
4.89
81.83
81.83
1.7
1.7
81.83
5.5
5.41
81.83
81.83
81.83
81.83
81.83
81.83
81.83
81.83
1.94
1.92
1.91
1.91
1.91
1.9
1.91
1.91
2.65
1.86
1.53
2.62
2.62
2.61
2.6
2.6
2.59
2.58
2.58
2.58
2.57
2.58
2.57
2.57
2.58
2.58
2.58
2.59
2.6
2.6
2.61
2.62
2.63
2.63
2.64
2.65
2.66
2.67
2.69
2.71
2.72
2.74
2.76
2.78
2.79
2.82
2.84
2.86
