2.2
2.19
2.19
1.97
1.97
2.19
4.5
10.63
81.83
81.83
8.25
8.24
8.24
9.44
9.51
17.56
17.54
21.24
11.14
10.42
10.42
10.17
8.87
6.14
5.27
4.49
4.35
4.36
4.37
4.39
4.4
2.26
2.15
2.01
2.01
2.2
2.21
2.23
2.23
2.25
1.98
1.91
1.81
1.75
1.67
1.62
1.57
1.51
1.49
1.5
1.52
1.54
1.55
1.57
1.59
1.61
1.63
1.65
1.68
1.7
2.8
2.86
2.91
2.95
3.01
3.07
3.13
3.18
3.25
3.33
3.39
3.47
3.56
3.58
3.55
3.5
3.47
3.42
3.39
3.36
3.32
3.3
2.03
2.02
2.02
1.99
1.99
1.96
1.93
1.93
1.98
2.1
3.05
1.97
1.95
1.95
1.99
1.95
1.83
1.82
1.96
1.97
2.11
2.12
2.2
2.2
2.19
2.19
2.19
2.19
2.17
2.17
2.17
2.17
2.16
2.16
2.17
2.19
2.2
2.23
2.23
2.23
2.01
1.95
2.02
2.29
3.05
3.1
3.1
3.13
3.15
3.17
3.2
1.9
1.87
1.88
3.3
3.34
3.37
3.39
3.43
3.48
3.51
3.56
3.6
3.66
3.59
3.51
3.44
3.37
3.18
3.22
3.14
3.12
3.06
3.0
2.95
2.91
2.86
2.82
2.8
2.33
1.94
1.92
1.88
1.88
1.84
1.83
1.82
1.79
1.78
1.77
1.74
1.84
1.91
2.01
2.09
2.19
2.29
2.31
