3.99
4.0
4.0
4.0
3.99
3.99
3.99
3.99
4.0
4.0
3.96
3.78
3.09
4.01
4.01
3.68
3.36
3.08
2.83
2.51
2.34
2.2
2.05
1.94
1.84
1.75
1.67
1.61
1.53
1.48
1.42
1.38
1.34
1.29
1.25
1.2
1.16
1.12
1.1
1.08
1.05
1.02
1.0
0.97
0.94
0.92
0.9
0.87
0.86
0.83
0.85
0.83
0.85
0.87
0.9
0.91
0.93
0.96
0.98
1.01
1.02
1.04
4.93
4.77
4.86
4.81
4.76
4.71
4.67
4.64
4.6
4.56
4.52
1.93
1.92
1.89
1.9
1.89
1.92
2.11
2.24
2.38
2.53
2.73
2.96
3.22
3.52
3.9
4.38
4.99
5.78
6.8
10.1
10.08
10.08
10.11
12.45
12.28
12.26
12.61
12.62
12.64
14.9
14.92
14.95
3.8
3.06
2.63
2.35
2.12
1.95
1.77
1.66
1.56
1.5
1.4
1.34
1.28
1.22
1.17
1.13
1.08
1.04
1.0
0.99
0.96
0.93
0.91
0.89
0.87
0.85
0.83
0.81
0.79
0.78
0.76
0.75
0.74
0.73
0.72
0.7
0.69
0.68
0.67
0.66
0.65
0.64
0.64
0.64
0.63
0.62
0.62
0.61
0.6
0.6
0.59
0.59
0.58
0.57
0.57
0.57
0.57
0.56
0.56
0.55
0.55
0.55
0.54
0.54
0.54
0.53
0.53
0.54
0.54
0.53
0.53
0.53
0.53
0.54
0.53
