0.87
0.86
0.86
0.86
0.86
0.86
0.85
0.84
0.84
0.84
0.84
0.83
0.83
0.83
0.82
0.82
0.83
0.82
0.83
0.82
0.83
0.83
0.82
0.81
0.82
0.82
0.81
0.81
0.82
0.82
0.83
0.83
0.83
0.83
0.84
0.84
0.85
0.86
0.86
0.85
0.85
0.86
0.87
0.88
0.89
0.9
0.9
0.91
0.92
0.99
1.0
1.01
1.01
1.02
1.03
1.03
1.04
1.05
1.06
1.08
1.08
1.08
1.09
1.1
1.1
1.11
1.12
1.1
1.08
1.12
1.12
1.14
1.15
1.16
1.17
1.19
1.21
1.23
1.24
1.27
1.29
1.32
1.34
1.36
1.38
1.41
1.44
1.47
1.5
1.53
11.14
5.5
9.87
11.42
8.88
8.98
11.77
6.21
6.09
6.14
6.17
6.14
6.44
6.57
12.94
12.96
9.54
13.33
13.31
4.04
81.83
81.83
81.83
81.83
7.89
4.24
4.21
4.0
4.13
4.37
4.62
4.86
4.81
4.77
4.74
2.1
1.98
1.86
1.76
1.67
1.59
1.53
1.47
1.41
1.34
1.31
1.25
1.2
1.17
1.13
1.09
1.07
1.04
1.0
0.98
0.96
0.94
0.9
0.89
0.87
0.84
0.83
0.81
0.8
0.79
0.76
0.76
0.78
0.79
0.81
0.83
0.83
0.86
0.88
0.9
0.92
0.95
0.97
1.0
1.03
1.06
1.08
1.12
1.16
1.2
1.24
1.3
1.34
1.4
1.46
