4.79
4.8
3.89
4.63
4.52
4.54
4.49
1.77
1.77
4.34
4.26
4.21
4.16
4.11
4.09
4.06
4.02
81.83
81.83
81.83
81.83
81.83
81.83
81.83
81.83
81.83
81.83
81.83
81.83
81.83
1.96
81.83
81.83
81.83
81.83
81.83
1.79
1.78
1.67
1.65
1.63
81.83
81.83
81.83
81.83
1.44
1.41
1.39
1.36
1.34
1.32
1.3
1.3
1.29
1.27
1.26
1.23
1.23
1.23
1.2
1.21
1.38
1.34
1.33
1.37
1.37
6.35
3.4
3.42
3.16
3.18
4.01
4.01
6.16
4.2
4.25
3.14
3.17
81.83
5.89
4.23
3.29
3.29
3.3
3.31
3.32
3.34
3.37
3.39
3.42
3.44
3.45
3.48
3.52
3.55
3.58
3.62
3.65
3.7
3.73
3.77
3.81
3.87
3.92
3.96
4.44
6.23
6.19
6.05
1.43
1.39
1.35
1.32
1.28
1.27
1.28
1.29
1.31
1.33
1.35
1.34
1.34
1.35
1.35
1.35
1.34
1.35
1.34
1.35
1.35
1.37
1.13
1.18
20.41
20.44
1.65
81.83
14.64
2.73
2.72
81.83
81.83
81.83
81.83
81.83
81.83
81.83
81.83
81.83
1.61
1.62
1.13
1.14
5.72
5.78
5.8
5.85
5.9
5.98
6.03
4.28
4.29
6.24
81.83
4.85
4.81
4.33
4.91
4.18
6.45
5.4
6.6
5.16
6.8
5.06
5.05
4.37
4.32
4.32
7.76
