1.99
1.64
1.77
2.11
2.1
2.09
2.06
2.06
2.09
2.09
2.08
2.08
2.08
2.08
2.08
3.73
3.73
3.73
3.75
3.75
3.76
3.76
3.79
3.8
3.81
3.83
3.85
3.87
3.88
3.91
3.9
3.71
3.54
3.37
3.23
3.25
3.26
3.31
3.33
3.35
3.38
3.41
2.97
3.47
2.87
2.89
3.61
3.59
3.51
3.53
3.65
3.67
4.9
4.98
5.05
5.14
5.22
5.32
3.72
5.18
3.71
3.71
4.95
4.88
4.82
4.76
4.69
4.63
4.6
4.52
4.48
4.44
4.4
3.54
3.5
3.47
3.46
3.42
3.38
3.46
3.61
3.76
2.6
4.06
4.09
4.08
4.06
4.03
3.74
4.01
3.99
3.98
3.97
3.96
3.87
3.85
3.84
3.84
3.83
3.82
3.83
3.83
3.83
3.82
3.83
3.82
3.31
3.27
3.28
3.29
3.3
3.88
3.9
3.9
3.91
3.91
3.94
2.92
3.28
4.0
4.03
4.05
4.06
3.93
4.14
4.15
4.19
4.24
4.27
2.45
2.38
2.32
2.25
2.2
2.13
2.09
2.03
2.0
1.93
1.88
1.82
1.87
1.9
1.92
1.95
1.91
1.88
1.85
1.82
1.8
1.77
1.74
1.74
1.75
1.79
1.82
1.87
1.92
1.96
2.02
2.07
2.19
2.16
2.14
2.11
2.09
2.07
2.05
2.04
2.02
2.02
2.0
1.98
1.97
1.96
1.95
1.95
1.94
1.93
1.93
