4.12
4.04
3.98
3.92
3.87
3.81
3.75
3.71
3.66
3.62
3.57
3.53
3.49
3.46
3.43
3.4
3.37
3.34
3.31
3.28
3.25
3.23
3.21
3.19
3.16
3.14
3.13
3.11
3.09
3.08
3.07
3.05
3.04
3.03
3.01
3.11
4.22
4.23
4.76
5.74
7.35
9.96
81.83
19.95
19.96
17.2
17.24
11.31
11.31
7.35
6.01
5.25
4.65
4.17
3.8
3.48
3.2
3.0
3.01
3.02
3.04
3.06
3.08
3.09
6.15
6.19
6.22
6.27
6.32
6.35
6.31
6.35
6.42
6.47
8.89
4.92
4.79
4.66
4.55
4.44
4.35
4.23
4.16
4.06
4.0
3.92
3.85
3.76
3.7
3.64
3.59
3.52
3.48
3.42
3.39
3.34
3.29
3.24
3.21
3.16
3.14
3.16
3.21
3.25
3.3
3.35
3.41
3.47
3.53
3.59
3.66
3.74
3.81
3.9
3.99
4.08
4.2
4.31
4.42
4.6
4.7
4.87
5.05
5.25
5.49
5.77
6.07
6.43
6.88
7.45
8.2
15.03
20.01
20.01
20.02
23.57
23.26
9.18
7.29
5.98
5.1
4.38
4.37
3.42
3.19
3.19
0.85
0.83
0.77
0.74
0.68
0.63
0.65
0.77
0.87
0.88
0.88
0.89
0.9
0.9
0.9
0.91
0.93
0.93
0.93
0.94
0.96
0.96
0.97
0.98
1.0
1.01
1.02
1.04
1.05
1.07
1.08
1.1
1.11
1.13
