0.49
0.49
0.49
0.49
0.49
0.5
0.5
1.17
1.2
1.17
1.18
2.86
1.01
1.02
1.03
2.92
0.67
0.68
0.68
0.68
0.7
0.8
0.78
0.77
0.74
0.71
0.71
2.35
2.38
2.4
2.42
2.45
2.47
2.5
2.54
2.55
0.5
0.45
0.45
0.45
0.48
0.48
3.59
3.17
3.16
3.15
3.35
3.26
2.97
4.34
4.52
4.48
4.43
4.36
4.31
4.25
4.2
4.16
4.12
4.08
4.03
4.0
3.96
3.93
3.92
3.88
3.85
3.81
3.09
3.04
3.02
3.0
2.96
2.94
2.85
2.9
2.89
2.84
2.86
2.85
2.82
2.82
2.82
2.84
2.84
2.73
2.7
2.7
2.74
2.78
2.75
2.32
2.4
3.06
3.01
2.86
3.75
3.41
2.96
3.39
3.63
3.06
3.03
3.04
3.06
3.09
3.09
3.11
3.11
3.07
3.05
3.05
3.04
3.57
3.7
3.76
3.83
3.96
4.1
4.15
4.19
4.23
4.29
4.17
4.07
4.11
4.17
4.24
4.3
4.69
4.69
4.6
4.52
4.44
4.34
2.58
2.58
4.15
4.09
4.03
3.97
2.96
2.94
2.92
2.88
2.83
2.79
2.77
2.72
2.72
2.69
2.67
2.65
2.62
2.6
2.28
2.57
2.69
1.92
1.94
1.95
1.93
1.88
1.87
1.92
1.94
1.99
2.02
3.14
3.13
2.11
3.12
3.12
3.11
3.11
3.1
3.11
3.09
3.1
3.1
