1.43
1.4
1.38
1.35
1.33
1.3
1.28
1.27
1.25
1.24
1.22
1.2
1.18
1.16
1.15
1.14
1.12
1.11
1.09
1.08
1.06
1.06
1.05
1.04
1.03
1.03
1.04
1.1
1.14
1.2
1.27
2.74
2.83
2.92
3.01
3.12
3.25
3.37
3.52
3.52
3.51
3.69
3.87
4.09
4.33
4.6
4.91
5.26
5.68
6.16
6.73
7.05
7.04
7.02
8.72
9.91
12.02
18.73
18.58
19.71
19.74
22.15
8.11
8.01
8.03
8.04
8.03
8.06
8.08
6.6
5.92
5.35
4.89
4.53
4.19
3.89
3.65
3.44
3.24
3.06
2.9
2.77
2.65
2.54
2.43
2.48
2.51
2.53
2.55
2.58
2.66
2.68
2.71
2.74
2.77
2.8
2.83
2.87
5.12
5.0
4.89
4.79
4.85
4.92
4.99
5.1
5.02
4.94
4.86
4.79
4.71
4.65
4.59
4.52
4.46
4.41
4.35
4.3
4.25
4.2
4.16
4.12
4.07
4.04
4.01
3.97
1.09
1.05
1.04
1.03
1.02
1.02
1.01
1.01
1.0
1.0
0.99
1.0
0.99
0.99
0.98
0.98
0.98
0.98
0.98
0.98
0.98
0.98
0.98
0.97
0.97
0.97
0.97
0.97
0.98
0.98
0.97
0.97
0.97
0.98
0.97
0.98
0.98
0.98
0.98
0.99
1.0
1.0
1.0
1.0
1.02
1.03
1.03
1.04
1.05
1.04
1.09
1.07
1.08
1.1
