4.64
4.88
5.14
5.44
5.76
6.15
6.57
6.94
6.91
6.9
9.08
8.57
11.33
11.33
81.83
18.67
18.32
19.56
19.55
7.83
7.81
7.82
7.81
7.81
7.82
7.83
5.59
4.76
4.27
3.75
3.39
3.12
2.84
2.62
2.44
2.3
2.17
2.12
2.18
2.19
2.21
2.23
2.25
2.3
2.32
2.34
2.36
2.38
2.4
2.42
2.43
2.46
2.49
2.5
4.86
4.74
4.63
4.53
4.41
4.42
4.48
4.57
4.63
4.68
4.6
4.53
4.45
4.37
4.32
4.25
4.18
4.13
4.08
4.01
3.96
3.93
3.87
3.83
3.79
3.75
3.71
3.68
3.64
3.61
3.58
3.54
3.52
0.68
0.65
0.64
0.64
0.64
0.64
0.63
0.64
0.64
0.64
0.64
0.63
0.62
0.62
0.61
0.62
0.61
0.61
0.62
0.61
0.61
0.6
0.61
0.6
0.6
0.6
0.61
0.61
0.61
0.6
0.6
0.61
0.62
0.62
0.62
0.62
0.62
0.63
0.63
0.64
0.63
0.64
0.64
0.64
0.64
0.65
0.65
0.66
0.66
0.66
0.68
0.68
0.7
0.7
0.71
0.72
0.72
0.72
0.73
0.74
0.75
0.76
0.77
0.78
0.78
0.8
0.83
0.83
0.84
0.87
0.91
0.91
0.91
0.93
0.94
0.97
1.0
1.02
1.05
1.07
1.1
1.14
1.17
1.21
1.25
1.29
1.33
1.39
1.44
1.5
1.55
1.63
1.71
