3.96
3.96
3.96
3.96
3.96
3.97
3.97
3.98
3.98
3.99
4.0
4.0
2.85
2.48
2.48
2.49
2.5
2.52
2.53
2.53
2.54
2.56
2.57
2.59
2.61
2.63
2.65
2.67
1.05
1.04
0.9
0.89
0.94
0.93
1.08
1.11
1.11
1.14
1.15
1.15
1.16
1.2
1.2
1.23
1.25
0.54
0.53
0.53
1.34
1.37
1.38
1.4
1.44
1.18
81.83
81.83
81.83
1.67
1.67
1.7
81.83
81.83
81.83
81.83
81.83
81.83
81.83
81.83
81.83
1.77
0.9
0.9
1.75
1.74
1.74
1.74
1.73
1.72
1.71
1.7
1.7
1.69
1.68
1.67
1.67
1.67
1.76
2.11
2.28
1.57
1.33
1.27
1.21
1.16
1.13
1.09
1.05
1.02
0.98
0.96
0.93
0.92
0.93
0.94
0.95
0.96
0.97
0.99
1.0
1.02
1.04
1.05
1.07
1.09
1.11
1.14
1.16
1.18
1.2
1.22
1.24
1.33
1.49
1.35
1.35
1.35
1.43
1.57
1.55
1.53
1.52
1.5
1.49
1.48
1.46
1.46
1.44
1.43
1.42
0.75
0.76
0.76
1.37
1.37
1.38
1.37
1.01
1.02
1.15
1.35
1.34
1.31
0.9
0.9
0.9
0.9
0.9
0.9
0.89
0.9
0.9
0.9
0.9
0.9
1.32
1.32
1.33
1.33
1.33
0.85
0.81
0.75
0.68
0.67
0.67
0.66
0.65
0.65
0.65
0.67
