1.9
1.8
1.55
1.51
1.56
1.56
1.57
1.58
1.6
1.6
1.62
1.64
1.65
1.67
1.67
1.69
1.69
1.63
1.63
1.68
1.68
1.7
1.71
1.75
2.85
2.91
2.97
3.02
3.09
2.99
2.95
2.93
2.92
2.98
3.06
3.17
3.27
3.51
3.53
3.49
3.46
3.37
3.4
3.34
3.34
3.31
3.28
3.26
3.25
3.23
3.21
3.19
3.17
3.16
3.15
3.13
3.12
3.12
3.1
3.1
3.03
1.89
1.83
1.86
2.33
2.32
2.33
2.33
2.33
2.33
2.32
2.33
2.32
2.34
2.34
2.32
2.32
2.34
2.36
2.36
2.38
2.39
2.43
3.17
3.18
2.54
2.18
2.2
2.55
3.27
2.55
2.57
2.16
2.11
1.99
1.97
2.15
2.18
2.08
2.07
2.46
3.64
3.68
3.73
3.77
3.82
3.76
3.67
3.6
3.52
3.45
3.39
3.32
3.26
3.2
3.15
3.1
3.04
2.29
2.18
2.15
2.14
2.07
2.03
2.01
1.99
1.98
1.95
1.92
1.91
1.89
1.89
1.87
1.92
2.0
2.1
2.19
2.27
2.39
2.41
2.41
2.25
2.3
2.38
2.41
2.49
2.66
2.88
3.15
3.49
3.88
4.35
6.01
6.32
7.6
9.91
12.02
12.04
12.04
12.04
24.87
23.75
24.07
13.63
11.74
10.9
10.3
9.81
9.09
7.29
7.09
2.42
2.28
2.22
2.1
1.29
1.32
1.37
1.6
1.62
