12.55
12.55
12.55
12.55
12.56
12.57
8.14
8.12
8.18
8.27
8.36
8.46
7.23
7.25
7.34
5.52
5.16
4.85
4.57
4.32
4.1
3.9
3.71
3.55
3.42
3.28
3.18
3.05
2.96
2.87
2.77
2.69
2.62
2.54
2.47
2.42
2.35
2.31
2.26
2.21
2.16
2.11
2.07
2.04
2.0
1.96
1.93
1.9
1.87
1.84
1.81
1.79
1.76
1.73
1.72
1.69
1.67
1.65
1.63
1.61
1.59
1.57
1.56
1.55
1.54
1.53
1.52
1.5
1.49
1.48
1.46
1.46
1.44
1.43
1.43
1.42
1.41
1.41
1.4
1.4
1.4
1.39
1.39
1.39
1.39
1.39
1.38
1.38
1.38
1.38
1.38
1.38
1.38
1.37
1.38
1.38
1.38
1.38
1.39
1.39
1.39
1.39
1.4
1.4
1.41
1.4
1.4
1.41
1.42
1.43
1.44
1.45
1.46
1.47
1.48
1.5
1.51
1.52
1.54
1.55
1.56
1.58
1.59
1.6
1.63
1.64
1.67
1.69
1.71
1.73
1.75
1.78
1.81
1.84
1.87
1.9
1.93
1.95
1.99
2.03
2.07
5.07
5.08
3.85
5.06
4.86
4.69
4.59
3.45
4.61
4.68
81.83
3.92
3.86
4.08
4.06
81.83
81.83
81.83
13.91
13.99
14.02
10.68
6.29
6.27
6.23
6.13
6.13
6.2
81.83
81.83
81.83
13.43
81.83
81.83
81.83
81.83
81.83
81.83
4.51
