1.34
1.36
1.38
1.39
1.4
1.42
1.45
1.47
1.5
1.52
1.54
1.57
1.6
1.63
1.67
1.7
1.73
1.78
1.82
1.86
1.91
1.96
2.02
2.08
2.14
2.21
2.29
2.36
2.46
2.55
2.68
2.82
2.97
3.15
3.37
3.63
3.94
4.34
4.9
13.43
13.43
13.43
13.44
13.44
13.45
13.45
13.47
13.5
11.81
10.39
9.27
8.37
7.7
7.7
6.54
6.07
5.7
5.36
5.06
4.78
4.55
4.34
4.16
3.97
3.82
3.66
3.53
3.4
3.29
3.17
3.08
2.98
2.89
2.81
2.74
2.66
2.59
2.53
2.46
2.41
2.35
2.29
2.26
2.21
2.17
2.16
2.18
2.23
2.27
2.32
2.36
4.99
5.11
5.2
5.12
4.73
5.39
7.09
7.03
6.96
5.57
5.57
6.75
6.69
6.64
6.58
6.54
6.48
6.44
6.39
5.61
5.53
5.5
5.47
5.47
5.77
6.07
6.18
6.16
5.89
5.86
6.09
6.07
6.04
6.0
5.98
5.97
5.97
5.97
5.96
5.95
5.36
5.36
5.37
5.9
5.97
5.97
4.93
4.82
4.82
6.03
6.05
4.42
4.08
3.82
3.69
3.69
3.7
3.58
3.4
3.4
3.42
3.44
3.47
3.48
3.5
3.52
3.71
3.57
3.46
3.35
3.24
3.14
3.06
2.97
2.9
2.82
2.76
2.68
2.62
2.57
2.51
2.45
2.41
2.11
2.09
2.15
2.18
2.2
2.21
