1.67
1.69
1.7
1.7
0.77
0.73
0.74
0.72
0.69
0.68
0.67
0.66
0.65
0.63
0.62
0.61
0.6
0.58
0.58
0.57
0.57
0.56
0.55
0.53
0.54
0.52
0.52
0.52
0.52
0.5
0.5
0.5
0.5
0.5
0.5
0.49
0.49
0.48
0.49
0.49
0.48
0.47
0.47
0.47
0.47
0.46
0.46
0.46
0.46
0.45
0.46
0.45
0.46
0.46
0.47
0.46
0.46
0.47
0.47
0.46
0.47
0.46
0.46
0.47
0.46
0.46
0.46
0.46
0.46
0.46
0.46
0.46
0.46
0.46
0.46
0.46
0.46
0.47
0.47
0.48
0.48
0.49
0.49
0.5
0.5
0.5
0.51
0.51
0.52
0.51
0.52
0.53
0.54
0.54
0.54
0.55
0.56
0.57
0.57
0.58
0.59
0.59
0.6
0.6
0.62
0.62
0.63
0.65
0.66
0.67
0.69
0.69
0.7
0.72
0.75
0.77
0.78
0.81
0.84
0.87
0.9
0.93
0.98
1.0
1.05
1.09
1.13
1.19
1.26
1.31
1.38
1.46
1.53
1.61
1.72
1.86
1.99
2.14
2.32
2.55
2.81
3.15
3.57
4.12
5.12
7.66
7.65
7.65
7.63
7.65
10.02
9.88
9.86
9.86
10.14
10.16
10.18
10.27
12.51
12.56
12.6
12.64
12.69
12.43
11.62
10.92
4.42
3.51
3.08
2.78
2.52
2.32
2.16
2.03
1.92
1.81
1.74
1.66
1.59
1.53
