0.73
0.74
0.75
0.75
0.76
0.78
0.78
0.79
0.8
0.81
0.82
0.84
0.85
0.85
0.86
0.87
0.89
0.91
0.93
0.94
0.96
0.98
1.01
1.01
1.04
1.06
1.09
1.12
1.14
1.16
1.2
1.24
1.26
1.32
1.36
1.39
1.44
1.5
1.55
1.62
1.68
1.75
1.82
1.91
2.03
3.25
3.23
3.21
3.18
3.18
3.17
3.15
3.14
3.35
5.04
5.03
5.02
5.01
5.01
5.0
4.99
4.98
4.99
4.99
4.98
4.99
5.0
5.0
5.01
5.02
5.04
5.46
6.08
7.03
81.83
81.83
12.79
11.95
11.17
10.49
9.88
9.36
8.9
8.46
8.09
7.74
7.37
7.33
9.95
10.04
6.4
6.21
6.28
6.34
6.4
6.47
6.54
6.62
6.69
6.78
6.86
4.09
4.0
3.94
4.23
4.28
4.36
4.42
4.5
4.58
4.66
4.74
4.85
4.95
4.88
4.82
4.75
4.69
4.63
4.58
1.33
1.28
1.26
1.25
1.23
1.22
1.2
1.19
1.19
1.18
1.16
1.15
1.15
1.15
1.14
1.13
1.13
1.12
1.11
1.11
1.1
1.1
1.09
1.09
1.09
1.08
1.08
1.07
1.07
1.07
1.07
1.07
1.07
1.07
1.06
1.07
1.07
1.08
1.07
1.07
1.07
1.08
1.08
1.08
1.09
1.09
1.1
1.1
1.11
1.12
1.12
1.13
1.14
1.15
1.15
1.15
1.15
1.17
1.18
1.19
