0.82
0.81
0.82
0.82
0.83
0.84
0.85
0.85
0.86
0.87
0.87
0.88
0.9
0.91
0.92
0.93
0.95
0.96
0.96
0.97
10.76
7.06
6.95
6.86
6.47
6.39
3.01
3.07
3.13
3.18
3.19
3.15
3.11
3.07
3.02
2.99
2.95
2.92
2.88
2.86
2.83
2.8
2.46
2.51
2.6
2.71
2.69
2.67
2.66
2.64
2.62
2.6
2.59
2.58
2.56
2.55
2.54
2.53
2.52
2.51
2.5
2.5
2.49
2.48
2.18
2.31
2.47
2.46
2.46
2.46
2.45
2.45
2.46
2.47
2.46
2.47
2.48
2.48
2.49
2.5
2.51
2.52
2.53
2.54
2.38
2.26
2.26
2.14
2.03
1.92
1.84
1.76
1.67
1.61
1.51
1.5
1.51
1.51
1.52
1.5
1.45
1.4
1.37
1.33
1.3
1.27
1.24
1.21
1.17
1.15
1.13
1.1
1.07
1.06
1.04
1.03
1.0
0.98
0.97
0.96
0.94
0.92
0.91
0.9
0.88
0.8
0.73
0.72
0.74
0.74
0.73
0.72
0.72
0.71
0.71
0.7
0.7
0.69
0.68
0.68
0.68
0.68
0.67
0.67
0.67
0.67
0.66
0.66
0.66
0.66
0.65
0.65
0.65
0.65
0.65
0.65
0.63
0.63
0.63
0.64
0.64
0.67
0.8
0.8
0.8
0.8
2.71
2.71
2.72
2.73
2.74
2.77
3.28
3.26
3.22
3.04
2.64
2.67
2.77
2.79
