1.22
2.48
2.55
2.62
2.68
2.75
2.83
2.92
3.02
3.12
3.22
3.34
3.46
3.45
3.44
3.59
3.77
3.97
4.16
4.41
4.68
4.98
5.31
5.69
6.15
6.7
6.97
6.94
6.92
8.62
9.83
11.93
81.83
18.38
19.64
19.62
81.83
8.22
7.91
7.91
7.92
7.93
7.94
7.96
7.97
5.88
5.3
4.81
4.42
4.06
3.75
3.5
3.31
3.1
2.93
2.77
2.63
2.52
2.41
2.31
2.36
2.37
2.4
2.42
2.44
2.51
2.55
2.56
2.59
2.62
2.65
2.67
2.72
2.74
4.94
4.83
4.73
4.67
4.73
4.8
4.89
4.98
4.88
4.8
4.74
4.66
4.59
4.53
4.47
4.41
4.35
4.3
4.24
4.2
4.15
4.1
4.06
4.03
3.98
3.95
3.91
3.87
3.85
3.82
3.66
0.98
0.94
0.94
0.94
0.93
0.92
0.91
0.91
0.91
0.91
0.9
0.9
0.91
0.89
0.89
0.89
0.9
0.89
0.9
0.89
0.89
0.9
0.89
0.9
0.9
0.9
0.9
0.9
0.9
0.9
0.9
0.91
0.91
0.91
0.91
0.91
0.92
0.92
0.92
0.93
0.94
0.95
0.95
0.97
0.97
0.97
0.98
0.97
0.99
0.99
1.01
1.02
1.03
1.03
1.03
1.07
1.07
1.09
1.1
1.11
1.13
1.15
1.16
1.18
1.2
1.21
1.24
1.26
1.29
1.32
1.34
1.36
1.39
1.42
1.46
