4.38
4.29
4.23
4.15
4.09
4.0
3.94
3.88
3.83
3.76
3.71
3.65
3.61
3.57
3.56
3.48
3.45
3.4
3.37
3.34
3.3
3.27
3.24
3.21
3.18
3.16
3.14
3.11
3.1
3.08
3.06
3.06
3.2
3.45
3.61
3.77
4.2
4.17
4.14
6.53
6.57
6.63
6.59
6.49
6.46
6.08
6.07
7.22
7.45
7.45
7.12
6.75
6.71
2.43
2.04
1.8
1.55
1.37
1.23
1.11
1.03
0.95
0.87
0.81
0.75
0.71
0.67
0.63
0.61
0.59
0.58
0.56
0.56
0.57
0.57
0.58
0.59
0.6
0.6
0.61
0.62
0.62
0.62
0.63
0.63
0.64
0.64
0.66
0.67
0.68
0.69
1.0
1.02
1.04
1.06
1.08
1.1
1.12
1.14
1.16
3.61
3.57
3.51
3.46
3.43
3.4
3.36
3.33
3.29
3.27
3.23
3.2
3.17
3.15
3.12
3.09
3.07
3.05
3.03
3.02
3.0
2.98
2.92
2.95
2.93
2.92
2.91
2.9
2.9
2.89
2.88
2.88
2.87
2.86
2.86
2.86
2.86
2.55
2.52
2.85
2.85
2.86
2.86
2.87
2.87
2.88
2.88
2.9
2.9
2.9
2.81
2.67
2.67
2.63
2.62
2.63
2.69
2.74
2.78
3.06
3.08
3.1
3.13
3.15
3.18
3.21
3.24
3.27
3.3
3.32
3.36
3.4
3.45
3.48
3.52
3.57
3.62
3.66
1.25
1.25
