1.95
3.69
3.7
3.71
3.73
3.76
3.77
3.83
3.86
3.89
3.93
3.96
4.01
4.06
3.99
3.88
3.79
3.69
3.59
3.5
3.42
1.99
1.86
1.85
1.86
1.92
1.8
1.78
1.78
1.85
1.85
2.01
2.28
2.32
2.36
2.42
2.45
2.52
2.5
2.48
2.44
2.41
2.24
2.2
2.24
2.32
2.34
5.06
5.05
5.03
5.01
4.99
4.98
4.99
7.5
7.58
8.09
8.58
9.13
9.79
10.53
10.96
10.96
13.69
13.84
15.98
23.41
23.4
11.86
2.13
2.03
1.93
2.03
2.07
1.46
1.47
1.46
1.45
1.46
1.44
1.44
1.45
1.46
1.47
1.48
1.48
1.5
1.51
1.52
1.55
2.17
2.18
2.2
2.21
2.22
2.23
2.24
2.27
2.29
2.3
2.32
2.34
2.38
2.38
2.41
2.43
2.47
2.5
2.52
1.63
1.31
1.33
1.42
1.38
1.38
1.38
1.4
1.18
1.18
1.19
1.42
1.45
1.58
3.06
1.52
1.5
2.92
2.88
2.85
2.81
2.78
2.74
2.72
2.69
2.66
2.64
2.61
2.59
2.57
2.56
2.53
2.52
2.5
2.49
2.48
2.47
2.44
2.43
2.42
2.41
2.41
1.65
1.62
1.61
1.6
1.6
1.61
1.62
1.63
1.62
1.61
1.61
1.61
1.61
1.61
1.61
1.61
1.61
1.62
1.61
1.61
1.59
1.64
1.65
1.66
1.66
1.66
1.66
1.68
1.69
