1.36
1.39
1.42
1.44
1.47
1.51
1.55
1.58
1.62
1.66
1.7
1.75
1.8
1.85
1.9
1.97
2.04
2.12
2.2
2.27
2.36
2.47
2.56
2.69
2.84
3.0
3.17
3.35
3.34
3.33
3.32
3.32
3.39
3.76
4.19
4.72
5.4
6.33
9.71
9.7
10.95
10.95
10.97
11.0
13.38
13.4
13.41
6.28
5.23
4.45
3.9
3.46
3.16
2.86
2.64
2.44
2.27
2.13
1.98
1.89
1.78
1.69
1.61
1.52
1.47
1.41
1.34
1.3
1.24
1.2
1.16
1.11
1.08
1.05
1.02
0.99
0.95
0.93
0.91
0.88
0.86
0.85
0.82
0.8
0.8
0.79
0.77
0.75
0.73
0.72
0.71
0.71
0.72
0.72
0.74
0.75
0.76
0.8
0.82
2.72
2.75
2.8
4.54
4.48
4.45
4.4
3.03
2.67
4.29
4.26
4.23
4.2
4.18
4.16
4.13
4.1
4.08
4.07
4.05
4.03
4.01
3.99
3.98
3.97
3.96
3.96
3.94
3.95
3.95
3.95
3.95
3.94
3.94
3.93
3.93
3.93
3.94
3.94
3.94
3.94
3.95
3.65
3.29
3.0
2.75
2.54
2.37
1.69
1.51
1.39
1.31
1.24
1.16
1.11
1.05
1.0
0.95
0.9
0.86
0.83
0.81
0.81
0.81
0.82
0.82
0.81
0.76
0.74
0.73
0.72
0.72
0.71
0.7
0.69
0.7
0.72
0.75
0.76
0.77
0.78
