1.2
1.2
1.19
1.19
1.2
1.21
1.2
1.19
1.18
1.19
1.21
1.22
1.23
1.23
1.24
1.25
1.26
1.26
1.28
1.28
2.51
2.6
2.63
2.53
3.58
2.87
3.65
3.69
3.73
3.63
3.52
3.4
3.32
3.24
3.16
3.12
3.16
3.22
3.26
3.3
3.35
3.42
3.36
3.29
3.24
3.19
3.12
3.09
3.03
2.99
2.95
2.9
2.86
2.84
2.8
2.77
2.73
2.7
2.67
2.64
2.62
2.6
2.58
2.55
2.53
2.52
2.49
2.48
2.46
2.44
2.42
2.41
2.39
2.38
2.37
2.36
2.36
2.34
2.33
2.33
1.85
2.31
2.3
2.3
2.29
2.29
2.29
2.29
2.28
2.29
2.28
2.28
2.29
2.29
2.29
2.3
2.31
2.31
2.32
2.32
2.33
1.98
2.35
2.19
2.07
2.07
2.06
2.08
2.1
2.1
2.12
2.13
2.13
2.5
2.52
2.54
2.56
2.58
2.61
2.63
2.66
2.69
2.72
2.75
2.78
2.82
2.84
2.89
2.93
2.97
3.02
3.06
3.0
2.95
2.91
2.86
2.8
2.76
2.73
2.77
2.77
2.04
1.88
2.65
2.63
2.59
2.65
2.72
2.78
2.87
2.96
3.17
0.76
0.78
0.77
0.76
0.76
0.75
0.75
0.74
0.73
0.72
0.72
0.7
0.7
0.7
0.69
0.69
0.69
0.68
0.68
0.69
0.7
0.71
0.71
0.7
0.69
0.69
0.7
0.7
