1.76
1.8
1.82
1.86
1.91
1.97
2.0
2.06
2.12
2.18
2.25
2.31
2.38
2.45
2.55
2.66
2.76
2.9
3.02
3.19
3.37
3.63
3.9
4.24
4.68
5.31
11.21
16.24
16.23
16.23
16.24
19.63
19.47
20.08
20.09
6.34
5.28
4.62
4.15
3.76
3.44
3.18
2.94
2.75
2.58
2.43
2.3
2.17
2.05
1.96
1.87
1.8
1.71
1.65
1.59
1.53
1.48
1.43
1.39
1.34
1.3
1.26
1.23
1.18
1.16
1.14
1.1
1.07
1.05
1.03
1.02
1.01
0.98
0.97
0.95
0.93
0.93
0.89
0.88
0.88
0.89
0.91
0.92
0.94
0.98
0.98
3.15
3.28
3.34
4.65
4.61
4.58
4.53
4.49
4.47
3.48
3.48
4.37
2.25
2.23
4.29
4.26
4.23
4.21
4.18
4.18
4.17
4.15
2.65
2.64
4.11
4.1
4.09
4.09
4.09
4.08
4.08
4.05
4.07
4.07
4.07
4.08
4.08
4.08
4.09
4.09
3.79
3.34
2.98
2.71
2.04
1.58
1.38
1.23
1.08
1.01
0.93
0.91
0.9
0.9
0.91
0.91
0.84
0.82
0.81
0.79
0.77
0.77
0.78
0.79
0.8
0.81
0.81
0.83
0.83
0.84
0.85
0.86
0.88
0.88
0.9
0.91
0.94
3.14
3.08
3.04
2.98
2.94
2.89
2.85
2.81
2.77
2.73
2.7
2.67
2.64
2.61
2.58
2.58
2.6
