4.29
4.46
4.68
4.94
4.89
2.09
1.92
1.76
1.63
1.51
1.42
1.33
1.26
1.21
1.15
1.09
1.05
1.02
0.98
0.94
0.9
0.87
0.83
0.81
0.79
0.76
0.75
0.75
0.76
0.78
0.78
0.79
0.81
0.82
0.83
0.84
0.85
0.87
0.89
0.9
0.92
0.93
0.95
0.97
0.99
1.01
1.03
1.06
1.08
1.11
1.14
1.17
1.21
1.24
1.29
1.32
1.36
1.41
1.45
1.5
1.57
1.62
1.69
1.76
1.84
1.92
2.02
2.13
2.25
2.39
2.55
2.74
2.96
3.21
3.66
4.57
4.63
4.82
4.88
4.92
4.9
4.89
4.89
4.88
4.87
4.88
4.88
4.89
4.89
4.79
4.8
10.43
10.45
10.47
5.0
4.6
4.22
3.88
3.6
3.46
3.47
3.47
3.47
3.31
3.14
2.41
2.3
2.21
2.13
2.05
1.98
1.92
1.86
1.81
1.76
1.71
1.67
1.62
1.58
1.54
1.51
1.47
1.45
1.41
1.38
1.36
1.33
1.31
1.28
1.25
1.23
1.22
1.19
1.17
1.15
1.14
1.12
1.11
1.09
1.09
1.08
1.06
1.05
1.04
1.02
1.01
1.0
1.0
0.99
0.98
0.98
0.97
0.96
0.95
0.94
0.93
0.93
0.92
0.91
0.91
0.9
0.9
0.9
0.9
0.89
0.88
0.88
0.87
0.87
0.88
0.87
0.87
0.87
0.87
0.86
0.87
0.87
0.87
0.87
0.87
