4.07
4.0
4.02
4.08
4.13
4.18
4.23
4.29
4.35
4.37
4.33
4.26
4.3
4.29
3.16
3.21
3.28
3.32
3.34
3.36
3.4
3.46
3.48
3.42
81.83
81.83
81.83
81.83
3.55
1.71
1.68
1.64
1.59
1.57
1.53
1.5
1.48
1.44
1.42
1.39
1.37
1.34
1.31
1.3
1.27
1.26
1.24
1.22
1.2
1.19
1.18
1.16
1.15
1.13
1.11
1.1
1.09
1.09
1.07
1.07
1.06
1.04
1.04
1.03
1.02
1.02
1.01
1.0
0.99
0.99
0.98
0.98
0.98
0.97
0.97
0.96
0.96
0.96
0.96
0.95
0.95
0.95
0.95
0.95
0.95
0.94
0.94
0.94
0.94
0.94
0.94
0.95
0.95
0.95
0.95
0.96
0.96
0.96
0.97
0.97
0.98
0.98
0.98
0.99
1.0
1.0
1.01
1.02
1.02
1.03
1.04
1.05
1.06
1.07
1.09
1.09
1.09
1.11
1.12
1.14
1.15
1.18
1.19
1.2
1.22
1.24
1.27
1.28
1.3
1.31
1.34
1.37
1.4
1.42
1.45
1.48
1.52
1.55
1.57
1.61
1.66
1.7
1.74
1.79
1.84
1.9
1.95
2.01
2.08
2.13
2.22
2.29
2.39
2.5
2.6
2.72
2.85
3.0
3.17
3.35
3.57
3.81
4.08
4.4
4.79
5.23
5.73
10.23
10.2
10.11
10.22
10.98
81.83
9.43
81.83
81.83
81.83
8.7
8.82
81.83
