1.41
1.42
1.42
1.42
1.42
1.42
1.42
1.42
1.42
1.42
1.42
1.43
1.44
1.44
1.45
1.45
1.46
1.46
1.47
1.47
1.48
1.49
1.5
1.5
1.51
1.53
1.54
1.55
1.53
1.47
1.47
1.47
1.48
1.5
1.55
1.56
1.57
1.6
1.62
1.64
1.66
1.68
1.7
1.73
1.76
1.78
1.81
1.84
1.87
1.91
1.95
1.97
2.01
2.06
2.1
2.16
2.2
2.25
2.32
2.37
2.44
2.52
2.59
2.65
2.74
2.83
2.93
3.04
3.15
3.27
3.39
3.53
3.69
3.87
4.07
4.31
4.54
4.53
4.5
4.48
5.03
6.49
6.14
7.81
8.69
8.84
9.44
81.83
16.13
15.9
17.14
17.12
81.83
11.5
5.41
5.42
5.43
5.44
5.45
5.46
5.47
5.48
5.5
5.52
5.54
5.56
3.85
3.59
3.38
3.17
3.0
2.84
2.7
2.57
2.45
2.34
2.26
2.18
2.09
2.04
1.97
1.88
1.83
1.78
1.73
1.67
1.64
1.59
1.54
1.51
1.47
1.44
1.4
1.37
1.35
1.32
1.28
1.26
1.24
1.22
1.21
1.19
1.17
1.15
1.14
1.12
1.11
1.1
1.09
1.08
1.08
1.06
1.03
1.03
1.01
1.01
1.0
0.99
0.99
0.98
0.97
0.97
0.96
0.95
0.95
0.94
0.94
0.93
0.93
0.92
0.92
0.92
0.92
0.91
0.92
0.92
0.91
0.9
0.91
0.91
