0.52
0.52
0.53
0.52
0.53
0.53
0.54
0.54
0.54
0.54
0.54
0.54
0.55
0.55
0.55
0.55
0.55
0.56
0.57
0.57
0.57
0.57
0.58
0.59
0.6
0.6
0.61
0.62
0.62
0.63
0.64
0.64
0.65
0.66
0.68
0.69
0.7
0.72
0.72
0.73
0.75
0.77
0.77
0.79
0.8
0.83
0.85
0.87
0.89
0.92
0.93
0.97
1.01
1.04
1.07
1.11
1.15
1.19
1.23
1.29
1.35
1.41
1.48
1.57
1.67
1.81
1.97
2.16
2.39
2.85
3.27
5.14
4.07
4.05
4.05
3.18
4.04
4.07
4.1
4.11
4.13
4.15
9.17
9.15
9.14
9.13
9.11
9.1
9.09
9.09
9.09
9.11
10.22
12.68
12.29
13.69
12.94
12.95
9.05
8.11
7.33
6.81
6.83
6.86
5.51
5.17
4.87
4.61
4.34
4.13
3.93
3.77
3.61
3.47
3.36
3.23
3.11
2.99
2.9
2.8
2.72
2.64
2.57
2.51
2.44
2.37
2.32
2.26
2.23
2.18
2.12
2.08
2.03
1.99
1.96
1.92
1.89
1.86
1.82
1.79
1.76
1.74
1.71
1.68
1.67
1.65
1.63
1.61
1.6
1.57
1.56
1.54
1.54
1.51
1.5
1.5
1.48
1.48
1.52
1.61
1.7
2.01
2.1
2.2
3.89
3.84
3.82
3.83
3.81
3.81
3.8
3.79
3.78
3.87
4.03
4.03
4.02
4.02
4.02
4.01
