0.8
0.78
0.76
0.75
0.73
0.71
0.7
0.7
0.68
0.67
0.66
0.65
0.64
0.63
0.62
0.61
0.6
0.59
0.58
0.58
0.56
0.56
0.55
0.55
0.54
0.54
0.54
0.53
0.53
0.53
0.52
0.52
0.51
0.51
0.51
0.5
0.5
0.5
0.49
0.49
0.5
0.49
0.49
0.49
0.48
0.48
0.48
0.48
0.48
0.48
0.48
0.48
0.48
0.48
0.48
0.48
0.49
0.48
0.48
0.48
0.48
0.49
0.49
0.49
0.48
0.49
0.49
0.49
0.5
0.5
0.5
0.51
0.51
0.51
0.51
0.52
0.52
0.53
0.53
0.54
0.54
0.54
0.54
0.55
0.55
0.56
0.57
0.58
0.59
0.6
0.61
0.61
0.63
0.63
0.65
0.66
0.68
0.69
0.7
0.71
0.73
0.75
0.77
0.79
0.8
0.82
0.85
0.87
0.9
0.94
0.95
1.01
1.03
1.07
1.12
1.16
1.21
1.27
1.34
1.39
1.47
1.57
1.68
1.83
1.99
2.2
2.55
3.09
5.14
5.13
5.14
4.39
5.17
5.18
5.2
5.22
5.32
10.21
10.22
10.2
10.19
10.18
10.18
10.18
11.05
13.8
13.82
14.77
14.01
14.02
9.45
8.4
7.89
7.91
6.51
6.01
5.6
5.19
4.89
4.62
4.36
4.15
3.95
3.75
3.6
3.45
3.32
3.19
3.08
2.97
2.86
2.76
2.68
2.59
2.52
2.46
2.39
2.33
2.27
2.21
