0.56
0.57
0.58
0.6
0.6
0.61
0.63
0.64
0.66
0.68
0.7
0.71
0.72
0.74
0.76
0.78
0.8
0.83
0.86
0.88
0.9
0.94
0.96
1.0
1.04
1.09
1.43
1.48
1.55
1.59
1.67
1.74
1.81
1.91
2.0
1.8
1.78
1.79
1.87
1.78
1.77
2.0
2.27
2.5
2.86
2.86
2.87
2.88
2.89
2.9
2.91
2.92
2.93
2.93
2.94
2.96
2.97
2.99
3.01
3.0
2.8
2.63
2.49
2.37
2.28
2.27
2.28
2.3
2.33
2.35
2.36
2.38
2.4
2.42
2.45
2.47
2.5
2.53
2.56
2.59
2.62
2.65
2.68
2.72
2.76
2.8
2.85
2.89
2.93
2.99
3.05
3.1
3.16
3.22
3.3
3.37
3.44
3.5
4.3
4.07
3.99
4.1
4.03
3.97
3.92
3.87
3.82
3.78
3.72
3.68
3.64
3.6
3.57
2.85
2.83
2.79
2.77
2.75
2.73
2.71
2.68
2.67
2.66
2.64
2.63
2.61
2.59
2.58
2.58
2.56
2.56
2.54
0.43
0.43
0.42
0.42
0.43
0.42
0.41
0.43
0.4
0.41
0.41
0.41
0.41
0.4
0.41
0.42
0.42
0.42
0.42
0.43
0.44
0.43
0.44
0.85
0.82
0.78
0.73
0.68
0.65
0.63
0.59
0.56
0.55
0.53
0.54
0.54
0.56
2.32
2.25
2.18
2.1
2.05
1.99
1.95
1.98
2.0
1.88
1.82
