2.25
1.58
1.39
1.38
1.38
1.36
1.35
1.35
1.34
1.34
1.33
1.32
1.32
1.31
1.29
1.27
1.27
1.28
1.64
2.04
2.21
2.21
2.21
2.21
2.21
2.21
2.21
2.22
2.22
2.22
2.23
2.23
2.23
1.89
1.9
2.27
2.27
2.28
2.29
1.12
1.08
1.1
1.09
2.36
2.27
2.24
2.26
2.28
2.29
2.3
2.17
2.1
2.04
1.98
1.91
1.85
1.81
1.76
1.74
1.75
1.77
1.78
1.82
1.84
1.86
1.88
1.92
1.95
2.96
3.01
3.08
3.14
3.21
3.28
3.35
3.42
3.51
3.59
3.69
3.79
3.86
3.81
3.78
3.74
3.7
3.65
3.63
3.59
2.18
2.17
2.18
2.91
2.89
2.87
2.86
2.86
3.12
3.4
3.38
3.37
3.36
3.35
3.33
3.33
3.32
2.53
2.54
2.55
2.55
2.55
2.56
2.54
2.54
2.54
2.54
2.54
2.54
2.54
2.56
2.54
2.55
2.56
2.58
2.6
3.35
3.36
3.38
3.4
3.42
3.42
3.46
3.46
3.48
3.5
3.52
81.83
1.93
1.94
1.95
1.95
1.87
1.91
1.93
2.0
1.95
1.92
1.91
1.97
1.97
3.72
3.65
3.54
3.49
3.41
3.34
3.28
3.22
3.16
3.11
3.05
3.01
2.07
2.03
2.0
1.97
1.94
1.91
1.89
1.88
1.85
1.82
1.88
1.93
1.98
2.04
2.11
2.18
2.25
2.33
2.24
