3.02
3.03
2.97
2.92
2.87
2.81
2.77
2.73
2.69
2.66
1.64
1.6
1.6
1.59
1.58
1.56
1.55
1.53
1.51
1.5
1.5
1.5
1.48
1.56
1.7
1.83
1.94
2.05
2.16
2.15
2.16
2.14
2.13
1.96
1.98
2.1
4.44
10.57
81.83
11.81
7.91
8.19
8.18
9.39
9.47
81.83
17.46
21.39
11.63
10.34
10.34
10.35
8.92
8.82
5.86
5.0
4.28
4.31
4.32
4.33
4.35
4.36
4.37
2.11
2.0
1.98
2.15
2.18
2.18
2.19
2.2
1.96
1.89
1.81
1.74
1.67
1.62
1.58
1.52
1.47
1.46
1.49
1.5
1.51
1.52
1.55
1.56
1.59
1.61
1.63
1.65
1.88
2.81
2.86
2.92
2.96
3.03
3.08
3.14
3.21
3.29
3.37
3.44
3.52
3.6
3.55
3.5
3.46
3.42
3.38
3.36
3.32
3.29
2.03
2.11
2.12
2.11
2.05
2.01
1.97
1.96
1.94
2.03
3.06
3.05
3.03
1.98
2.0
2.07
2.0
1.94
1.85
1.96
2.05
2.12
2.21
2.22
2.2
2.2
2.19
2.2
2.19
2.19
2.19
2.19
2.16
2.2
2.21
2.22
2.23
2.24
2.25
2.26
2.25
2.01
1.98
2.1
2.34
3.11
3.13
3.16
3.18
3.18
3.21
3.24
1.92
1.88
1.93
3.37
3.39
3.43
3.47
3.51
3.55
3.6
3.65
3.7
3.66
3.58
3.49
