3.93
3.96
4.0
4.03
4.07
4.12
4.16
4.22
4.27
4.32
4.39
4.45
4.5
4.57
4.64
4.71
4.78
4.87
4.95
5.02
1.49
1.47
1.46
1.44
1.42
1.41
1.4
1.38
1.38
1.38
1.38
1.44
1.51
1.6
1.69
1.78
1.91
1.95
1.93
1.91
1.89
1.89
1.88
1.86
1.85
1.84
1.8
1.79
1.79
1.79
1.86
1.89
1.88
1.87
1.86
1.87
1.86
1.85
1.85
1.85
1.84
1.84
1.84
1.83
1.84
1.84
1.84
1.84
1.85
1.85
1.85
1.86
1.87
1.86
1.87
1.88
1.89
1.89
1.9
1.91
1.91
1.92
1.93
1.95
1.96
1.98
1.99
2.0
2.01
2.03
2.05
2.07
2.09
2.11
2.13
2.15
2.17
2.2
2.23
2.26
2.28
2.26
2.23
2.22
2.25
2.28
2.35
2.38
2.42
2.47
2.51
2.55
2.6
2.65
2.71
2.77
2.83
2.88
2.96
3.02
3.1
3.19
3.27
3.37
3.46
3.58
3.68
3.8
3.94
4.09
4.23
4.41
4.6
4.82
5.05
5.32
5.33
5.31
5.3
5.97
7.17
7.24
8.34
9.11
10.06
10.2
10.3
81.83
16.93
16.66
17.9
6.16
6.14
6.14
6.14
6.15
6.15
6.16
6.16
6.17
4.34
3.81
3.33
2.97
2.71
2.49
2.27
2.1
1.95
1.83
1.71
1.63
1.54
1.47
1.39
1.33
1.26
1.22
1.16
1.11
