2.88
2.89
2.9
2.9
2.91
2.91
2.92
2.93
2.94
2.94
2.95
2.96
2.97
2.98
2.99
3.0
7.09
7.86
8.82
10.07
11.66
17.28
17.51
81.83
81.83
81.83
15.86
81.83
81.83
81.83
81.83
9.69
8.24
7.06
6.17
5.74
5.77
4.6
4.22
3.91
3.65
3.4
3.19
3.02
2.85
2.71
2.59
2.49
2.34
2.29
2.19
2.11
2.02
1.95
1.89
1.82
1.76
1.7
1.66
1.62
1.57
1.53
1.48
1.45
1.41
1.38
1.36
1.32
1.3
1.28
1.27
1.23
1.21
1.2
1.17
1.16
1.13
1.12
1.11
1.08
1.07
1.06
1.05
1.04
1.03
1.02
1.01
1.0
0.99
0.97
0.97
0.96
0.95
0.94
0.94
0.94
0.93
0.93
0.92
0.92
0.91
0.91
0.91
0.9
0.9
0.89
0.89
0.88
0.88
0.88
0.88
0.88
0.88
0.87
0.87
0.87
0.87
0.88
0.88
0.88
0.87
0.88
0.88
0.88
0.89
0.88
0.9
4.11
5.54
5.53
5.58
5.44
4.91
4.91
4.92
4.95
4.96
4.93
4.89
4.93
5.54
5.62
5.7
5.96
6.0
6.06
6.11
5.93
5.9
5.97
6.07
6.36
6.47
4.32
6.18
6.04
5.92
4.65
4.57
4.47
2.23
2.18
2.14
2.11
2.09
2.03
1.78
1.75
1.73
1.7
1.69
1.56
1.53
1.51
1.5
1.49
1.47
1.45
1.44
1.42
