4.12
4.09
4.04
3.84
3.85
3.87
3.89
3.9
3.86
1.74
1.72
0.83
0.79
0.78
0.82
8.94
8.88
9.01
6.24
7.09
7.15
8.83
1.62
1.64
6.14
3.54
3.64
1.4
1.38
3.62
3.63
3.61
3.6
3.6
3.59
3.57
3.57
3.55
3.47
3.31
3.47
3.53
3.54
1.01
0.99
1.03
3.54
3.54
3.55
3.56
3.57
3.57
3.59
3.6
3.62
3.64
3.66
3.66
3.68
3.69
3.65
3.72
3.73
3.75
3.77
3.77
3.8
3.82
3.84
3.87
3.89
3.91
3.94
3.96
3.98
81.83
81.83
6.45
4.51
4.54
4.53
4.54
4.84
4.84
4.85
4.86
4.74
4.73
4.78
4.83
4.81
6.08
8.05
8.03
7.11
6.94
6.79
6.84
6.94
8.04
8.38
8.43
8.39
7.87
7.75
7.95
7.85
7.92
8.0
8.49
1.44
1.39
1.35
1.3
1.27
1.29
1.3
1.31
1.33
1.35
1.37
1.4
1.42
1.45
1.47
1.49
1.53
1.55
1.58
1.62
1.64
1.68
1.71
1.75
1.79
1.82
1.82
1.81
1.79
1.76
1.75
1.73
1.71
1.69
1.68
1.66
1.65
1.63
1.62
1.61
1.6
1.59
1.58
1.57
1.56
1.55
1.55
1.54
1.53
1.52
1.52
1.51
1.5
1.5
1.5
1.49
1.48
1.48
1.47
1.47
1.49
1.49
1.48
1.48
1.47
1.47
1.48
1.48
1.49
1.49
