5.88
5.88
5.88
5.88
5.87
5.87
5.87
5.88
5.88
5.88
5.89
5.9
5.91
5.67
5.16
4.69
4.18
3.86
3.59
3.34
3.13
2.96
2.8
2.66
2.64
2.66
2.67
2.69
2.71
2.69
6.49
6.54
6.6
6.65
6.72
6.79
1.51
1.48
1.44
1.4
1.37
1.35
1.31
1.28
1.27
1.32
1.69
1.73
1.75
1.79
1.82
1.84
1.89
1.92
1.97
2.0
2.04
2.09
2.15
2.13
2.11
2.08
2.06
2.03
2.01
2.01
2.66
2.75
2.85
2.96
2.95
2.92
2.9
2.88
2.88
3.72
3.69
3.67
3.67
3.69
3.67
3.65
3.64
3.63
3.62
3.6
3.6
3.59
3.58
3.57
3.56
3.54
3.62
3.64
3.64
3.64
3.64
3.64
3.65
3.65
3.66
3.67
3.67
3.69
3.71
3.72
3.66
3.62
3.66
2.32
2.07
1.96
1.86
1.77
1.69
1.61
1.56
1.49
1.43
1.38
1.33
1.29
1.24
1.21
1.16
1.14
1.1
1.07
1.04
1.02
0.99
0.97
0.95
0.93
0.91
0.89
0.88
0.87
0.86
0.84
0.82
0.81
0.8
0.78
0.77
0.76
0.75
0.74
0.73
0.72
0.71
0.7
0.69
0.69
0.68
0.68
0.68
0.67
0.66
0.66
0.65
0.64
0.64
0.63
0.63
0.62
0.62
0.61
0.61
0.61
0.6
0.6
0.6
0.6
0.59
0.59
0.59
0.59
0.59
0.58
