0.44
0.44
0.44
0.44
0.44
0.44
0.45
0.45
0.46
0.46
0.46
0.46
0.47
0.47
0.48
0.48
0.48
0.48
0.48
0.49
0.49
0.5
0.5
0.51
0.51
0.52
0.52
0.52
0.53
0.53
0.53
0.54
0.54
0.55
0.55
0.56
0.57
0.58
0.58
0.6
0.61
0.62
0.63
0.64
0.64
0.65
0.67
0.69
0.7
0.7
0.72
0.74
0.76
0.78
0.8
0.83
0.84
0.87
0.9
0.91
0.95
0.98
1.01
1.05
1.1
1.14
1.19
1.24
1.3
1.36
1.43
1.5
1.59
1.69
1.81
1.95
2.12
2.3
6.42
6.41
6.39
5.83
5.34
5.35
5.37
6.63
6.62
6.61
6.61
6.61
6.65
9.03
7.91
9.06
9.08
9.09
9.1
8.48
8.52
8.54
8.63
8.61
8.64
9.02
9.38
5.81
5.09
2.23
2.13
2.02
2.02
2.02
2.04
2.06
2.01
2.02
2.03
2.05
2.06
2.07
2.08
2.09
2.11
2.13
2.14
1.19
1.16
1.16
1.12
1.09
1.07
1.06
1.03
1.01
1.0
0.98
0.96
0.96
0.95
0.94
0.93
0.92
0.91
0.89
0.88
0.88
0.88
0.87
0.85
0.85
0.84
0.83
0.82
0.82
0.82
0.81
0.8
0.79
0.78
0.78
0.78
0.77
0.77
0.77
0.77
0.76
0.76
0.75
0.75
0.75
0.75
0.75
0.75
0.75
0.74
0.73
0.73
0.73
0.73
0.72
