2.42
2.41
2.29
3.22
3.27
2.83
3.27
2.7
3.27
3.29
3.29
3.29
3.3
3.31
3.32
3.33
3.28
3.09
2.89
2.64
2.66
2.67
2.68
2.72
2.73
2.75
2.77
2.78
2.83
2.77
2.68
2.59
2.52
2.45
2.38
2.33
2.27
2.21
2.15
2.1
2.07
2.02
1.98
1.95
1.91
1.86
1.83
1.79
1.78
1.75
1.72
1.7
1.67
1.64
1.63
1.61
1.59
1.57
1.54
1.53
1.51
1.5
1.48
1.47
1.45
1.44
1.43
1.42
1.4
1.39
1.38
1.37
1.36
0.86
0.89
1.35
1.35
1.34
1.33
1.33
1.32
1.31
1.31
1.3
1.3
1.3
1.29
1.29
1.28
1.28
1.28
1.28
1.28
1.28
1.28
1.28
1.29
1.29
1.29
1.3
1.3
1.3
1.31
1.32
1.33
1.33
1.34
1.34
1.35
1.34
1.34
1.36
1.36
1.37
1.38
1.06
0.99
1.23
1.19
1.15
1.15
1.13
1.14
1.14
1.16
1.17
1.19
1.2
1.21
1.23
1.25
1.28
1.27
1.72
1.74
1.78
1.8
1.84
1.86
1.9
1.94
1.97
2.02
2.06
2.1
2.15
2.2
2.26
2.33
2.38
2.45
2.35
2.37
2.34
2.32
2.32
2.3
2.24
2.24
2.22
2.2
2.3
2.3
2.29
2.28
2.23
2.23
2.21
2.18
2.17
2.22
2.41
2.75
2.82
1.54
1.51
1.55
2.81
2.81
2.81
