1.13
1.13
1.12
1.11
1.12
1.13
1.13
1.13
1.13
1.14
1.14
1.14
1.15
1.15
1.15
1.15
1.16
1.17
1.17
1.18
1.19
1.19
1.2
1.21
1.21
1.23
1.24
1.24
1.26
1.26
1.28
1.29
1.31
1.33
1.34
1.35
1.37
1.39
1.41
1.43
1.45
1.47
1.48
1.5
1.53
1.56
1.59
1.59
1.56
1.54
1.51
1.5
1.48
1.46
1.44
1.42
1.4
1.38
1.37
1.35
1.33
1.33
1.31
1.3
1.28
1.27
1.25
1.24
1.24
1.24
1.23
1.22
1.21
1.21
1.2
1.19
1.19
1.18
1.18
1.17
1.17
1.16
1.16
1.15
1.15
1.15
1.14
1.14
1.14
1.14
1.14
1.14
1.14
1.14
1.14
1.14
1.15
1.15
1.15
1.16
1.15
1.16
1.17
1.17
1.17
1.18
1.19
1.19
1.2
1.2
1.21
1.22
1.23
1.23
1.23
1.24
1.25
1.27
1.28
1.3
1.31
1.33
1.33
1.35
1.37
1.39
1.41
1.43
1.44
1.46
1.49
1.5
1.52
1.54
1.57
1.6
1.63
1.65
1.63
1.5
1.48
1.45
1.43
1.4
1.39
1.39
1.37
1.35
1.33
1.32
1.3
1.28
1.28
1.26
1.25
1.25
1.23
1.22
1.21
1.2
1.19
1.18
1.18
1.17
1.17
1.17
1.16
1.16
1.15
1.15
1.15
1.15
1.14
1.14
1.14
1.14
1.14
1.14
1.14
1.13
