2.78
2.82
2.86
2.91
2.94
2.99
3.03
3.08
3.14
3.2
2.11
3.34
1.49
1.47
1.48
3.49
3.45
3.39
3.36
3.31
3.24
3.22
3.2
3.18
3.14
3.11
3.07
3.05
3.03
3.01
2.98
2.96
2.93
2.13
2.11
2.11
2.09
2.08
2.08
2.08
2.07
2.06
2.05
2.03
2.02
2.0
2.0
2.0
2.01
2.01
2.01
2.01
2.0
2.01
2.0
2.0
2.02
2.01
2.01
2.01
2.01
2.01
2.02
2.8
2.81
2.82
2.83
2.84
2.84
2.86
2.88
2.9
1.92
1.91
2.31
2.96
2.98
3.0
3.02
3.05
3.07
3.09
3.13
3.17
3.19
2.3
2.29
2.3
3.36
3.39
3.42
3.35
3.26
3.19
3.14
3.06
2.9
2.9
2.91
2.85
2.81
2.76
2.73
2.68
2.64
2.61
2.6
2.53
2.5
1.57
1.52
1.51
1.5
1.5
1.49
1.49
1.48
1.47
1.46
1.45
1.44
1.44
1.43
1.43
1.46
1.83
2.03
2.15
2.14
2.14
2.13
2.12
1.93
1.93
2.13
13.11
8.2
8.19
8.19
9.99
17.52
17.51
21.22
11.66
10.36
10.35
10.39
8.89
8.87
6.16
5.51
4.89
4.33
4.34
4.36
4.38
4.39
4.41
4.43
4.46
2.26
2.18
2.09
2.07
2.11
2.25
2.26
2.27
2.29
2.06
1.99
1.92
1.86
1.79
1.75
1.71
1.65
1.62
1.54
1.57
