1.23
1.25
1.25
1.27
1.3
1.32
1.32
1.35
1.36
1.37
1.35
81.83
81.83
81.83
81.83
81.83
81.83
81.83
81.83
81.83
81.83
1.62
1.63
81.83
81.83
81.83
81.83
81.83
81.83
81.83
81.83
81.83
81.83
2.45
2.46
4.52
4.49
4.47
3.9
4.42
4.4
4.39
4.38
4.36
4.36
5.54
5.55
5.6
5.6
6.37
9.36
11.65
13.61
17.49
17.49
7.75
6.45
6.45
6.46
6.47
6.4
5.41
4.97
4.98
5.03
6.4
6.42
6.44
6.47
6.5
2.27
2.15
2.04
1.93
1.84
1.75
1.68
1.62
1.55
1.49
1.44
1.4
1.35
1.3
1.25
1.22
1.19
1.16
1.11
1.08
1.05
1.02
1.01
0.98
0.96
0.94
0.92
0.91
0.89
0.87
0.86
0.85
0.84
0.82
0.8
0.79
0.79
0.77
0.75
0.75
0.74
0.74
0.73
0.72
0.71
0.73
0.76
0.8
0.82
0.86
0.88
0.92
0.96
1.0
1.04
1.1
1.16
1.21
1.28
1.35
1.43
1.53
1.64
1.77
1.91
2.11
2.34
2.63
2.99
3.47
4.1
5.07
6.46
12.16
81.83
16.45
11.36
81.83
81.83
10.77
10.78
81.83
81.83
81.83
81.83
81.83
81.83
81.83
81.83
81.83
9.16
9.22
9.26
5.52
5.24
4.99
4.78
4.59
4.4
4.23
4.08
3.91
3.8
3.67
3.56
3.46
3.35
3.26
3.17
3.09
