0.92
0.92
0.92
0.91
0.91
0.91
0.91
0.91
0.92
0.92
0.92
0.92
0.92
0.93
0.93
0.94
0.94
0.95
0.95
0.95
0.96
0.96
8.2
8.21
8.25
8.27
8.29
8.33
6.89
6.41
6.05
5.69
5.39
5.12
4.9
4.66
4.45
4.27
4.1
3.96
3.82
3.69
3.55
3.43
3.33
3.23
3.15
3.07
2.99
2.91
2.93
2.98
3.02
3.07
3.16
3.21
3.25
3.3
3.35
3.42
5.4
5.5
5.59
5.66
5.57
5.49
5.41
5.35
5.28
5.22
5.16
5.11
5.05
4.99
4.94
4.9
4.85
4.8
4.76
4.73
4.7
4.66
4.63
4.19
4.56
1.82
1.77
1.76
1.75
1.73
1.74
1.72
1.72
1.71
1.71
1.7
1.7
1.69
1.68
1.68
1.69
1.68
1.68
1.68
1.68
1.68
1.68
1.68
1.68
1.68
1.68
1.69
1.69
1.7
1.71
1.72
1.72
1.73
1.74
1.73
1.74
1.75
1.77
1.78
1.79
1.8
1.8
1.82
1.83
1.85
1.85
1.87
1.89
1.9
1.92
1.94
1.97
1.99
2.01
2.03
2.05
2.1
2.12
2.15
2.19
2.22
2.26
2.29
2.42
2.48
2.51
2.72
2.75
2.81
2.88
2.9
6.75
6.91
7.07
5.5
5.31
5.25
5.34
6.96
6.89
6.82
6.76
6.68
6.64
1.72
1.69
1.67
1.66
1.64
1.65
1.64
1.64
1.62
1.62
1.6
