0.93
0.93
0.93
0.93
0.92
0.92
0.93
0.93
0.93
0.94
0.94
0.94
0.94
0.95
0.96
0.96
0.97
0.97
0.98
0.98
0.98
0.98
0.99
1.05
2.67
2.69
2.7
2.73
2.69
2.61
2.59
2.61
2.65
2.67
2.7
2.75
2.8
2.83
2.92
3.11
3.15
3.2
3.25
3.3
3.34
3.4
3.46
3.52
3.58
3.65
3.72
3.79
3.88
3.96
4.05
4.15
4.25
4.35
4.47
4.59
4.71
4.85
4.96
5.02
4.98
4.94
4.9
4.86
4.82
4.79
4.75
4.72
3.23
3.21
3.19
3.28
3.5
3.74
4.05
4.37
4.74
7.14
7.12
7.1
7.08
10.88
11.5
11.49
11.59
10.57
10.53
11.58
7.03
7.05
7.06
7.06
7.07
7.08
7.11
7.14
11.72
11.77
3.1
4.28
3.27
4.36
4.38
4.4
4.41
4.72
3.78
4.22
3.14
4.06
3.99
3.93
1.86
1.84
3.98
1.15
1.12
1.09
1.05
1.04
1.0
0.92
0.91
0.92
0.91
0.93
0.93
0.94
0.97
0.99
1.0
0.99
0.98
0.98
1.0
1.02
1.05
1.07
1.1
1.14
1.17
1.19
1.23
1.26
1.3
1.35
1.4
1.45
1.5
1.56
1.63
1.69
1.79
2.18
2.27
2.36
2.46
2.58
2.49
2.45
2.46
2.43
2.44
2.74
2.95
3.19
3.51
3.52
3.53
3.53
3.54
3.54
3.55
3.55
3.56
3.57
