2.34
2.37
2.4
2.41
2.45
2.49
2.52
2.56
2.58
2.62
2.67
2.71
2.74
2.81
2.86
2.92
2.97
3.03
3.11
3.16
3.24
3.31
6.46
6.53
6.83
6.92
6.98
5.43
5.29
5.17
5.06
4.94
4.82
4.71
4.62
4.54
4.46
4.36
4.29
4.21
4.14
4.08
4.01
3.95
3.88
3.84
3.78
3.74
3.7
3.63
3.61
3.55
3.52
3.47
3.44
3.4
3.36
3.33
3.31
3.28
3.26
3.23
3.21
3.19
3.18
3.16
3.15
3.12
3.11
3.09
3.08
3.08
3.08
3.06
3.06
3.05
3.04
3.03
3.02
3.03
3.02
3.02
3.02
3.01
3.02
3.01
3.03
4.17
4.18
6.57
6.66
6.23
7.63
7.33
7.56
6.93
6.97
6.99
6.96
6.93
7.52
7.55
7.64
7.82
7.94
7.99
3.41
3.19
3.05
2.93
2.83
2.74
2.65
2.56
2.49
2.41
2.34
2.28
2.23
2.18
2.11
2.07
2.03
1.98
1.93
1.9
1.86
1.82
1.78
1.75
1.72
1.69
1.66
1.63
1.61
1.59
1.57
1.56
1.53
1.5
1.49
1.48
1.46
1.45
1.43
1.41
1.41
1.41
1.39
1.46
1.53
1.59
1.64
4.17
4.14
4.12
4.1
4.08
4.05
4.04
4.02
3.68
3.99
3.98
3.96
3.96
3.95
3.94
3.93
3.93
3.92
3.92
3.59
3.91
3.91
3.92
3.92
3.92
3.75
3.93
