0.86
0.86
0.85
0.85
0.84
0.84
0.84
0.84
0.84
0.84
0.84
0.84
0.83
0.83
0.84
0.84
0.84
0.84
0.84
0.84
0.84
0.85
0.85
0.85
0.86
0.85
0.86
0.86
0.86
0.87
0.87
0.87
0.88
0.89
0.9
0.91
0.91
0.92
0.93
0.94
0.94
0.96
0.96
0.96
0.97
0.98
1.0
1.01
1.02
1.03
1.05
1.06
1.07
1.09
1.1
1.13
1.15
1.16
1.18
1.21
1.23
1.25
1.28
1.3
1.33
1.37
1.4
1.43
1.46
1.51
1.54
1.58
1.63
1.68
1.72
1.79
1.84
1.91
1.98
2.06
2.14
2.23
2.33
2.45
2.55
2.7
2.85
3.03
3.21
3.44
5.79
11.83
8.47
8.12
8.09
8.01
8.0
81.83
8.85
11.36
11.25
14.38
81.83
81.83
81.83
6.49
6.54
81.83
6.51
81.83
81.83
81.83
81.83
81.83
81.83
81.83
5.77
81.83
81.83
81.83
81.83
81.83
81.83
81.83
81.83
5.06
5.09
5.14
5.18
5.23
5.27
5.06
4.96
5.2
5.17
5.05
4.91
4.78
4.82
4.88
4.94
4.5
4.57
4.63
5.07
5.06
5.13
1.85
1.82
1.78
1.75
1.73
1.7
1.66
1.64
1.62
1.59
1.58
1.55
1.53
1.52
1.5
1.48
1.47
1.45
1.45
1.43
1.42
1.41
1.39
1.38
1.37
1.36
1.36
1.35
1.34
1.34
1.33
1.33
1.33
