0.94
0.95
0.96
0.97
1.02
1.27
1.27
1.71
1.72
1.74
1.76
1.79
1.78
1.75
1.73
1.7
1.43
1.4
1.63
1.61
1.06
0.61
0.62
0.61
0.66
1.5
1.49
1.47
1.47
1.46
1.47
1.53
1.58
1.65
3.99
3.96
3.8
3.74
3.75
3.75
3.78
3.78
3.76
1.62
1.61
0.69
0.69
0.69
0.7
6.95
8.82
8.81
6.14
6.13
6.99
8.71
1.54
1.54
1.54
6.05
3.56
3.56
1.28
1.28
1.31
3.51
3.5
3.5
3.5
3.48
3.47
3.45
3.4
3.28
3.29
3.32
3.41
3.45
3.45
3.45
0.93
0.92
0.93
3.47
3.48
3.49
3.5
3.51
3.51
3.53
3.54
3.56
3.57
3.6
3.6
3.6
3.58
3.64
3.65
3.68
3.69
3.72
3.74
3.75
3.78
3.79
3.83
3.85
3.87
3.92
81.83
5.58
5.74
4.49
4.49
4.48
4.49
4.58
4.79
4.79
4.8
4.8
4.72
4.73
4.8
4.79
4.78
8.01
7.23
7.04
6.89
6.77
6.77
6.88
7.0
8.36
8.43
8.4
7.84
7.82
7.88
7.84
7.89
7.97
8.48
8.18
8.14
7.77
1.47
1.43
1.39
1.36
1.32
1.31
1.33
1.34
1.37
1.4
1.42
1.44
1.47
1.49
1.52
1.54
1.58
1.62
1.64
1.68
1.71
1.76
1.8
1.85
1.88
1.87
1.85
1.83
1.81
1.79
1.78
1.77
