4.17
4.21
4.25
4.29
4.34
4.37
4.42
4.47
1.76
1.3
1.11
1.14
1.15
4.81
4.88
4.96
5.03
4.88
4.82
4.71
4.69
4.19
4.05
3.97
3.99
4.03
3.44
3.4
3.35
3.3
3.19
3.16
3.11
3.09
3.1
3.18
3.28
3.39
3.51
3.64
3.78
3.93
4.1
4.29
4.57
6.08
6.04
6.0
5.97
5.95
5.93
5.9
5.88
5.86
5.85
5.83
3.36
3.33
3.3
3.28
3.26
3.34
3.5
3.69
3.89
4.17
4.48
4.85
5.31
6.13
17.38
17.43
17.46
81.83
81.83
14.05
12.36
11.72
11.74
9.97
9.39
8.86
8.39
7.99
7.61
7.27
6.96
6.68
6.42
6.18
6.04
6.08
6.13
8.98
8.85
8.6
8.39
8.47
8.57
8.67
8.13
8.76
8.78
10.1
10.26
10.42
10.47
10.28
10.08
9.93
9.77
9.62
81.83
81.83
81.83
81.83
81.83
81.83
81.83
81.83
81.83
81.83
2.3
81.83
81.83
81.83
81.83
81.83
81.83
81.83
81.83
81.83
81.83
81.83
1.43
1.31
1.39
81.83
1.55
1.41
81.83
81.83
1.67
81.83
81.83
81.83
81.83
81.83
81.83
81.83
81.83
81.83
81.83
81.83
81.83
81.83
81.83
81.83
81.83
81.83
81.83
81.83
81.83
81.83
81.83
1.18
1.15
1.16
1.16
1.14
1.14
1.13
1.05
6.15
1.12
3.83
6.55
4.64
6.46
4.7
