16.27
16.27
16.27
17.41
19.66
20.83
5.48
4.55
3.79
3.25
2.87
2.56
2.29
2.08
1.91
1.76
1.64
1.54
1.44
1.36
1.27
1.21
1.15
1.1
1.04
0.99
0.96
0.91
0.87
0.84
0.8
0.77
0.75
0.73
0.71
0.72
0.72
0.72
0.73
0.74
0.73
0.75
0.76
0.78
0.78
4.0
4.06
4.13
4.2
4.28
4.36
3.21
4.53
4.63
4.72
2.31
2.26
3.05
4.52
4.48
4.43
4.39
4.35
4.3
4.26
4.23
3.22
4.15
1.96
4.09
4.06
4.03
4.0
3.98
3.96
3.03
3.23
3.91
3.89
2.37
2.33
2.34
3.8
3.82
3.81
3.8
3.79
3.78
3.78
2.42
3.77
3.77
3.77
3.78
3.77
3.78
3.78
3.78
3.79
3.79
3.34
2.96
2.66
2.42
2.21
1.44
1.26
1.12
1.03
0.93
0.86
0.81
0.77
0.72
0.68
0.64
0.62
0.61
0.61
0.62
0.62
0.63
0.62
0.61
0.57
0.56
0.54
0.54
0.54
0.53
0.52
0.51
0.51
0.5
0.51
0.52
0.53
0.54
0.55
0.56
0.56
0.57
0.58
0.6
0.61
0.62
0.65
0.66
0.66
0.71
2.56
2.54
2.51
2.48
2.46
2.44
2.42
2.43
2.43
2.45
2.56
2.67
2.8
2.94
2.98
2.96
2.95
2.93
2.92
2.91
2.9
2.89
2.87
2.87
2.86
2.86
2.85
2.85
2.85
2.85
