0.93
0.91
0.89
0.88
0.87
0.85
0.84
0.83
0.81
0.79
0.78
0.78
0.79
0.82
0.82
0.84
0.86
0.89
0.91
0.94
0.96
0.99
1.03
1.06
1.08
1.12
1.17
1.2
1.25
1.29
1.35
1.42
1.48
1.55
1.62
1.72
1.82
1.92
2.07
2.21
2.4
2.62
2.88
3.21
3.6
4.13
4.8
5.72
7.05
12.09
81.83
18.44
11.32
81.83
81.83
10.75
10.74
81.83
81.83
81.83
81.83
81.83
81.83
81.83
81.83
81.83
9.11
9.16
5.65
5.31
5.05
4.81
4.59
4.4
4.21
4.03
3.88
3.74
3.61
3.5
3.4
3.27
3.18
3.08
2.98
2.9
2.82
2.75
2.68
2.63
2.57
2.51
2.46
2.42
2.37
2.31
2.27
2.23
2.2
2.15
2.11
2.09
2.05
2.04
2.01
1.98
1.95
1.92
1.91
1.88
1.86
1.84
1.83
1.8
1.78
1.77
1.76
1.75
1.75
1.73
1.71
1.71
1.7
1.67
1.72
1.87
6.25
6.21
6.19
5.56
5.49
5.47
5.46
5.45
6.05
6.05
6.03
6.01
6.16
6.15
6.14
6.14
6.14
4.98
5.05
6.15
6.05
5.44
5.39
5.41
5.42
5.47
6.12
6.14
6.15
6.19
1.95
1.81
1.68
1.68
1.69
1.69
1.7
1.72
1.73
1.74
1.75
1.75
1.77
1.79
1.81
1.83
1.84
1.87
1.89
1.89
1.93
1.95
1.98
2.0
