0.8
0.78
0.78
0.77
0.77
0.76
0.75
0.74
0.74
0.73
0.73
0.72
0.72
0.71
0.71
0.7
0.7
0.7
0.69
0.69
0.68
0.68
0.68
0.68
0.68
0.68
0.68
0.68
0.68
0.68
0.68
0.68
0.68
0.68
0.68
0.69
0.69
0.69
0.69
0.69
0.69
0.69
0.69
0.69
0.69
0.7
0.7
0.71
0.7
0.71
0.71
0.71
0.72
0.72
0.73
0.74
0.75
0.75
0.76
0.77
0.77
0.79
0.79
0.8
0.8
0.81
0.82
0.84
0.85
0.86
0.87
0.88
0.89
0.91
0.93
0.95
0.96
0.97
0.99
0.98
1.02
1.02
1.05
1.06
1.09
1.12
1.15
1.17
1.21
1.24
1.28
1.32
1.36
1.41
1.45
1.5
1.56
1.62
1.68
1.74
1.8
1.92
1.91
1.91
1.89
1.88
1.87
1.86
1.85
1.84
1.83
1.83
1.83
1.83
1.82
1.82
1.82
1.81
1.81
1.81
1.81
1.81
1.81
1.81
1.81
1.82
1.82
1.83
1.83
1.83
1.83
1.83
1.84
1.85
1.86
1.86
1.87
1.88
1.9
1.9
1.91
1.92
1.94
1.89
1.81
1.75
1.69
1.62
1.58
1.53
1.48
1.43
1.39
1.35
1.31
1.27
1.25
1.22
1.19
1.17
1.14
1.14
1.11
1.09
1.07
1.05
1.04
1.02
1.0
0.98
0.96
0.95
0.94
0.92
0.91
0.9
0.89
0.89
0.87
0.86
