5.52
5.5
5.47
5.43
5.48
5.96
6.0
5.99
5.99
6.07
6.03
1.46
1.44
1.44
1.44
1.44
1.44
1.43
1.43
1.43
1.43
1.43
1.43
1.42
1.42
1.43
1.43
1.44
1.43
1.44
1.45
1.45
1.45
1.45
1.46
1.47
1.47
1.48
1.48
1.5
1.5
1.52
1.52
1.54
1.55
1.57
1.57
1.58
1.6
1.62
1.64
1.66
1.67
1.69
1.73
1.73
1.75
1.77
1.8
1.81
1.84
1.87
1.91
1.93
1.96
2.0
2.04
2.07
2.11
2.16
2.2
2.26
2.31
2.36
2.42
2.49
2.55
2.61
2.68
2.77
2.85
2.95
3.04
3.15
3.25
3.38
3.52
3.65
3.81
3.97
4.16
4.37
4.59
6.23
6.0
5.97
5.86
5.83
5.81
5.79
5.76
5.75
5.74
5.72
5.71
5.7
5.69
5.68
5.68
5.68
5.68
1.41
1.37
1.33
1.29
1.26
1.22
1.23
1.24
1.27
1.27
1.29
1.31
1.33
1.36
1.37
1.4
1.42
1.45
1.48
1.5
1.54
1.56
1.6
1.63
1.62
1.64
1.69
1.7
1.69
1.65
1.63
1.57
1.53
1.52
1.49
1.45
1.45
1.43
1.44
1.44
1.21
1.41
1.41
1.36
1.33
1.29
1.27
1.15
1.15
1.13
1.12
1.09
1.07
1.05
1.04
1.03
1.01
1.0
0.99
1.0
0.98
0.97
0.96
0.94
0.91
0.9
0.89
0.87
0.86
