4.0
4.0
3.99
3.99
3.98
3.98
3.99
3.99
3.99
4.0
4.0
4.0
4.0
4.01
4.02
4.03
4.04
4.05
4.07
4.09
4.11
4.12
2.95
2.71
2.57
2.44
2.35
2.23
2.15
2.07
1.98
1.92
1.85
1.79
1.72
1.68
1.63
1.59
1.55
1.51
1.52
1.48
1.48
1.51
1.53
1.55
1.58
1.6
1.62
1.65
1.67
1.71
1.74
1.76
1.81
1.83
1.88
1.91
1.89
1.86
1.83
1.81
1.79
1.77
1.75
1.74
1.72
1.71
1.69
1.68
1.66
1.65
1.63
1.63
1.61
1.6
1.59
1.59
1.58
1.57
1.56
1.56
1.56
1.55
1.55
1.55
1.55
1.53
1.56
6.2
3.87
3.87
3.88
3.88
3.88
3.88
3.88
3.9
3.92
4.43
3.71
3.71
3.74
3.74
4.08
4.09
4.1
4.12
4.13
4.15
4.16
4.18
4.21
6.53
6.57
6.61
6.64
6.68
6.74
6.79
6.84
6.82
6.58
6.35
6.15
5.96
5.78
5.62
5.47
5.33
5.19
5.07
4.95
4.83
4.73
4.63
4.55
4.45
4.37
4.28
4.22
4.14
4.17
4.25
4.3
6.85
6.92
9.99
6.88
5.25
5.09
5.07
5.19
5.32
5.48
3.35
3.32
3.29
3.25
3.22
3.2
3.93
4.09
4.15
4.12
4.08
4.08
5.03
5.0
4.97
5.27
5.79
5.78
5.76
5.75
5.74
5.71
5.7
5.68
5.67
