9.17
9.24
5.6
5.27
5.0
4.75
4.55
4.33
4.16
3.99
3.84
3.69
3.57
3.44
3.33
3.22
3.13
3.03
2.94
2.86
2.78
2.7
2.65
2.58
2.51
2.47
2.43
2.37
2.32
2.27
2.24
2.19
2.16
2.12
2.08
2.05
2.01
1.99
1.96
1.92
1.89
1.88
1.86
1.84
1.82
1.8
1.78
1.76
1.74
1.74
1.72
1.71
1.7
1.69
1.72
1.77
1.87
2.4
6.28
6.24
6.21
6.17
5.62
5.47
5.45
5.42
5.43
6.01
6.01
6.0
6.0
6.13
6.12
6.11
6.11
6.11
4.94
5.15
6.11
6.12
5.39
5.35
5.34
5.38
5.39
6.05
6.08
6.09
1.83
1.66
1.63
1.63
1.65
1.65
1.65
1.67
1.68
1.69
1.7
1.71
1.71
1.74
1.75
1.76
1.77
1.78
1.8
1.82
1.83
1.85
1.88
1.9
1.92
1.95
1.98
2.0
2.03
2.06
2.1
2.14
2.18
2.21
2.25
2.3
2.34
2.39
2.44
2.48
2.54
2.6
2.66
2.73
2.81
2.89
2.97
3.06
3.17
3.27
3.38
3.49
3.59
3.73
3.86
4.03
4.19
4.39
4.6
4.81
5.06
5.36
6.64
6.6
6.52
6.48
6.46
6.43
6.41
6.39
6.38
6.35
6.34
6.33
2.04
1.97
1.9
1.86
1.86
1.87
1.89
1.91
1.93
1.95
1.97
2.0
2.02
2.04
2.06
2.1
2.12
2.16
