1.3
1.3
1.3
1.3
1.3
1.31
1.31
1.31
1.31
1.31
1.32
1.32
1.33
1.33
1.34
1.34
1.35
1.36
1.37
1.38
1.39
1.4
1.4
1.41
1.42
1.43
1.44
1.44
1.46
1.47
1.49
1.51
1.52
1.54
1.56
1.57
1.59
1.62
1.64
1.66
1.69
1.72
1.74
1.77
1.8
1.84
1.87
1.91
1.95
1.98
2.03
2.08
2.13
2.18
2.24
2.3
2.37
2.45
2.52
2.6
2.69
2.78
2.88
3.01
3.15
3.31
3.49
3.74
3.99
4.31
4.64
5.27
17.46
17.45
17.46
17.46
21.08
22.04
21.33
21.33
7.55
6.75
6.04
5.45
4.97
4.57
4.24
3.96
3.69
3.46
3.26
3.07
2.93
2.79
2.66
2.53
2.42
2.33
2.25
2.16
2.07
2.02
2.04
2.04
2.09
2.13
4.89
4.95
5.01
5.06
5.13
5.21
5.27
5.34
5.41
4.64
3.49
5.67
81.83
81.83
5.88
1.26
1.25
1.21
1.2
1.19
1.18
1.16
1.14
1.13
1.12
1.12
1.11
1.13
1.17
1.21
1.27
1.31
1.35
1.41
1.45
1.53
1.58
1.66
1.74
1.82
1.92
2.03
2.15
2.3
2.47
2.65
3.01
3.28
3.61
4.02
4.36
4.35
4.34
4.33
4.33
4.32
4.32
4.32
4.32
4.32
4.33
4.33
4.34
4.34
4.35
4.36
4.37
4.39
4.4
4.41
4.43
4.45
4.47
4.48
