0.5
0.5
0.51
0.51
0.51
0.51
0.51
0.51
0.5
0.51
0.5
0.51
0.5
0.5
0.51
0.51
0.51
0.52
0.52
0.52
0.52
0.53
0.53
0.52
0.53
0.53
0.54
0.54
0.55
0.55
0.56
0.56
0.57
0.57
0.58
0.59
0.59
0.6
0.61
0.62
0.63
0.63
0.64
0.65
0.66
0.67
0.68
0.69
0.71
0.72
0.73
0.75
0.76
0.78
0.79
0.8
0.83
0.85
0.88
0.9
0.92
0.95
0.98
1.01
1.03
1.06
1.11
1.14
1.19
1.24
1.3
1.36
1.45
1.53
1.66
1.8
1.98
2.2
2.47
2.93
6.04
6.05
6.07
5.5
6.11
6.14
6.21
11.16
11.15
11.14
11.14
11.13
11.13
11.3
14.68
14.33
15.72
15.0
14.97
10.13
8.9
8.83
7.44
6.78
6.23
5.78
5.41
5.06
4.77
4.49
4.26
4.04
3.86
3.69
1.57
1.52
1.45
1.37
1.32
1.33
1.34
1.34
1.35
1.38
1.4
1.35
1.35
1.36
1.37
1.37
1.38
1.39
1.41
1.42
1.43
1.43
1.45
1.46
1.48
1.5
1.52
1.53
1.55
1.57
1.59
1.62
1.64
1.66
1.69
1.71
1.74
1.77
1.8
1.84
2.86
2.95
3.06
3.17
0.66
0.64
0.63
0.62
0.65
0.64
0.64
0.63
0.62
0.62
0.62
0.61
0.62
0.62
0.62
0.61
0.61
0.62
0.61
0.61
0.61
0.61
