0.86
0.86
0.86
0.67
0.69
0.86
0.85
0.85
0.85
0.84
0.84
0.84
0.84
0.84
0.84
0.84
0.84
0.84
0.84
0.84
0.85
0.85
0.85
0.85
0.85
0.86
0.86
0.87
0.87
0.87
0.88
0.88
0.89
0.89
0.9
0.91
0.92
0.92
0.94
0.95
0.95
0.96
0.97
0.98
1.0
1.0
1.01
1.03
1.03
1.05
1.06
1.08
1.1
1.12
1.13
1.16
1.16
1.18
1.2
1.23
1.25
1.28
1.31
1.34
1.37
1.4
1.43
1.46
1.5
1.54
1.58
1.63
1.68
1.5
1.78
1.84
1.91
1.98
2.05
2.14
2.23
2.32
2.42
2.53
2.66
2.82
2.98
2.45
3.36
3.35
3.34
3.32
3.3
3.45
3.85
4.38
5.05
5.97
9.73
9.72
10.96
10.97
10.98
11.04
13.41
81.83
13.43
13.42
6.29
5.13
4.49
3.98
3.6
3.29
3.04
2.8
2.6
2.44
2.29
2.17
2.04
1.94
1.85
1.76
1.68
1.62
1.55
1.48
1.44
1.39
1.34
1.3
1.26
1.22
1.18
1.13
1.11
1.08
1.05
1.02
1.0
0.98
0.96
0.93
0.92
0.91
0.88
0.86
0.86
0.85
0.83
0.81
0.8
0.79
0.8
0.81
0.83
0.83
0.85
0.88
0.93
2.88
81.83
4.57
4.53
4.5
4.45
2.68
4.38
4.35
4.32
4.29
4.26
4.24
4.21
4.19
4.17
4.15
4.13
4.12
