3.11
3.12
3.17
3.44
3.61
3.75
3.95
4.18
4.21
6.7
6.69
6.68
6.67
6.66
6.52
6.51
6.42
6.75
7.5
7.5
7.5
6.8
6.77
2.42
1.99
1.71
1.5
1.32
1.16
1.06
0.97
0.88
0.81
0.76
0.71
0.68
0.63
0.58
0.6
0.6
0.61
0.61
0.61
0.62
0.62
0.63
0.63
0.64
0.65
0.66
0.66
0.67
0.68
0.69
0.71
0.71
0.71
0.72
1.02
1.04
1.05
1.07
1.07
1.09
1.11
1.13
1.15
1.17
3.43
3.5
3.6
3.56
3.5
3.46
3.43
3.39
3.35
3.31
3.28
3.25
3.22
3.18
3.16
3.13
3.1
3.08
3.06
3.04
3.03
3.01
2.99
2.62
2.68
2.94
2.93
2.91
2.91
2.9
2.89
2.88
2.87
2.86
2.85
2.85
2.84
2.84
2.84
2.82
2.83
2.84
2.84
2.84
2.84
2.85
2.85
2.55
2.54
2.88
2.88
2.89
2.9
2.67
2.62
2.58
2.56
2.62
2.66
2.71
2.77
3.02
3.05
3.07
3.09
3.12
3.15
3.17
3.2
3.24
3.27
3.29
3.33
3.36
3.4
3.45
3.48
3.53
3.57
1.24
1.2
1.19
1.16
1.14
1.13
1.1
1.1
1.08
1.06
1.04
0.75
0.76
0.74
0.73
0.72
0.71
0.7
0.7
0.69
0.68
0.67
0.66
0.65
0.64
0.63
0.63
0.62
0.62
0.61
0.62
0.67
0.69
