2.0
2.0
2.02
2.03
2.07
2.77
2.78
2.8
2.82
2.83
2.86
2.86
2.88
2.91
2.93
2.95
2.97
2.99
3.02
3.05
3.09
3.12
3.16
3.19
3.23
3.27
3.32
3.36
3.42
3.47
3.51
3.57
3.64
3.69
3.77
3.85
3.93
4.0
4.06
7.15
7.17
7.24
7.55
6.23
6.06
5.89
5.73
5.57
5.44
5.32
5.19
5.06
4.95
4.84
4.75
4.66
4.57
4.49
4.41
4.34
4.3
4.2
4.13
4.07
4.01
3.94
3.89
3.83
3.78
3.74
3.69
3.65
3.6
3.57
3.54
3.51
3.47
3.44
3.41
3.38
3.36
3.33
3.31
3.28
3.26
3.25
3.24
3.22
3.21
3.19
3.19
3.17
3.15
3.24
3.62
3.85
4.28
4.25
4.28
6.75
6.74
6.65
6.63
6.28
6.25
7.37
7.64
7.65
6.96
6.92
6.93
6.92
6.87
3.06
2.77
2.52
2.33
2.16
2.04
1.91
1.79
1.69
1.6
1.52
1.46
1.39
1.32
1.26
1.22
1.16
1.12
1.09
1.05
1.01
0.99
0.95
0.93
0.9
0.88
0.87
0.86
0.86
0.88
0.91
0.93
0.94
0.96
0.97
0.99
1.0
1.02
1.04
1.37
1.39
1.42
1.45
1.48
3.9
3.85
3.8
3.75
3.72
3.68
3.64
3.6
3.57
3.54
3.5
3.49
3.46
3.44
3.4
3.38
3.35
3.34
3.32
3.25
3.28
3.26
3.25
