1.5
1.5
1.5
1.5
1.51
1.51
1.52
1.52
1.52
1.53
1.54
1.54
1.54
1.55
1.56
1.57
1.57
1.59
1.6
1.61
1.62
1.64
1.64
1.66
1.68
1.69
1.71
1.73
1.75
1.76
1.78
1.81
1.83
1.85
1.88
1.91
1.93
1.97
2.0
2.03
2.07
2.11
2.15
2.19
2.23
2.29
2.32
2.37
2.43
2.49
2.55
2.62
2.7
2.77
2.86
2.96
3.06
3.17
3.29
3.43
3.6
3.78
4.01
4.28
4.6
4.98
5.49
6.31
14.52
14.52
14.53
14.53
14.53
14.53
14.56
14.59
14.63
11.5
10.08
8.97
8.76
7.38
6.79
6.27
5.85
5.47
5.16
4.87
4.59
4.37
4.19
3.98
3.8
3.64
3.5
3.37
3.24
3.12
3.04
2.98
3.05
3.09
3.12
5.95
5.8
5.66
5.51
5.43
5.47
5.56
5.62
5.7
81.83
5.11
5.09
5.9
81.83
7.42
7.56
7.71
6.13
7.51
7.39
7.31
7.22
7.14
7.05
6.98
6.9
6.4
5.94
5.89
5.82
5.86
5.0
6.3
6.45
6.43
6.4
6.33
6.29
6.25
6.21
6.15
6.11
6.08
6.06
6.03
6.0
5.38
5.37
5.35
5.92
4.82
4.75
5.91
5.88
3.46
3.47
3.46
3.18
3.17
3.17
3.17
3.17
3.17
3.18
3.18
3.18
3.51
3.19
2.9
2.65
2.46
1.46
1.49
1.5
1.5
1.51
1.52
