81.83
81.83
7.22
7.7
8.08
7.9
10.09
11.57
11.18
11.28
81.83
11.52
12.37
3.33
2.95
11.13
2.68
2.5
2.35
2.23
2.12
2.02
1.93
1.85
1.79
1.72
1.68
1.62
1.56
1.51
0.87
0.84
0.85
0.85
1.33
1.31
1.32
1.35
1.37
1.39
1.41
1.43
1.46
1.51
2.36
2.39
2.41
2.44
2.48
2.51
2.54
2.58
2.62
2.67
2.7
2.76
1.34
1.27
1.33
2.96
3.02
3.09
3.16
3.22
3.29
3.36
3.45
3.55
3.6
3.61
3.63
3.64
3.65
3.66
3.67
3.69
3.7
3.72
3.74
3.76
3.78
3.8
3.82
3.85
3.78
3.91
3.36
3.76
4.0
4.04
4.07
4.12
4.16
4.19
4.21
4.02
3.91
3.81
3.09
3.58
3.11
2.51
2.46
2.41
2.37
2.22
2.17
2.14
2.1
2.06
2.08
2.13
2.17
2.21
2.25
2.31
2.36
2.42
2.48
2.55
2.61
2.69
2.77
2.85
2.94
3.04
3.16
3.27
3.44
5.01
4.98
4.94
4.92
4.89
4.86
4.84
4.82
4.79
4.78
4.75
4.74
4.73
4.71
4.69
2.29
2.19
2.17
2.16
2.15
2.13
2.12
2.12
2.25
2.39
2.55
2.75
2.98
3.26
3.61
4.11
16.35
16.38
81.83
81.83
12.99
12.0
11.16
10.65
10.7
9.33
8.83
8.41
8.0
7.65
7.35
7.04
6.77
6.53
6.31
6.09
