1.21
1.22
1.23
1.24
1.24
1.24
1.25
1.25
1.26
1.27
1.27
1.29
1.3
1.31
1.32
1.33
1.34
1.35
1.36
1.37
1.39
1.4
1.42
1.44
1.46
1.47
1.47
1.49
1.52
1.55
1.56
1.59
1.62
1.65
1.67
1.71
1.74
1.77
1.81
1.85
1.88
1.93
1.97
2.02
2.08
2.12
2.19
2.25
2.33
2.38
2.48
2.56
2.66
2.76
2.88
2.24
3.18
3.36
3.17
3.16
3.15
2.83
3.13
3.12
3.11
3.11
3.11
3.1
3.1
3.11
3.17
8.37
8.31
8.27
8.23
8.17
8.13
8.1
8.07
8.03
8.01
7.98
7.96
7.94
7.92
7.9
7.89
7.89
7.88
7.85
9.06
11.52
11.38
11.02
12.43
12.32
11.68
7.61
6.55
5.69
5.5
5.53
4.37
4.03
3.71
3.44
3.24
3.02
2.85
2.69
2.55
2.42
2.32
2.23
2.13
2.05
2.02
1.91
1.86
1.78
1.72
1.67
1.62
1.57
1.52
1.48
1.45
1.4
1.37
1.34
1.3
1.27
1.25
1.22
1.2
1.17
1.15
1.13
1.12
1.1
1.09
1.08
1.05
1.05
1.03
1.03
1.01
0.99
0.98
0.98
0.96
0.97
0.94
0.93
0.93
0.92
0.91
0.91
0.9
0.9
0.9
0.89
0.88
0.87
0.87
0.86
0.85
0.85
0.85
0.86
0.85
0.85
0.85
0.84
0.84
0.84
0.84
0.84
0.84
0.83
