2.57
2.58
2.59
2.6
2.61
2.61
2.62
2.64
2.65
2.67
2.69
9.57
9.12
8.69
8.32
7.96
7.65
7.36
7.09
6.84
6.62
6.4
6.21
6.02
5.86
5.69
5.55
5.4
5.28
5.31
8.29
8.42
8.55
8.66
6.78
4.54
4.45
4.36
4.37
4.46
4.55
4.63
4.73
4.83
4.93
5.04
5.15
5.27
5.4
5.53
5.67
5.84
6.0
6.19
6.4
6.62
6.84
7.09
7.05
6.99
4.01
3.94
3.92
3.89
3.87
3.11
2.77
2.8
2.78
2.78
2.76
3.77
4.04
4.03
4.0
3.98
3.97
3.96
3.95
3.97
3.96
3.96
3.96
6.36
5.26
5.26
5.29
5.24
5.17
5.14
6.42
6.44
6.45
5.83
5.85
5.87
5.89
6.1
5.97
5.97
6.0
6.03
6.18
6.78
6.82
6.88
6.93
6.98
7.02
7.09
3.26
3.16
3.09
3.01
2.94
2.56
2.49
2.41
2.39
2.41
2.43
2.47
2.5
2.54
2.54
2.49
2.44
2.4
2.36
2.32
2.28
2.25
2.21
2.18
2.14
2.14
2.17
2.16
2.2
2.26
2.32
2.39
2.44
2.52
2.6
2.68
2.77
2.87
2.97
3.09
3.22
3.35
4.06
4.15
4.12
4.09
4.07
4.05
4.03
4.01
3.99
3.98
3.96
3.95
3.95
3.93
3.93
3.92
3.92
3.91
3.91
3.91
3.91
3.91
3.91
3.91
3.91
3.91
3.92
3.92
