0.49
0.52
0.55
0.57
0.66
0.65
0.65
0.65
0.65
0.67
0.71
0.78
0.87
0.99
1.14
1.38
3.89
3.89
3.9
3.92
3.93
3.95
3.96
3.97
3.99
4.0
4.03
4.05
4.07
3.52
4.08
2.29
2.31
4.21
4.2
4.27
3.49
4.35
4.4
4.44
3.98
4.53
3.87
3.79
3.58
3.71
3.84
3.89
3.95
4.21
3.95
3.89
3.16
81.83
3.03
4.4
4.34
4.28
4.21
4.16
4.09
4.03
1.04
1.02
1.0
0.98
0.98
0.98
0.96
0.97
0.96
1.0
1.05
1.08
1.14
1.17
1.24
1.29
1.34
1.41
1.48
1.56
1.65
1.73
1.83
1.98
2.12
2.31
2.5
2.74
3.03
3.4
3.85
4.45
5.23
6.6
9.13
9.13
9.12
11.49
11.51
11.35
11.3
11.62
11.63
11.65
11.78
13.99
14.02
14.05
14.1
14.15
4.02
3.35
2.89
2.59
2.36
2.16
1.99
1.87
1.77
1.68
1.61
1.54
1.48
1.42
1.37
1.32
1.27
1.23
1.18
1.15
1.11
1.08
1.05
1.03
1.0
0.98
0.95
0.94
0.92
0.9
0.88
0.87
0.86
0.84
0.83
0.81
0.8
0.78
0.78
0.76
0.75
0.74
0.73
0.72
0.71
0.7
0.69
0.69
0.68
0.67
0.66
0.66
0.65
0.65
0.65
0.64
0.64
0.64
0.63
0.63
0.62
0.62
0.61
0.61
0.6
0.6
0.6
0.59
