3.0
2.98
2.97
3.0
3.09
3.17
3.28
3.61
3.58
3.54
3.51
3.47
3.44
3.38
3.37
3.36
3.34
3.3
3.28
3.26
3.24
3.22
3.2
3.21
3.17
3.15
3.15
3.14
3.13
3.12
3.11
1.88
1.87
2.3
2.36
2.36
2.35
2.35
2.35
2.35
2.35
2.34
2.34
2.36
2.34
2.34
2.34
2.36
2.38
2.39
2.4
2.42
3.17
3.18
2.6
2.22
2.18
2.56
3.27
2.44
2.57
2.14
2.13
1.98
1.99
2.13
2.17
2.11
2.06
3.61
3.61
3.65
3.68
3.73
3.78
3.8
3.72
3.63
3.56
3.4
3.37
3.34
3.27
3.22
3.17
3.11
3.05
2.63
2.18
2.15
2.12
2.1
2.01
2.0
1.97
1.95
1.93
1.9
1.89
1.87
1.85
1.84
1.87
1.94
2.0
2.11
2.19
2.28
2.39
2.39
2.2
2.18
2.3
2.39
2.39
2.49
2.67
2.88
3.13
3.44
3.81
4.26
4.77
6.03
7.18
8.91
11.97
11.98
12.01
12.02
21.5
23.73
23.94
24.06
12.08
11.11
10.43
9.91
9.48
7.3
7.1
2.39
2.25
2.22
2.1
1.26
1.27
1.29
1.57
1.57
1.59
1.59
1.59
1.6
1.61
1.6
1.46
1.45
1.39
1.38
1.63
1.76
2.01
1.99
1.99
2.0
1.61
1.62
1.68
1.79
1.78
1.79
1.88
1.89
1.89
2.03
2.04
2.1
2.17
2.45
