3.82
3.79
3.77
3.75
3.73
3.77
3.94
4.17
4.43
4.74
5.08
5.86
5.84
5.82
5.81
5.79
5.78
5.76
5.76
5.75
5.75
5.75
5.74
5.74
5.74
5.75
5.75
5.75
5.76
5.31
4.7
3.98
3.57
3.24
2.97
2.72
2.52
2.45
2.47
2.48
2.49
2.5
2.51
2.53
6.16
6.21
1.32
1.27
1.21
1.17
1.14
1.1
1.06
1.03
1.0
1.01
1.38
1.4
1.42
1.44
1.46
1.47
1.49
1.52
1.55
1.57
1.6
1.62
1.64
1.67
1.71
1.74
1.78
1.8
1.85
1.84
1.81
1.8
1.77
1.75
1.73
1.71
1.7
2.12
2.4
2.48
2.57
2.65
2.64
2.62
2.6
2.58
2.56
2.56
3.41
3.39
3.37
3.36
3.39
3.37
3.36
3.35
3.34
3.33
3.32
3.31
3.3
3.3
3.29
3.29
3.28
3.26
3.26
3.36
3.37
3.36
3.37
3.36
3.37
3.37
3.39
3.4
3.41
3.42
3.43
3.44
3.45
3.44
3.38
3.42
3.44
3.46
3.47
1.98
1.9
1.82
1.75
1.69
1.62
1.56
1.52
1.46
1.43
1.39
1.34
1.3
1.28
1.24
1.21
1.18
1.15
1.13
1.11
1.09
1.06
1.05
1.02
1.0
0.98
0.97
0.96
0.94
0.92
0.91
0.89
0.89
0.87
0.86
0.85
0.84
0.82
0.82
0.81
0.81
0.8
0.79
0.78
0.77
0.76
0.75
