0.81
0.8
0.81
0.8
0.8
0.8
0.8
0.8
0.8
0.8
0.8
0.81
0.81
0.81
0.81
0.81
0.82
0.82
0.82
0.82
0.83
0.83
0.83
0.83
0.83
0.83
0.84
0.84
0.85
0.85
0.86
0.87
0.87
0.88
0.89
0.91
0.91
0.91
0.93
0.94
0.95
0.96
0.98
0.99
0.99
1.01
1.02
1.04
1.06
1.07
1.09
1.11
1.13
1.14
1.16
1.18
1.22
1.23
1.26
1.29
1.33
1.35
1.33
1.22
1.2
1.19
1.17
1.16
1.16
1.14
1.14
1.13
1.11
1.11
1.11
1.1
1.08
1.08
1.07
1.07
1.06
1.06
1.05
1.05
1.05
1.05
1.04
1.03
1.04
1.03
1.02
1.02
1.02
1.02
1.02
1.02
1.03
1.02
1.02
1.02
1.02
1.02
1.02
1.03
1.03
1.03
1.03
1.03
1.03
1.04
1.04
1.04
1.05
1.05
1.06
1.05
1.02
0.97
0.92
0.87
0.83
0.81
0.77
0.75
0.73
0.7
0.67
0.66
0.64
0.61
0.62
0.6
0.59
0.57
0.55
0.54
0.53
0.52
0.52
0.5
0.49
0.5
0.51
0.52
0.53
0.52
0.51
0.52
0.52
0.54
0.55
0.56
0.57
0.58
0.6
0.61
0.62
0.64
0.66
0.68
0.71
0.73
0.75
0.78
0.82
0.84
0.89
0.92
0.98
1.02
1.08
1.14
1.22
1.3
1.4
1.49
1.61
1.74
1.91
6.14
