1.39
1.4
1.4
1.41
1.41
1.42
1.42
1.42
1.43
1.43
1.44
1.45
1.45
1.46
1.47
1.48
1.48
1.49
1.5
1.51
1.52
1.53
1.54
1.55
1.57
1.58
1.6
1.62
1.64
1.66
1.68
1.7
1.72
1.74
1.77
1.8
1.82
1.86
1.89
1.91
1.95
1.99
2.02
2.04
2.09
2.13
2.18
2.23
2.28
2.33
2.39
2.44
2.5
2.58
2.66
2.72
2.81
2.9
3.0
3.11
3.18
3.15
3.12
3.11
3.08
3.08
3.61
4.36
4.61
4.9
5.2
5.56
5.96
6.43
6.99
7.7
7.23
7.98
8.5
9.83
14.58
14.44
15.67
15.64
18.05
81.83
4.19
3.95
3.94
3.95
3.96
3.97
3.97
3.99
3.99
4.01
4.02
4.03
4.05
4.07
4.09
4.11
4.12
4.14
2.61
2.48
2.35
2.25
2.14
2.07
1.98
1.92
1.85
1.8
1.74
1.68
1.63
1.58
1.54
1.5
1.46
1.41
1.37
1.35
1.32
1.28
1.26
1.23
1.21
1.19
1.17
1.14
1.11
1.11
1.08
1.06
1.06
1.04
1.03
1.01
1.01
1.0
0.99
0.99
0.97
0.96
0.95
0.94
0.93
0.92
0.92
0.91
0.9
0.94
0.96
0.89
0.89
0.89
0.88
0.88
0.87
0.88
0.86
0.86
0.85
0.85
0.86
0.84
0.85
0.85
0.85
0.85
0.84
0.85
0.84
0.85
0.85
0.85
0.85
0.84
