2.65
2.74
2.8
2.9
3.0
3.09
3.2
3.33
3.45
3.6
3.75
3.93
4.12
4.35
4.57
4.84
4.98
4.95
4.93
4.91
4.89
4.88
4.87
4.86
4.85
4.84
4.83
4.82
4.81
4.81
4.81
4.81
4.81
4.81
3.05
2.35
2.09
2.04
2.04
2.05
2.05
2.06
2.07
2.08
2.09
2.09
2.1
2.11
2.12
2.13
2.15
2.16
2.18
2.19
2.2
2.12
2.02
1.96
1.88
1.82
1.76
1.7
1.65
1.6
1.57
1.51
1.47
1.44
1.41
1.37
1.34
1.38
1.38
1.41
1.43
1.45
1.47
1.5
1.54
6.96
7.1
7.19
7.08
5.32
5.31
6.81
6.72
6.65
6.58
5.87
5.55
5.48
5.44
5.39
5.34
5.31
5.25
5.25
5.1
5.09
3.44
3.42
3.4
3.39
3.37
3.36
3.35
3.34
3.32
3.3
3.3
3.11
3.09
3.08
3.07
3.07
3.19
3.4
3.39
3.39
3.39
3.39
3.39
3.39
3.39
3.39
3.4
3.4
3.5
5.63
5.64
5.67
5.68
5.7
5.72
5.74
5.76
5.79
5.82
5.85
5.88
5.92
5.86
5.58
5.36
5.15
4.97
4.79
4.63
4.48
4.35
4.21
4.08
3.97
3.88
3.77
3.68
3.59
3.51
3.44
3.37
3.29
3.23
3.17
3.1
3.08
3.09
3.15
3.2
3.26
5.4
5.47
5.45
5.44
4.23
4.17
4.05
4.02
4.01
4.13
