0.8
0.81
0.81
0.8
0.81
0.81
0.81
0.81
0.81
0.8
0.8
0.8
0.81
0.8
0.81
0.81
0.81
0.8
0.8
0.81
0.81
0.81
0.82
0.82
0.82
0.83
0.84
0.84
0.84
0.85
0.87
0.87
0.88
0.88
0.89
0.9
0.91
0.92
1.08
1.2
1.62
1.66
1.69
1.71
1.73
1.74
1.71
1.69
1.67
1.65
1.37
1.37
1.58
1.57
1.55
1.54
0.83
0.59
0.52
0.56
0.67
1.44
1.43
1.42
1.43
1.49
1.54
1.61
3.94
3.86
3.71
3.71
3.72
3.74
3.76
3.74
3.73
1.6
1.61
9.0
8.94
0.69
0.65
0.66
0.67
0.68
6.13
6.97
8.7
8.68
8.61
1.53
1.48
3.43
3.55
3.55
3.54
1.3
1.29
1.3
3.5
3.5
3.48
3.47
3.45
3.38
3.31
3.2
3.21
3.42
3.46
3.46
3.45
3.45
3.46
3.47
0.93
0.93
0.93
3.51
3.52
3.53
3.54
3.56
3.57
3.59
3.61
3.61
3.63
3.64
3.66
3.68
3.71
3.72
3.72
3.75
3.79
3.8
3.83
3.82
3.87
3.91
3.93
3.99
4.03
4.04
4.49
4.52
4.52
4.52
4.54
4.84
4.84
4.85
4.87
5.17
5.19
5.2
5.17
8.05
8.06
7.21
7.08
6.92
6.84
6.85
6.97
7.09
8.43
8.48
8.46
7.91
7.89
7.89
7.9
7.97
8.05
81.83
7.75
7.59
