5.05
5.05
5.11
6.47
6.49
6.5
6.53
2.35
2.21
2.07
1.95
1.84
1.75
1.67
1.59
1.53
1.46
1.42
1.36
1.31
1.26
1.21
1.18
1.13
1.1
1.07
1.04
1.01
0.98
0.96
0.93
0.91
0.89
0.86
0.86
0.84
0.82
0.81
0.8
0.78
0.77
0.75
0.74
0.74
0.73
0.73
0.73
0.76
0.78
0.8
0.82
0.84
0.86
0.89
0.92
0.96
0.98
1.02
1.05
1.1
1.14
1.19
1.23
1.29
1.35
1.42
1.47
1.57
1.65
1.76
1.87
2.0
2.17
2.36
2.59
2.89
3.25
3.7
4.29
5.13
6.24
12.11
12.19
18.5
18.18
18.17
81.83
10.61
10.63
81.83
81.83
81.83
81.83
81.83
81.83
81.83
81.83
81.83
9.1
9.11
9.15
5.53
5.25
4.98
4.76
4.55
4.36
4.17
4.02
3.87
3.73
3.61
3.5
3.42
3.28
3.19
3.1
3.01
2.94
2.86
2.8
2.73
2.67
2.61
2.55
2.5
2.46
2.43
2.37
2.32
2.28
2.25
2.2
2.16
2.13
2.1
2.07
2.04
2.01
1.99
1.96
1.93
1.92
1.9
1.88
1.87
1.84
1.83
1.81
1.8
1.79
1.77
1.76
1.75
1.75
1.73
1.72
1.73
1.87
1.97
6.24
6.21
5.53
5.51
5.5
5.48
5.5
6.1
6.09
6.09
6.19
6.18
6.18
6.17
6.18
5.03
5.02
6.19
6.19
5.48
