0.44
0.44
0.44
0.44
0.44
0.44
0.43
0.43
0.43
0.43
0.43
0.43
0.43
0.43
0.42
0.43
0.43
0.43
0.43
0.44
0.43
0.43
0.43
0.43
0.43
0.43
0.44
0.44
0.45
0.45
0.45
0.46
0.47
0.88
1.01
1.05
1.06
1.09
1.1
1.11
1.13
1.15
1.17
1.19
1.22
1.24
1.27
1.29
1.33
1.36
1.39
1.41
1.45
1.49
1.54
1.57
1.62
1.67
1.72
1.77
1.83
1.91
1.96
1.36
1.26
2.23
2.31
2.42
2.55
2.7
2.7
2.7
2.7
2.68
2.67
2.66
2.65
2.64
2.63
2.62
2.62
2.62
2.62
2.61
2.61
2.61
2.61
2.61
2.61
2.61
2.62
2.62
2.62
2.62
2.63
2.63
2.64
2.65
2.66
2.62
2.66
1.04
81.83
1.0
0.91
0.93
0.96
0.96
2.8
2.81
2.81
2.84
2.88
2.9
2.93
2.08
2.98
3.02
3.06
3.08
3.01
2.57
3.2
3.23
2.52
2.46
2.41
2.38
2.18
2.45
2.49
2.55
2.59
2.65
2.81
2.67
2.63
2.6
3.31
2.97
3.21
3.18
3.14
1.9
1.85
1.83
1.82
1.8
2.92
2.92
2.89
2.86
2.7
2.66
2.79
2.77
2.76
2.74
2.72
2.72
2.7
2.68
2.67
2.66
2.65
2.63
2.63
2.63
2.62
2.61
2.6
2.6
2.59
2.58
2.59
2.58
2.58
2.58
2.58
2.59
