1.08
1.08
1.08
1.08
1.08
1.08
1.08
1.08
1.08
1.08
1.08
1.08
1.08
1.08
1.08
1.08
1.09
1.09
1.09
1.09
1.1
1.1
1.11
1.11
1.12
1.12
1.13
1.14
1.14
1.15
1.16
1.15
1.05
1.06
1.19
1.19
1.21
1.22
1.23
1.25
1.27
1.28
1.29
1.31
1.32
0.7
0.7
0.7
1.17
1.41
1.43
1.45
1.47
1.5
1.53
1.55
1.58
1.61
1.65
1.68
1.72
1.57
1.55
1.53
1.5
1.49
1.47
1.46
1.44
1.42
1.4
1.39
1.38
1.36
1.35
1.44
1.49
1.55
1.61
1.68
1.77
1.87
1.9
1.9
1.89
1.88
1.87
1.86
1.86
1.84
0.99
0.96
1.05
1.45
1.24
1.09
0.95
0.85
0.85
0.85
0.98
0.94
0.94
0.95
0.96
0.99
1.01
1.04
1.11
1.22
1.85
1.85
1.86
1.86
1.87
1.88
1.9
1.28
0.98
0.99
1.94
1.95
1.96
1.96
1.92
1.86
1.79
1.72
1.68
1.62
1.57
1.53
1.48
1.44
1.4
1.36
1.33
1.3
1.28
0.94
0.79
0.79
0.84
0.85
0.87
0.88
0.91
0.91
0.94
0.96
0.99
1.01
1.02
1.02
1.06
1.08
1.07
1.06
1.06
1.08
1.11
1.15
1.18
1.22
2.69
10.63
10.05
9.69
9.66
81.83
10.37
10.3
10.25
10.2
10.1
10.05
10.01
9.99
9.34
9.36
