3.66
6.03
5.94
5.83
1.07
1.09
5.45
3.23
5.22
5.14
5.03
4.95
4.87
4.79
4.69
4.64
4.56
1.39
1.42
1.61
4.31
4.25
4.21
2.14
2.12
4.07
4.01
4.01
0.78
0.77
4.06
2.18
2.21
3.97
3.96
3.92
1.18
1.16
3.85
3.84
3.81
3.79
3.78
3.77
1.27
1.16
1.16
3.7
1.95
1.95
2.17
2.17
3.66
3.66
3.66
3.52
3.46
3.46
3.46
3.47
2.42
2.55
3.48
3.48
3.49
1.08
1.09
1.52
3.53
3.55
3.55
3.57
3.59
3.61
3.63
3.64
3.66
3.68
3.7
3.73
3.76
3.78
3.81
3.85
3.87
3.91
3.95
3.98
4.03
4.07
4.1
2.34
2.41
4.27
4.32
4.37
1.5
1.51
4.55
4.62
2.16
2.22
4.84
2.53
2.53
2.52
2.92
2.9
1.73
1.73
1.82
1.82
5.35
5.37
5.38
3.45
3.46
5.45
5.47
5.49
1.52
1.53
5.59
5.64
1.26
5.77
5.77
5.8
5.84
5.89
5.94
6.01
3.7
3.77
6.17
6.24
6.31
3.62
3.62
4.82
5.75
1.67
1.67
5.32
5.33
1.69
1.68
3.13
3.13
3.16
5.18
2.03
1.99
2.0
81.83
81.83
81.83
4.71
4.62
4.58
4.46
3.04
3.06
4.41
4.38
4.32
4.31
1.76
4.14
4.12
4.09
4.07
4.03
4.03
81.83
81.83
81.83
81.83
81.83
81.83
