1.96
1.53
1.61
2.02
2.03
2.06
2.09
1.96
1.91
1.88
1.84
1.81
1.78
1.75
1.72
1.7
1.67
1.64
1.62
1.6
1.58
1.57
1.55
1.56
1.58
1.6
1.63
1.68
1.73
1.79
1.85
1.92
1.98
2.06
2.15
2.26
2.36
2.47
2.59
2.73
2.88
7.31
7.22
7.13
7.05
6.97
6.9
6.81
6.74
6.68
6.62
6.55
6.51
6.46
6.4
6.35
6.31
6.26
6.22
6.18
6.15
6.11
6.07
6.06
6.03
6.0
5.98
5.95
5.92
5.91
5.89
5.89
5.86
5.86
5.85
6.82
7.0
9.47
9.35
8.98
10.11
10.38
10.29
9.64
9.65
5.53
4.86
4.32
3.88
3.54
3.51
3.53
3.54
3.56
3.8
3.82
2.33
2.19
2.09
1.99
1.9
1.82
1.75
1.68
1.62
1.56
1.5
1.46
1.41
1.37
1.34
1.29
1.26
1.22
1.19
1.14
1.12
1.09
1.07
1.05
1.03
1.01
0.98
0.97
0.95
0.94
0.93
0.91
0.89
0.89
0.88
0.86
0.84
0.83
0.83
0.82
0.82
0.81
0.81
0.79
0.79
0.78
0.78
0.76
0.77
0.77
0.77
0.75
0.75
0.75
0.74
0.74
0.72
0.73
0.73
0.73
0.72
0.72
0.72
0.71
0.71
0.71
0.71
0.7
0.71
0.71
0.7
0.7
0.7
0.7
0.7
0.7
0.71
0.71
0.71
0.71
0.72
0.72
0.72
0.72
