0.5
0.5
0.49
0.49
0.49
0.49
0.49
0.49
0.49
0.48
0.49
0.49
0.49
0.49
0.49
0.49
0.49
0.49
0.49
0.49
0.49
0.49
0.49
0.49
0.49
0.49
0.49
0.49
0.5
0.5
0.5
0.5
0.5
0.51
0.51
0.51
0.52
0.52
0.53
0.53
0.54
0.54
0.54
0.54
0.55
0.56
0.56
0.57
0.58
0.58
0.59
0.6
0.6
0.61
0.63
0.64
0.65
0.66
0.67
0.68
0.69
0.71
0.72
0.73
0.75
0.77
0.78
0.81
0.82
0.84
0.89
1.67
1.64
1.63
1.6
1.4
1.37
1.37
1.45
1.51
1.49
1.48
1.47
1.46
1.44
1.43
1.42
1.41
1.4
1.38
1.38
1.37
1.36
1.35
1.35
1.34
1.34
1.33
1.32
1.32
1.31
1.31
1.31
1.3
1.3
1.29
1.29
1.29
1.28
1.28
1.28
1.28
1.28
1.28
1.28
1.29
1.29
1.29
1.29
1.3
1.3
1.3
1.3
1.3
1.32
1.32
1.33
1.33
1.33
1.34
1.34
1.36
1.37
1.34
1.27
1.22
1.17
1.14
1.1
1.05
1.03
0.99
0.96
0.93
0.9
0.88
0.85
0.85
0.86
0.87
0.88
0.9
0.9
0.92
0.94
0.95
0.97
0.98
1.01
1.02
1.04
1.06
1.08
1.11
1.14
1.17
1.19
1.22
1.24
1.28
1.31
1.36
1.4
1.44
1.48
1.53
1.59
1.64
1.71
1.77
