0.63
0.63
0.63
0.63
0.63
0.62
0.62
0.62
0.62
0.62
0.62
0.62
0.62
0.62
0.62
0.62
0.62
0.62
0.62
0.62
0.62
0.62
0.61
0.61
0.62
0.62
0.61
0.62
0.62
0.62
0.62
0.62
0.63
0.64
0.65
0.64
0.65
0.65
0.66
0.67
0.68
0.68
0.69
0.7
0.7
0.7
0.72
0.72
0.74
0.74
0.76
0.76
0.78
0.78
0.79
0.82
0.83
0.85
0.86
0.88
0.9
0.92
0.92
0.95
0.97
0.99
1.02
1.04
1.07
1.08
1.12
1.15
1.19
1.22
1.25
1.3
1.35
1.4
1.46
1.51
1.58
1.65
1.74
1.82
1.92
2.03
2.2
2.41
2.72
3.19
4.19
7.08
6.23
7.14
7.17
12.2
12.17
12.15
12.14
12.15
12.16
13.11
15.77
15.31
16.71
16.01
11.2
9.81
9.83
7.86
7.09
6.49
2.52
2.29
2.28
2.27
2.28
2.3
2.25
2.25
2.26
2.26
1.64
1.36
1.33
1.28
1.22
1.17
1.14
1.1
1.06
1.04
0.99
0.97
0.94
0.93
0.9
0.88
0.85
0.83
0.82
0.82
0.81
0.79
0.77
0.77
0.75
0.74
0.73
0.72
0.71
0.7
0.69
0.68
0.67
0.67
0.65
0.66
0.65
0.64
0.63
0.63
0.62
0.61
0.6
0.6
0.59
0.58
0.58
0.58
0.58
0.58
0.58
0.58
0.58
0.57
0.57
0.57
0.56
0.56
