3.0
2.99
3.0
2.99
2.99
2.98
2.98
2.98
2.98
2.98
2.98
2.99
2.99
3.01
3.01
3.02
3.03
2.99
2.82
2.64
2.45
2.32
2.35
2.37
2.38
2.41
2.43
2.43
2.44
2.47
2.62
2.54
2.46
2.38
2.32
2.26
2.19
2.13
2.08
2.03
1.98
1.94
1.89
1.85
1.82
1.79
1.75
1.73
1.69
1.66
1.64
1.61
1.42
1.16
1.46
1.51
1.49
1.47
1.45
1.44
1.42
1.4
1.39
1.37
1.36
1.35
1.34
1.32
1.31
1.29
1.29
1.28
1.27
1.26
1.25
1.25
1.24
1.23
1.23
1.22
1.22
1.21
1.2
1.2
1.2
1.2
1.19
1.19
1.18
1.12
0.88
1.0
1.18
1.18
1.18
1.18
1.18
1.18
1.18
1.19
1.19
1.2
1.2
1.2
1.2
1.21
1.21
1.22
1.22
1.23
1.24
1.25
1.25
1.03
0.92
1.26
1.27
1.29
1.3
1.31
1.33
1.35
1.35
1.36
1.18
1.09
1.14
1.13
1.11
1.11
1.1
1.07
1.06
1.1
1.12
1.15
1.2
1.29
1.66
1.69
1.73
1.75
1.79
1.82
1.86
1.89
1.94
1.98
2.04
2.08
2.13
2.19
2.26
2.32
2.38
2.47
2.53
2.56
2.55
2.52
2.5
2.49
2.47
2.46
2.43
2.41
2.41
2.46
2.64
2.44
2.43
2.4
2.37
2.36
2.42
2.67
2.16
2.14
2.13
2.12
