0.94
0.93
0.93
0.92
0.93
0.93
0.93
0.94
0.94
0.94
0.94
0.94
0.94
0.94
0.95
0.95
0.95
0.96
20.91
20.94
14.3
9.4
8.17
8.15
8.17
8.19
8.21
8.24
8.27
8.29
6.58
6.14
5.77
5.41
5.13
4.88
4.64
4.4
4.22
4.05
3.88
3.74
3.6
3.47
3.34
3.23
3.14
3.03
2.95
2.87
2.85
2.88
2.91
2.95
2.99
3.1
3.14
3.18
3.23
3.29
3.32
5.28
5.33
5.43
5.53
5.52
5.44
5.36
5.29
5.23
5.16
5.09
5.04
4.98
4.93
4.88
4.83
4.79
4.73
4.69
4.65
4.62
4.58
4.54
4.5
4.24
4.44
1.66
1.64
1.63
1.61
1.62
1.62
1.61
1.59
1.6
1.59
1.59
1.58
1.58
1.57
1.57
1.57
1.57
1.57
1.56
1.56
1.57
1.56
1.56
1.56
1.57
1.56
1.58
1.57
1.58
1.58
1.58
1.59
1.58
1.61
1.61
1.61
1.63
1.63
1.64
1.66
1.65
1.67
1.67
1.68
1.69
1.71
1.73
1.73
1.75
1.77
1.79
1.81
1.83
1.84
1.87
1.9
1.92
1.94
1.98
2.0
2.04
2.06
2.11
2.15
2.17
2.26
2.37
2.42
2.5
2.67
2.72
2.79
2.84
6.79
6.96
7.12
5.27
81.83
5.32
5.3
6.86
6.79
6.74
6.68
6.62
6.57
6.52
6.46
1.69
1.66
1.64
1.64
1.63
