1.35
1.34
1.34
1.34
1.34
1.34
1.34
1.34
1.34
1.34
1.34
1.35
1.34
1.35
1.35
1.35
1.35
1.36
1.35
1.37
1.37
1.37
1.38
1.39
1.39
1.39
1.41
1.41
1.42
1.43
1.45
1.46
1.47
1.48
1.5
1.54
1.53
1.55
1.55
1.57
1.59
1.62
1.63
1.66
1.68
1.7
1.73
1.75
1.79
1.81
1.84
1.87
1.9
1.95
1.99
2.02
2.06
2.11
2.16
2.22
2.28
2.33
2.42
2.46
2.52
2.59
2.67
2.76
2.85
2.95
3.05
3.18
3.3
3.45
4.71
4.55
4.53
4.49
4.48
4.61
4.87
5.2
5.55
5.95
6.4
7.02
7.65
8.5
12.5
12.47
12.61
12.61
81.83
81.83
81.83
81.83
81.83
81.83
15.05
15.89
15.88
4.6
4.02
3.61
3.31
3.06
2.85
2.68
2.53
2.41
2.32
2.23
2.13
2.06
1.98
1.91
1.85
1.8
1.74
1.69
1.64
1.61
1.56
1.52
1.48
1.45
1.42
1.39
1.36
1.33
1.31
1.28
1.27
1.23
1.22
1.2
1.2
1.18
1.16
1.15
1.13
1.11
1.1
1.09
1.08
1.07
1.06
1.04
1.03
1.02
1.01
1.0
0.99
0.99
0.98
0.97
0.96
0.96
0.96
0.95
0.94
0.93
0.93
0.93
0.92
0.91
0.92
0.92
0.91
0.92
0.92
0.92
0.92
0.92
0.92
0.92
0.92
0.92
0.91
0.92
