1.22
1.22
1.22
1.22
1.2
1.2
1.2
1.19
1.19
1.19
1.18
1.17
1.17
1.17
1.17
1.17
1.17
1.17
1.17
1.17
1.16
1.16
1.16
1.16
1.16
1.17
1.18
1.18
1.19
1.19
1.2
1.19
1.2
1.2
1.21
1.22
1.22
1.23
1.24
1.25
1.27
1.28
1.29
1.3
1.31
1.33
1.33
1.34
1.36
1.38
1.39
1.41
1.43
1.45
1.46
1.48
1.5
1.53
1.56
1.58
1.61
1.64
1.67
1.71
1.74
1.78
1.82
1.88
1.91
1.96
2.01
2.08
2.13
2.2
2.27
2.35
2.42
2.51
2.61
2.72
2.84
2.98
3.14
3.33
3.56
3.82
4.18
3.35
4.07
4.07
3.78
4.06
4.06
4.06
4.06
4.06
4.07
4.18
9.2
9.16
9.12
9.08
9.04
9.02
9.0
8.97
8.94
8.92
8.91
8.9
8.88
8.88
9.72
12.48
12.45
12.41
13.4
12.87
12.69
7.44
6.49
6.49
5.08
4.55
4.13
3.74
3.44
3.2
3.01
2.83
2.65
2.5
2.37
2.24
2.13
2.03
1.96
1.88
1.8
1.72
1.68
1.62
1.57
1.52
1.48
1.42
1.39
1.34
1.31
1.27
1.23
1.21
1.18
1.15
1.12
1.09
1.08
1.06
1.04
1.02
1.0
0.98
0.97
0.96
0.95
0.93
0.92
0.91
0.9
0.89
0.88
0.87
0.86
0.85
0.84
0.83
0.83
0.84
0.81
0.82
