1.16
1.16
1.16
1.16
1.17
1.17
1.18
1.19
1.19
1.2
1.2
1.2
1.21
1.22
1.23
1.24
1.25
1.25
1.26
1.26
1.27
1.28
1.3
1.31
1.32
1.34
1.34
1.37
1.38
1.39
1.41
1.43
1.45
1.47
1.49
1.52
1.54
1.56
1.59
1.61
1.64
1.68
1.71
1.75
1.78
1.82
1.86
1.89
1.94
1.99
2.05
2.1
2.17
2.22
2.3
2.36
2.44
2.53
2.62
2.72
2.82
2.93
3.06
3.19
3.35
3.5
3.69
3.91
4.14
4.42
4.75
5.12
5.55
17.49
10.21
10.07
9.97
10.03
81.83
81.83
9.23
81.83
81.83
81.83
8.45
81.83
81.83
81.83
81.83
81.83
81.83
7.64
81.83
81.83
81.83
81.83
81.83
6.81
6.86
6.88
6.91
3.33
3.14
2.97
2.85
2.71
2.6
2.48
2.39
2.29
2.23
2.14
2.08
2.0
1.95
1.89
1.83
1.78
1.73
1.69
1.65
1.6
1.56
1.54
1.5
1.47
1.44
1.41
1.39
1.37
1.34
1.32
1.3
1.29
1.34
1.35
1.22
1.21
1.19
1.18
1.16
1.16
1.15
1.13
1.12
1.11
1.09
1.08
1.08
1.07
1.06
1.06
1.05
1.04
1.04
1.03
1.03
1.02
1.03
1.01
1.01
1.01
1.0
1.0
1.0
1.0
1.0
0.99
0.99
0.99
0.99
0.98
0.98
0.99
0.99
0.99
0.99
0.99
0.99
0.99
