81.83
81.83
4.84
81.83
81.83
81.83
81.83
4.06
4.02
4.25
81.83
4.27
81.83
81.83
81.83
81.83
81.83
81.83
81.83
81.83
81.83
81.83
81.83
3.25
81.83
81.83
81.83
3.05
3.07
81.83
2.98
81.83
81.83
81.83
2.81
2.8
2.77
2.75
2.72
2.69
2.68
2.66
2.66
2.7
2.73
2.76
2.8
2.85
2.89
2.93
2.98
2.87
2.83
2.78
2.73
2.72
2.88
2.98
2.94
2.9
2.86
2.82
2.78
2.76
2.72
2.57
2.53
2.52
2.52
2.54
2.55
2.54
2.53
2.54
2.59
2.73
3.04
3.53
5.66
5.62
5.59
5.56
5.53
5.5
3.53
3.53
4.87
4.87
5.0
5.39
4.99
5.33
5.36
5.35
4.44
4.24
4.07
4.04
4.04
4.07
4.09
4.15
4.34
5.44
5.46
5.45
5.46
5.48
5.5
5.52
5.03
4.82
4.78
4.83
4.89
4.84
4.85
4.89
4.91
4.96
5.38
5.41
5.83
5.85
5.25
5.1
5.11
4.72
4.72
5.06
5.06
4.52
4.54
1.94
1.93
1.91
1.88
1.88
1.84
1.82
1.79
1.77
1.76
1.61
1.58
1.56
1.54
1.51
1.49
1.43
1.42
1.45
1.49
1.53
1.57
1.61
1.64
1.7
1.77
1.82
1.87
1.93
2.0
2.09
2.16
2.26
2.36
2.49
2.6
2.74
2.88
3.06
3.24
3.45
3.72
3.98
4.3
4.68
5.15
5.69
