0.93
0.94
0.93
0.93
0.93
0.93
0.93
0.93
0.93
0.93
0.93
0.93
0.93
0.93
0.93
0.93
0.94
0.94
0.94
0.93
0.94
0.94
0.95
0.95
0.95
0.96
0.96
0.96
0.97
0.97
0.98
0.98
0.98
0.99
1.0
1.01
1.02
1.03
1.04
1.06
1.06
1.07
1.09
1.09
1.11
1.12
1.13
1.15
1.16
1.18
1.21
1.22
1.24
1.27
1.3
1.33
1.39
5.26
5.38
5.44
5.36
5.3
5.23
5.22
5.24
4.4
5.08
5.12
5.25
3.29
3.27
3.24
3.2
3.18
3.15
3.13
3.06
3.04
3.02
3.0
2.97
3.06
3.22
3.41
3.64
3.91
4.18
4.51
4.92
9.49
8.65
8.63
8.65
9.42
9.47
8.18
8.08
8.07
9.43
4.93
4.92
4.93
4.93
4.93
4.93
4.94
4.95
4.95
4.97
4.99
5.01
5.03
5.05
5.09
2.44
2.37
2.29
2.25
2.27
2.3
2.33
2.36
2.38
2.41
2.45
2.48
2.52
2.56
2.6
2.56
2.5
2.42
2.33
2.26
2.24
2.26
2.26
2.27
2.22
2.16
2.13
2.09
2.05
2.01
1.98
1.94
1.91
1.87
1.84
1.82
1.8
1.77
1.75
1.72
1.7
1.68
1.64
1.63
1.62
1.6
1.58
1.57
1.55
1.53
1.53
1.52
1.51
1.5
1.49
1.48
1.47
1.46
1.46
1.45
1.44
1.43
1.43
1.42
1.42
1.41
