1.18
1.18
1.18
1.18
1.18
1.18
1.19
1.19
1.19
1.2
1.2
1.2
1.2
1.21
1.22
1.22
1.22
1.23
1.23
1.24
1.23
1.24
1.25
1.26
1.26
1.28
1.29
1.3
1.31
1.33
1.34
1.35
1.37
1.39
1.4
1.42
1.44
1.46
1.47
1.49
1.51
1.53
1.55
1.57
1.6
1.63
1.65
1.68
1.72
1.75
1.79
1.81
1.85
1.89
1.94
1.98
2.03
2.09
2.13
2.2
2.26
2.34
2.4
2.42
2.39
2.38
2.35
2.34
2.33
2.31
2.3
2.28
2.27
2.25
2.24
2.23
2.22
2.2
2.2
2.19
2.18
2.16
2.16
2.16
2.16
2.14
2.15
2.14
2.14
2.14
2.14
2.14
2.14
2.14
2.15
2.15
2.15
2.15
2.15
2.16
2.16
2.17
2.18
2.19
2.2
2.2
2.22
2.23
2.24
2.24
2.26
2.28
2.29
2.31
0.97
0.93
0.9
0.86
0.82
0.8
0.77
0.74
0.73
0.71
0.69
0.67
0.66
0.65
0.63
0.62
0.61
0.6
0.58
0.57
0.56
0.56
0.54
0.53
0.52
0.52
0.51
0.51
0.51
0.49
0.49
0.48
0.48
0.47
0.46
0.46
0.46
0.45
0.45
0.44
0.44
0.43
0.43
0.43
0.43
0.43
0.43
0.43
0.42
0.42
0.42
0.42
0.42
0.42
0.41
0.41
0.41
0.41
0.4
0.4
0.4
0.4
0.4
0.4
0.4
0.4
