2.01
2.1
2.18
2.27
2.38
2.49
2.62
2.76
2.9
2.89
2.87
2.86
2.85
2.85
2.84
2.83
2.82
2.81
2.81
2.8
2.79
2.79
2.78
2.78
2.78
2.78
2.78
2.79
2.79
2.8
2.8
2.81
2.82
2.83
2.83
2.85
2.85
2.86
2.87
2.89
2.9
2.92
2.94
2.95
2.97
1.33
1.3
3.02
3.05
3.06
3.09
3.12
2.23
3.18
3.21
81.83
1.86
1.89
0.79
0.74
3.43
3.49
3.51
3.57
3.62
3.68
3.61
3.53
3.47
3.4
3.35
3.31
3.25
3.19
3.15
1.97
3.06
3.03
2.98
2.94
2.91
2.87
2.83
2.81
2.77
2.75
2.73
2.71
2.69
1.7
2.63
2.61
1.03
1.0
0.99
0.97
81.83
81.83
81.83
2.49
2.48
2.46
2.45
2.45
2.44
2.44
2.43
2.42
2.42
2.41
2.41
2.41
2.4
2.4
2.4
1.09
1.05
2.41
2.41
2.41
2.41
2.42
2.43
2.43
2.44
2.44
2.45
2.46
2.47
2.44
2.28
2.14
2.03
1.92
1.83
1.75
1.67
1.61
1.55
1.49
1.44
1.39
1.34
1.31
1.26
1.23
1.18
1.16
1.12
1.1
1.07
1.04
1.01
0.99
0.98
0.95
0.93
0.92
0.9
0.88
0.86
0.84
0.84
0.82
0.82
0.81
0.79
0.77
0.77
0.76
0.75
0.74
0.73
0.72
0.71
0.71
0.7
0.69
0.68
0.68
