1.71
1.72
1.74
1.75
1.76
1.78
1.79
1.81
1.82
1.84
1.73
1.39
1.89
1.91
1.93
1.96
1.97
1.83
1.8
1.76
1.73
1.7
1.68
1.64
1.62
1.6
1.58
1.55
1.53
1.51
1.51
1.48
1.46
1.45
1.46
1.48
1.49
1.5
1.55
1.61
1.68
1.73
1.8
1.88
1.95
2.05
2.14
2.27
2.39
2.51
2.67
2.84
7.12
7.05
6.96
6.88
6.81
6.74
6.68
6.6
6.56
6.5
6.45
6.39
6.34
6.3
6.25
6.21
6.16
6.13
6.09
6.06
6.03
6.01
5.98
5.96
5.94
5.91
5.89
5.88
5.87
5.86
5.85
5.84
5.84
6.76
7.0
9.49
9.35
9.03
10.39
10.13
9.89
9.66
9.66
5.79
5.12
4.62
4.19
3.83
3.55
3.53
3.55
3.57
3.59
3.83
3.85
3.86
2.35
2.25
2.15
2.06
1.97
1.91
1.84
1.77
1.72
1.67
1.62
1.57
1.53
1.49
1.44
1.41
1.38
1.35
1.33
1.28
1.25
1.23
1.2
1.18
1.16
1.13
1.13
1.09
1.08
1.06
1.05
1.04
1.03
1.01
1.0
0.99
0.98
0.98
0.96
0.96
0.94
0.93
0.92
0.92
0.92
0.9
0.91
0.89
0.9
0.88
0.88
0.87
0.86
0.86
0.85
0.85
0.86
0.85
0.85
0.84
0.84
0.84
0.84
0.84
0.84
0.84
0.84
0.83
0.84
0.83
0.83
0.83
