2.53
2.5
2.43
2.26
2.33
2.41
2.47
5.15
5.13
5.11
5.09
5.08
5.06
5.05
7.45
7.52
7.91
8.36
8.86
9.45
10.09
10.94
11.03
11.34
14.09
15.88
16.03
81.83
23.41
2.15
1.93
2.11
1.51
1.47
1.49
1.49
1.48
1.49
1.49
1.48
1.47
1.49
1.5
1.51
1.52
1.52
1.54
2.15
2.17
2.18
2.19
2.2
2.21
2.22
2.23
2.25
2.26
2.28
2.3
2.31
2.34
2.37
2.38
2.39
2.42
2.45
2.47
2.07
1.29
1.39
1.43
1.35
1.36
1.39
1.37
1.17
1.15
1.39
1.41
1.42
1.55
3.12
1.49
1.46
2.97
2.92
2.88
2.84
2.81
2.77
2.73
2.7
2.67
2.63
2.61
2.59
2.57
2.54
2.52
2.51
2.48
2.47
2.45
2.44
2.41
2.42
2.4
2.38
2.37
2.36
2.34
1.58
1.56
1.55
1.53
1.52
1.51
1.52
1.54
1.54
1.53
1.52
1.51
1.52
1.51
1.51
1.51
1.52
1.53
1.55
1.54
1.52
1.52
1.54
1.56
1.57
1.57
1.58
1.6
1.6
1.6
2.37
2.38
2.39
2.41
2.42
2.43
2.45
2.49
2.5
2.52
2.53
2.56
2.59
1.36
1.26
1.23
1.24
1.24
1.26
1.28
1.36
2.87
2.92
1.25
1.19
1.16
1.12
1.11
3.13
3.08
3.02
2.97
2.91
2.87
2.84
2.78
2.75
2.71
2.67
