0.61
0.62
0.62
0.62
0.62
0.63
0.63
0.64
0.63
0.63
0.63
0.64
0.64
0.64
0.64
0.65
0.65
0.65
0.65
0.66
0.66
0.66
0.67
0.67
0.67
0.69
0.7
0.71
0.71
0.71
0.72
0.73
6.21
6.29
6.3
6.16
5.95
5.93
4.66
4.59
4.51
4.44
4.36
4.29
2.17
2.15
2.14
2.11
2.08
2.06
2.05
2.03
2.01
2.0
1.98
1.72
1.71
1.69
1.67
1.65
1.64
1.62
1.6
1.6
1.67
1.73
1.83
1.91
2.02
2.14
2.26
2.41
2.59
2.78
2.99
3.25
3.55
3.97
4.41
4.98
5.75
7.43
7.42
7.41
7.41
7.41
7.41
7.41
7.41
7.41
7.39
7.42
7.44
7.46
7.46
7.5
7.51
7.52
7.56
7.6
3.24
3.2
3.13
3.08
3.07
3.13
3.18
3.25
3.3
3.36
3.43
3.51
3.56
3.54
3.44
3.33
3.3
3.26
3.15
3.13
3.02
2.85
2.78
2.72
2.69
2.52
2.64
2.72
2.75
2.81
2.83
2.89
2.92
81.83
81.83
81.83
81.83
81.83
3.17
81.83
81.83
81.83
81.83
81.83
81.83
81.83
3.9
3.92
6.05
6.0
5.95
5.38
5.19
5.81
5.77
5.74
5.71
5.69
5.93
6.86
6.87
1.55
1.54
1.54
1.54
1.54
1.53
1.52
1.52
1.52
1.51
1.51
1.52
1.52
1.51
1.51
1.51
1.52
1.51
1.51
