5.3
5.28
5.27
5.27
5.25
5.21
3.47
3.47
3.47
3.48
3.52
4.17
3.8
3.17
3.15
3.15
3.15
3.14
3.13
3.13
3.12
3.1
3.1
3.12
3.12
3.13
3.13
3.14
3.15
3.16
3.13
3.14
3.15
3.16
3.18
3.18
3.19
3.21
3.22
3.24
3.25
3.26
3.28
3.29
3.29
3.32
3.3
3.33
3.12
3.14
81.83
81.83
81.83
81.83
81.83
81.83
81.83
81.83
81.83
3.78
3.65
81.83
81.83
3.57
7.49
6.81
9.21
6.64
4.63
9.38
9.39
7.06
5.01
4.25
4.15
4.1
4.14
4.17
4.17
4.15
4.16
4.46
4.5
7.85
10.95
7.52
10.92
11.3
11.31
7.3
11.29
81.83
81.83
2.07
2.1
81.83
81.83
5.89
5.8
81.83
81.83
81.83
81.83
2.27
2.28
2.27
2.25
2.25
2.24
2.23
2.32
1.83
2.23
2.96
2.95
2.93
2.92
2.91
2.9
2.89
2.88
2.87
2.86
2.85
2.86
2.85
2.85
2.85
2.85
2.85
2.85
2.85
2.85
2.85
2.86
2.86
2.87
2.88
2.89
2.9
2.91
2.91
2.92
2.94
2.95
2.95
2.97
2.99
3.01
3.02
3.05
3.07
3.09
3.1
3.13
3.16
3.19
3.19
3.17
3.14
3.13
3.11
3.1
3.08
3.06
3.04
3.03
3.02
3.01
3.0
2.99
0.76
0.74
0.73
0.74
0.74
0.73
0.73
0.73
0.74
