1.52
1.52
1.52
1.52
1.51
1.51
1.52
1.53
1.53
1.53
1.54
1.54
1.55
1.55
1.57
1.57
1.58
1.59
1.6
1.61
1.62
1.63
1.63
1.65
1.66
1.68
1.7
1.7
1.72
1.73
1.75
1.77
1.79
1.82
1.84
1.86
1.89
1.92
1.94
1.97
2.0
2.03
2.07
2.09
2.14
2.18
2.22
2.27
2.31
2.37
2.43
2.49
2.54
2.61
2.69
2.77
2.85
2.95
3.06
3.17
3.28
3.41
3.56
3.75
3.96
4.21
4.5
4.85
5.33
6.02
15.31
15.27
12.64
12.62
12.6
12.6
12.59
12.58
12.58
12.59
12.6
12.61
10.81
8.9
7.49
6.74
6.76
5.18
4.71
4.3
3.96
3.66
3.43
3.25
3.03
2.86
2.71
2.57
2.45
2.34
2.25
2.16
2.07
1.99
1.92
1.85
1.8
1.73
1.68
1.62
1.58
1.54
1.5
1.46
1.42
1.39
1.35
1.33
1.29
1.27
1.26
1.23
1.2
1.18
1.16
1.15
1.12
1.12
1.11
1.1
1.15
1.18
1.21
1.24
1.26
1.3
3.52
3.49
6.07
6.0
5.95
5.88
4.6
5.8
4.96
5.72
5.67
5.65
5.61
5.57
5.54
5.51
5.48
5.45
4.71
4.69
4.68
4.65
4.63
5.32
5.34
5.4
5.39
3.91
5.09
5.37
5.37
5.37
5.32
5.3
5.31
5.31
5.31
5.32
5.33
5.34
5.35
5.08
4.82
4.82
