2.35
2.35
2.35
2.36
2.35
2.35
2.35
2.35
2.36
2.36
2.17
2.16
2.17
2.18
2.2
2.21
2.22
2.22
2.23
2.23
2.24
2.26
2.47
2.48
2.51
2.52
2.54
2.56
2.58
2.59
2.62
2.65
2.67
2.69
2.72
2.75
2.77
2.81
2.85
2.88
2.92
2.96
3.0
3.05
3.09
3.13
3.18
3.24
3.28
3.33
3.39
3.45
3.53
3.59
3.67
3.75
3.83
3.92
4.02
4.1
4.12
4.07
4.02
3.99
3.94
3.9
3.87
3.83
3.81
2.24
2.23
2.21
2.21
2.3
2.42
2.55
2.69
2.84
3.03
3.25
3.46
3.74
6.15
6.14
6.12
6.11
6.11
9.88
10.49
10.49
10.61
10.6
9.63
9.41
10.59
9.84
6.05
6.07
6.08
6.09
6.1
6.11
6.13
6.14
81.83
81.83
81.83
81.83
81.83
81.83
81.83
81.83
2.43
2.61
2.81
3.48
2.13
3.53
3.76
3.74
3.78
2.75
3.3
3.25
3.21
2.64
2.61
3.09
3.06
3.08
3.17
3.27
3.36
3.48
3.57
3.79
3.76
3.74
3.72
3.36
3.01
3.63
3.29
3.14
3.13
3.11
1.15
1.12
1.24
2.78
2.77
2.77
2.81
2.72
2.71
2.7
2.7
2.77
3.39
3.33
0.98
0.98
3.36
3.36
3.36
2.38
2.33
3.36
3.36
3.37
3.37
3.37
2.27
2.27
3.39
1.25
2.16
1.58
1.58
1.61
