1.72
1.68
1.63
1.59
1.55
1.5
1.47
1.44
1.43
1.45
1.47
1.51
1.53
1.55
1.58
1.61
6.8
6.91
7.04
7.17
7.24
5.34
5.32
6.95
6.85
6.77
6.68
6.61
5.63
5.58
5.52
5.46
5.4
5.37
5.32
5.27
5.21
5.16
3.46
3.45
3.43
3.42
3.41
3.39
3.38
3.38
3.35
3.34
3.2
3.14
3.12
3.11
3.07
3.08
3.35
3.41
3.4
3.39
3.39
3.39
3.38
3.39
3.39
3.39
3.39
3.4
5.6
5.62
5.63
5.64
5.65
5.67
5.69
5.71
5.73
5.75
5.79
5.81
5.84
5.86
5.9
5.68
5.42
5.2
5.0
4.81
4.64
4.48
4.34
4.21
4.08
3.96
3.84
3.73
3.65
3.55
3.46
3.39
3.31
3.24
3.18
3.11
3.05
3.0
3.01
3.06
3.11
3.18
5.84
5.78
5.37
5.37
4.22
4.13
4.0
3.96
3.93
3.93
4.08
4.2
4.3
4.44
4.57
2.21
2.19
2.17
2.15
2.13
2.11
2.11
2.09
2.09
3.06
3.04
3.03
3.01
3.0
2.99
3.94
3.92
3.93
4.74
4.74
4.75
4.74
4.73
4.72
4.71
4.71
4.71
4.71
4.71
4.69
4.8
4.81
4.81
4.82
4.83
4.84
4.85
4.86
4.88
4.9
4.82
4.82
3.33
3.12
2.93
2.77
2.63
2.51
2.39
2.29
2.2
2.12
2.03
1.96
1.91
1.85
1.78
