0.67
0.67
1.28
1.29
1.3
1.3
1.3
1.31
1.31
1.32
1.28
1.29
1.29
1.3
1.31
1.43
1.44
1.45
1.46
1.47
1.48
1.48
1.49
1.5
1.51
1.53
1.54
1.55
1.57
1.59
1.6
1.62
1.64
1.65
1.68
1.69
1.72
1.74
1.77
1.79
1.82
1.84
1.88
1.9
1.92
1.96
2.0
2.03
2.07
2.12
2.15
2.2
2.25
2.3
2.36
2.41
2.48
2.54
2.54
2.52
2.53
2.58
2.71
2.81
2.9
3.02
3.13
3.26
3.39
3.54
3.7
3.89
4.1
4.35
4.63
4.94
5.27
5.67
5.99
5.97
5.95
8.18
9.17
10.58
10.31
81.83
17.4
17.53
18.61
18.64
21.04
7.19
6.92
6.93
6.94
6.96
6.96
6.98
7.0
7.02
5.3
4.85
4.46
4.12
3.85
3.6
3.41
3.2
3.03
2.87
2.73
2.61
2.5
2.4
2.3
2.23
2.13
2.05
1.99
1.93
1.86
1.81
1.78
1.73
1.68
1.64
1.6
1.56
1.52
1.5
1.52
1.55
1.58
1.6
1.63
1.66
1.72
1.79
1.83
1.86
1.88
1.93
1.97
2.01
2.07
4.33
4.28
4.24
4.19
4.14
4.1
4.06
4.02
3.98
3.95
3.92
3.89
3.87
3.84
3.81
3.78
3.76
3.74
3.73
3.7
3.68
3.67
3.66
3.64
3.62
3.61
3.61
3.6
3.58
3.51
3.57
3.57
3.56
3.56
3.55
