81.83
3.65
3.63
3.59
3.3
3.18
1.63
1.64
2.47
1.93
2.7
2.62
0.99
0.98
0.96
2.37
2.31
2.26
2.22
2.19
2.19
2.22
2.26
2.29
2.33
2.37
2.39
0.96
0.94
0.94
2.55
2.51
1.95
2.03
1.67
1.66
1.64
1.62
1.62
1.27
1.26
1.59
1.58
1.62
1.71
1.82
1.95
2.18
2.32
2.53
2.81
6.0
6.01
13.14
12.63
12.14
3.35
3.36
10.88
10.55
10.22
9.9
9.62
9.35
9.25
9.37
81.83
11.67
11.91
81.83
12.09
13.41
13.51
81.83
12.32
13.46
13.24
13.09
81.83
81.83
81.83
81.83
81.83
4.56
4.7
4.63
81.83
81.83
81.83
81.83
81.83
3.94
6.53
6.99
6.03
6.96
5.9
2.52
2.5
2.48
2.47
2.46
2.44
2.39
2.33
2.31
2.34
2.37
2.4
2.45
6.43
8.44
6.9
6.23
5.37
3.14
6.65
5.62
81.83
81.83
8.59
6.37
1.58
8.22
8.11
7.99
7.86
4.67
7.66
7.55
7.48
1.61
81.83
81.83
81.83
81.83
81.83
81.83
81.83
81.83
81.83
81.83
81.83
81.83
81.83
81.83
81.83
81.83
81.83
81.83
1.33
1.32
1.33
1.32
1.31
1.32
1.3
1.29
1.29
1.15
1.01
1.12
1.24
1.27
1.27
1.23
1.08
1.24
1.24
1.23
1.26
1.26
1.25
1.26
1.26
1.26
1.26
1.26
1.25
1.24
