0.47
0.46
0.46
0.46
0.46
0.46
0.46
0.45
0.47
0.47
0.48
0.48
0.48
0.48
0.48
0.48
0.48
0.48
0.48
0.47
0.49
0.48
0.48
0.46
0.48
0.5
0.48
0.48
0.48
0.49
0.49
0.5
0.51
0.52
0.52
0.52
0.52
0.52
0.54
0.55
0.55
0.57
0.58
0.57
0.57
0.58
0.6
0.63
0.63
0.64
0.64
0.64
0.87
0.89
0.92
0.94
0.96
0.99
1.01
1.04
1.07
1.1
1.14
1.18
1.23
1.26
1.27
1.32
1.38
1.42
1.49
1.54
1.6
1.68
1.85
3.37
7.77
7.74
7.69
7.65
7.62
7.59
6.23
6.13
6.34
7.06
7.87
10.1
10.12
14.49
14.53
13.37
13.4
13.4
10.01
10.01
7.66
6.42
2.59
2.13
1.83
1.83
1.74
1.67
1.67
1.71
1.7
1.56
1.46
1.37
1.28
1.2
1.14
1.09
1.03
0.99
0.94
0.9
0.86
0.83
0.79
0.77
0.75
0.72
0.7
0.67
0.67
0.65
0.63
0.61
0.6
0.58
0.57
0.55
0.55
0.54
0.52
0.52
0.51
0.5
0.49
0.48
0.48
0.47
0.47
0.47
0.46
0.46
0.45
0.45
0.44
0.44
0.43
0.43
0.43
0.42
0.42
0.42
0.41
0.41
0.4
0.39
0.38
0.38
0.38
0.38
0.38
0.38
0.37
0.37
0.37
0.36
0.37
0.36
0.36
0.37
0.36
0.36
0.36
0.36
