1.08
1.08
1.08
1.09
1.09
1.09
1.1
1.11
1.11
1.12
1.13
1.14
1.13
1.14
1.15
1.16
1.17
1.17
1.19
1.2
1.21
1.23
1.23
1.24
1.26
1.28
1.29
1.32
1.32
1.33
1.36
1.37
1.4
1.42
1.44
1.47
1.49
1.51
1.53
1.56
1.59
1.62
1.66
1.69
1.73
1.76
1.47
1.85
1.9
1.95
2.01
2.07
2.13
2.2
2.28
2.34
2.39
2.37
2.37
2.35
2.34
2.32
2.29
2.35
2.47
2.61
2.77
2.96
3.16
3.42
3.7
4.04
4.41
4.87
5.45
9.65
8.68
8.66
9.92
9.89
9.89
9.89
12.29
12.31
81.83
12.32
5.18
4.42
3.8
3.27
2.86
2.54
2.3
2.1
1.95
1.79
1.66
1.55
1.46
1.38
1.3
1.23
1.17
1.11
1.06
1.02
0.96
0.93
0.89
0.86
0.82
0.79
0.77
0.73
0.72
0.7
0.68
0.65
0.64
0.63
0.61
0.6
0.59
0.58
0.57
0.55
0.54
0.54
0.52
0.53
0.52
0.51
0.51
0.5
0.49
0.49
0.49
0.48
0.47
0.47
0.46
0.45
0.46
0.45
0.45
0.45
0.45
0.44
0.44
0.43
0.44
0.43
0.43
0.43
0.42
0.42
0.42
0.42
0.42
0.42
0.42
0.42
0.42
0.42
0.41
0.41
0.42
0.42
0.43
0.42
0.42
0.43
0.43
0.42
0.42
0.42
0.42
0.42
0.41
0.42
