2.23
2.24
2.25
5.08
5.1
5.23
5.24
5.28
5.31
5.33
5.37
5.4
5.43
5.48
5.41
5.45
5.5
5.55
5.58
7.96
4.02
3.9
3.8
3.7
3.61
3.52
3.44
3.37
3.28
3.23
3.16
3.1
3.03
2.98
2.92
2.88
2.83
2.78
2.74
2.71
2.67
2.63
2.59
2.57
2.53
2.49
2.48
2.45
2.42
2.39
2.38
2.35
2.32
2.31
2.31
2.33
2.37
2.42
2.46
2.51
2.57
2.62
2.69
2.77
2.84
2.91
3.0
3.1
3.18
3.29
3.4
3.52
3.67
3.82
4.0
4.22
4.46
4.73
5.1
5.56
6.17
81.83
19.49
23.03
22.67
23.36
23.36
17.17
9.59
8.04
7.31
6.66
6.13
5.67
5.3
4.96
4.66
4.4
4.18
4.01
4.02
4.08
6.6
6.65
3.11
3.06
2.94
2.89
2.91
2.94
2.97
3.0
3.04
3.07
3.11
3.14
3.19
3.23
3.28
3.32
3.36
3.41
3.47
3.52
3.57
3.63
3.7
3.78
3.84
3.92
4.0
4.08
4.17
4.28
4.38
4.49
4.59
4.72
4.84
4.97
5.12
5.28
5.28
2.12
2.1
2.08
2.07
2.05
2.04
2.03
2.01
0.95
0.95
0.95
0.94
0.94
0.93
0.93
0.93
0.92
0.91
0.9
0.9
0.91
0.92
0.92
0.95
2.18
2.18
2.17
2.17
2.17
2.17
2.18
2.19
2.18
2.17
2.16
2.18
2.2
