3.93
4.18
5.22
5.22
5.19
4.76
5.22
5.22
5.22
5.22
5.22
5.09
4.54
4.49
4.49
4.73
4.48
4.48
4.49
4.53
4.56
4.49
4.49
5.33
5.36
4.21
1.48
1.46
1.42
1.38
1.37
1.34
1.3
1.28
1.24
1.23
1.06
1.03
1.0
0.98
0.95
0.93
0.88
0.85
0.85
0.85
0.86
0.88
0.88
0.91
0.91
0.93
0.95
0.97
0.98
1.0
1.02
1.04
1.07
1.11
1.12
1.16
1.19
1.24
1.27
1.3
1.36
1.4
1.44
1.5
1.55
1.62
1.68
1.76
1.85
1.94
2.03
2.15
2.25
2.38
2.54
2.71
2.93
3.18
3.42
3.74
4.13
4.63
5.21
6.55
7.3
9.08
12.47
12.46
12.45
12.44
12.45
12.46
12.46
12.48
8.18
8.02
8.03
8.13
8.23
8.34
8.36
7.17
7.19
7.28
5.48
5.17
4.87
4.6
4.36
4.15
3.95
3.8
3.65
3.51
3.39
3.28
3.16
3.06
2.97
2.9
2.8
2.72
2.65
2.59
2.52
2.47
2.41
2.35
2.31
2.26
2.22
2.18
2.13
2.1
2.06
2.02
1.99
1.96
1.93
1.91
1.88
1.86
1.83
1.8
1.79
1.76
1.74
1.72
1.71
1.69
1.67
1.65
1.63
1.63
1.61
1.6
1.59
1.57
1.56
1.55
1.54
1.54
1.54
1.53
1.52
1.51
1.51
1.5
1.49
1.49
1.48
1.48
1.47
1.47
