2.59
2.8
3.04
3.32
3.73
4.38
21.34
22.07
22.07
15.88
81.83
13.11
8.35
8.35
7.15
6.65
6.25
5.88
5.56
5.27
5.02
4.79
4.57
4.38
4.22
4.05
3.91
3.77
3.64
3.52
3.42
3.31
3.23
3.13
3.04
2.98
3.0
3.01
6.01
6.08
6.17
6.25
6.35
5.48
6.55
4.5
81.83
6.92
2.25
2.24
2.19
2.17
2.12
2.1
2.09
2.12
2.17
2.23
2.3
2.36
2.43
2.51
2.58
2.68
2.76
2.86
2.97
3.09
3.21
3.35
3.5
3.65
3.84
4.06
4.31
4.59
4.88
5.2
5.17
5.15
5.15
5.13
5.12
5.1
5.1
5.09
5.08
5.08
5.07
5.07
5.06
5.06
5.06
5.07
5.08
3.89
3.15
2.7
2.39
2.35
2.32
2.33
2.34
2.34
2.36
2.37
2.37
2.38
2.39
2.4
2.41
2.43
2.45
2.47
2.5
2.43
2.34
2.26
2.19
2.1
2.04
1.98
1.93
1.86
1.81
1.77
1.72
1.68
1.63
1.62
1.68
1.72
1.75
1.78
1.82
6.94
7.06
7.19
7.31
7.45
7.45
5.53
5.59
7.13
7.03
6.96
6.88
6.79
5.83
5.75
5.7
5.64
5.6
5.54
5.49
5.42
5.34
3.66
3.64
3.63
3.61
3.59
3.59
3.56
3.55
3.54
3.37
3.31
3.29
3.29
3.25
3.37
3.57
3.56
3.55
3.54
3.54
3.54
3.53
3.52
