3.06
3.04
3.04
2.03
1.98
1.98
1.96
1.95
1.93
1.94
1.95
1.95
1.95
1.93
1.92
1.9
1.9
1.88
1.88
1.89
1.9
1.89
2.28
2.49
2.39
2.43
2.53
4.73
4.72
4.7
4.69
4.68
4.67
4.67
4.67
4.67
4.67
4.66
4.67
4.67
4.67
4.67
4.67
4.67
4.68
4.69
4.71
4.72
4.73
4.76
4.77
4.77
4.79
4.82
4.84
4.87
4.9
4.92
7.36
7.32
7.29
7.26
7.22
7.2
7.17
7.14
6.45
6.44
5.95
7.67
7.64
7.03
7.02
7.03
7.12
81.83
81.83
81.83
17.75
17.86
19.39
19.07
19.02
81.83
10.18
10.18
81.83
7.99
7.87
7.74
5.85
5.82
3.43
2.21
2.21
1.97
1.95
1.93
1.92
1.9
1.88
1.87
1.86
1.86
1.91
2.02
2.09
2.09
2.07
2.06
2.05
2.04
2.02
2.0
1.93
1.9
1.87
1.86
1.86
1.86
1.84
1.84
1.86
1.87
1.86
1.86
1.86
2.0
1.73
1.35
1.35
1.63
1.96
1.99
2.04
2.62
2.63
2.62
2.63
2.65
2.66
2.67
2.68
2.7
2.7
2.72
2.73
2.75
2.77
2.78
2.8
2.81
2.83
2.86
2.89
2.92
2.9
2.91
3.0
3.04
3.07
3.11
3.15
3.18
3.22
3.14
3.07
2.13
2.09
0.88
0.86
0.86
0.85
0.84
0.84
0.83
0.83
0.82
0.82
0.81
