0.55
0.55
0.55
0.55
0.54
0.53
0.53
0.53
0.53
0.52
0.52
0.52
0.52
0.52
0.52
0.51
0.51
0.51
0.51
0.51
0.51
0.5
0.5
0.5
0.5
0.51
0.51
0.5
0.5
0.5
0.51
0.51
0.51
0.5
0.51
0.51
0.51
0.51
0.52
0.52
0.53
0.52
0.52
0.52
0.53
0.53
0.53
0.54
0.54
0.54
0.55
0.55
0.55
0.57
0.56
0.57
0.58
0.58
0.59
0.59
0.61
0.6
0.6
0.62
0.62
0.63
0.64
0.64
0.66
0.67
0.67
0.69
0.71
0.71
0.73
0.75
0.76
0.77
0.78
0.8
0.82
0.85
0.87
0.9
0.92
0.96
0.98
1.03
1.06
1.09
1.14
1.19
1.25
1.3
1.36
1.43
1.48
1.56
1.66
1.75
1.85
1.99
2.13
2.31
2.51
2.73
3.02
3.37
3.83
4.47
5.09
7.61
7.59
7.6
7.6
9.97
9.99
9.81
9.81
9.81
10.11
10.12
10.14
10.26
12.47
12.5
12.54
12.59
12.63
12.42
11.62
10.92
4.08
3.29
2.93
2.63
2.4
2.21
2.05
1.92
1.81
1.72
1.63
1.56
1.5
1.45
1.4
1.36
1.3
1.27
1.22
1.19
1.16
1.13
1.11
1.07
1.04
1.03
1.0
0.98
0.96
0.94
0.92
0.9
0.89
0.88
0.86
0.84
0.82
0.81
0.8
0.79
0.78
0.77
0.76
0.75
0.74
0.73
0.72
0.71
