0.75
0.83
4.16
4.15
4.16
4.17
4.19
4.2
4.2
4.21
4.23
4.24
4.26
4.22
3.96
3.73
3.52
3.35
3.18
3.03
2.9
2.78
2.67
2.57
2.48
2.38
1.99
1.92
1.86
1.79
1.74
1.68
1.63
1.59
1.54
1.49
1.45
1.42
1.4
1.36
1.32
1.3
1.28
1.3
1.31
1.29
1.25
1.24
1.23
1.22
1.22
1.23
1.29
1.32
1.34
1.38
1.42
3.13
3.08
3.12
3.21
3.32
3.43
3.55
3.7
3.85
4.02
4.19
4.38
4.59
4.83
5.11
5.4
5.73
6.12
6.54
7.08
8.99
8.96
9.32
10.41
14.68
14.66
15.51
14.1
14.09
10.95
10.94
10.94
8.15
8.18
8.22
8.26
8.29
7.85
5.93
5.18
4.59
2.32
2.33
2.34
2.35
2.36
2.31
2.38
2.38
2.29
2.18
2.08
1.99
1.9
1.81
1.75
1.68
1.62
1.56
1.5
1.45
1.41
1.38
1.34
1.29
1.27
1.24
1.2
1.17
0.91
1.13
1.1
1.08
1.05
1.03
1.02
0.99
0.97
0.96
0.95
0.94
0.93
0.9
0.89
0.88
0.88
0.86
0.85
0.84
0.83
0.82
0.81
0.8
0.8
0.8
0.79
0.79
0.78
0.77
0.76
0.76
0.75
0.75
0.75
0.74
0.73
0.73
0.72
0.72
0.72
0.71
0.71
0.71
0.71
0.7
0.7
0.7
0.7
0.7
0.7
0.7
0.7
0.7
