1.63
1.62
1.61
1.6
1.58
1.58
1.57
1.56
1.55
1.54
1.53
1.53
1.51
1.51
1.5
1.5
1.48
1.48
1.47
1.46
1.46
1.45
1.45
1.45
1.44
1.46
1.46
1.46
1.46
1.45
1.44
1.44
1.45
1.45
1.46
1.47
1.47
1.49
1.48
1.5
1.5
1.51
1.52
1.53
1.53
1.55
1.55
1.57
1.58
1.58
1.59
1.63
1.65
1.66
1.67
1.69
1.7
1.72
1.74
1.75
1.54
1.49
1.46
1.42
1.39
1.35
1.32
1.29
1.27
1.24
1.22
1.2
1.18
1.15
1.14
1.11
1.09
1.08
1.07
1.05
1.04
1.03
1.02
1.0
0.99
0.98
0.97
0.96
0.94
0.94
0.92
0.93
0.94
1.03
1.09
81.83
1.17
1.21
1.26
1.31
1.24
1.23
1.23
1.22
1.21
1.21
1.2
1.2
1.2
1.22
1.33
1.28
1.18
1.17
1.15
1.15
1.0
0.94
0.92
0.91
0.9
0.88
0.87
0.87
0.86
0.85
0.84
0.83
0.82
0.81
0.81
0.8
0.8
0.79
0.79
0.78
0.78
0.77
0.77
0.77
0.76
0.76
0.75
0.75
0.75
0.74
0.74
0.74
0.74
0.73
0.73
0.74
0.74
0.75
0.75
0.74
0.74
0.75
0.75
0.74
0.74
0.73
0.73
0.74
0.74
0.74
0.74
0.75
0.75
0.76
0.76
0.76
0.77
0.77
0.78
0.78
0.79
0.8
0.8
0.8
