1.77
1.77
1.77
1.92
1.86
1.87
1.91
1.92
1.92
1.94
2.43
2.63
2.66
2.67
2.68
2.7
2.73
2.74
2.75
2.77
2.8
2.82
2.86
2.88
2.91
2.93
2.98
3.01
3.05
1.56
1.52
1.51
1.56
3.16
3.1
3.02
2.96
2.91
2.86
2.81
2.75
2.71
2.67
2.63
2.59
2.55
2.52
2.48
2.45
2.42
2.4
2.37
2.35
2.33
2.3
2.27
2.27
2.24
2.22
2.21
2.19
2.18
2.16
2.14
2.07
1.3
1.29
1.28
1.27
1.27
1.26
1.26
1.25
1.24
1.23
1.22
1.21
1.21
1.22
1.23
1.22
1.22
1.21
2.12
2.14
2.14
2.14
2.14
2.15
2.15
2.15
2.15
2.16
2.16
2.17
2.18
2.1
1.85
1.84
2.21
2.22
2.24
2.25
2.27
2.28
1.09
1.05
1.06
2.23
2.23
2.23
2.25
2.27
2.2
2.14
2.07
2.01
1.95
1.9
1.85
1.8
1.77
1.69
1.7
1.74
1.77
1.79
1.82
1.85
1.89
1.91
1.95
3.03
3.1
3.16
3.23
3.3
3.38
3.46
3.54
3.63
3.74
3.84
3.87
3.84
3.79
3.75
3.73
3.7
3.66
3.6
3.53
2.21
2.21
2.95
2.93
2.91
2.89
2.93
3.26
3.44
3.43
3.42
3.41
3.39
3.39
3.38
3.37
2.62
2.62
2.62
2.62
2.62
2.61
2.6
2.61
2.62
2.62
2.63
2.62
