2.53
2.51
2.48
2.46
2.43
2.4
2.38
2.36
2.35
2.33
2.31
2.29
2.28
2.26
2.25
2.23
2.22
2.21
2.2
2.19
2.17
2.17
2.16
2.15
2.15
2.14
2.14
2.14
2.16
4.79
4.78
4.78
4.78
4.78
4.78
4.78
4.8
4.47
4.82
4.72
4.84
4.83
4.57
4.87
4.64
4.61
4.57
4.61
4.68
4.97
5.02
5.04
5.06
5.1
2.63
2.5
2.38
2.38
2.39
2.41
2.44
2.46
2.47
2.5
2.52
2.55
2.58
2.61
2.65
2.68
2.71
2.76
2.78
2.84
2.88
2.92
2.97
3.03
3.09
3.13
3.19
3.24
3.31
3.39
3.46
3.53
3.62
3.7
3.8
3.9
4.01
4.13
4.24
4.37
4.5
4.65
4.8
4.99
5.18
5.37
5.58
5.82
6.08
7.45
7.4
7.36
7.32
7.3
7.26
7.23
7.2
7.16
7.42
8.37
9.09
10.22
11.67
13.98
2.25
2.13
2.0
1.91
1.83
1.75
1.68
1.62
1.57
1.5
1.46
1.41
1.36
1.33
1.28
1.25
1.22
1.19
1.15
1.12
1.1
1.08
1.05
1.03
1.01
0.98
0.97
0.96
0.96
0.96
0.95
0.95
0.96
0.98
1.01
1.03
1.06
1.09
1.1
1.13
1.17
1.2
1.24
1.26
1.3
1.35
1.38
1.44
1.54
1.53
1.51
1.5
1.49
1.48
1.47
1.45
1.44
1.44
1.43
1.43
1.42
1.41
