1.25
1.25
1.25
1.27
1.26
1.27
1.27
1.26
1.26
1.25
1.25
1.26
1.26
1.26
1.28
1.28
1.3
1.3
1.31
1.32
1.32
1.32
1.33
1.33
1.34
1.34
1.36
1.38
1.38
1.38
1.38
1.39
1.41
1.42
1.43
1.45
1.48
1.48
1.5
1.52
1.54
1.54
1.55
1.57
1.61
1.61
1.65
1.66
1.67
1.71
1.73
1.74
1.78
81.83
81.83
81.83
81.83
81.83
81.83
81.83
81.83
81.83
81.83
81.83
2.7
2.83
2.85
2.87
3.21
3.23
3.27
3.68
3.72
3.72
3.64
3.55
3.57
5.78
7.29
7.37
7.15
6.43
6.24
6.24
6.32
6.28
6.24
6.24
6.29
8.27
8.44
7.31
8.6
7.72
7.19
7.85
7.98
7.13
7.03
6.64
6.57
6.54
6.63
6.78
4.72
4.69
4.69
4.66
4.64
4.61
4.5
4.46
4.41
4.51
4.75
4.99
5.29
5.66
6.02
6.47
6.99
7.58
8.3
9.12
10.3
11.69
81.83
16.1
16.1
16.08
16.08
16.06
11.65
11.6
11.71
11.83
8.76
7.07
5.94
5.12
4.51
4.02
3.61
3.28
3.0
2.78
2.58
2.42
2.27
2.13
2.03
2.04
2.05
2.06
2.08
2.09
2.98
3.01
3.03
3.06
3.09
3.12
3.15
3.18
3.22
3.25
3.3
3.34
3.38
3.42
3.46
3.51
3.55
3.61
3.67
3.72
3.79
3.85
3.95
4.01
