0.73
0.73
0.72
0.73
0.72
0.72
0.73
0.72
0.74
0.73
0.73
0.73
0.72
0.72
0.72
0.73
0.72
0.73
0.73
0.73
0.73
0.73
0.73
0.73
0.74
0.74
0.75
0.75
0.75
0.76
0.76
0.77
0.78
0.79
0.79
0.8
0.81
0.82
0.83
0.83
0.83
0.85
0.86
0.87
0.89
0.9
0.91
0.93
0.94
0.96
0.98
0.99
1.01
1.03
1.05
1.07
1.08
1.11
1.13
1.15
1.18
1.22
1.25
1.29
1.32
1.35
1.38
1.43
1.47
1.52
1.58
1.64
1.7
1.77
1.85
1.92
2.02
2.12
2.26
2.41
2.6
2.85
3.15
3.54
4.15
11.69
11.94
11.9
11.89
9.24
9.23
9.22
9.21
9.2
9.21
9.21
9.21
9.21
9.22
9.23
9.25
9.27
9.34
7.46
6.7
6.09
5.58
5.14
4.77
4.44
4.16
3.92
3.7
3.52
3.5
3.54
3.56
3.58
3.89
3.91
3.96
2.5
2.43
2.35
2.27
2.2
2.13
2.07
2.01
1.96
1.91
1.86
1.82
1.77
1.73
1.69
1.66
1.63
1.61
1.57
1.54
1.52
1.5
1.47
1.44
1.41
1.4
1.38
1.36
1.34
1.33
1.32
1.3
1.27
1.27
1.26
1.25
1.23
1.23
1.22
1.2
1.2
1.19
1.18
1.17
1.17
1.16
1.15
1.16
1.15
1.15
1.15
1.14
1.14
1.13
1.12
1.12
1.13
1.13
1.12
