2.25
4.06
4.03
4.01
1.22
1.19
3.89
3.87
3.87
3.84
3.83
1.35
1.21
1.2
2.52
2.02
2.01
3.72
3.71
3.71
3.7
1.71
1.76
3.53
3.51
3.51
3.52
2.66
2.4
3.53
3.53
1.14
1.13
1.62
1.6
3.56
3.58
3.59
3.6
3.62
3.63
3.63
3.66
3.68
3.69
3.72
3.75
3.77
3.79
3.82
3.86
3.88
3.92
3.96
4.0
4.03
1.97
1.98
2.63
2.64
4.26
4.31
4.36
3.19
4.46
4.54
4.61
2.64
2.21
2.19
2.53
2.5
2.53
2.93
2.91
1.8
1.79
1.84
5.34
5.35
5.36
5.38
3.47
3.47
4.05
4.04
1.52
1.52
3.62
3.63
5.67
1.59
1.62
5.72
5.77
5.81
5.85
5.9
5.95
3.68
3.68
6.13
6.18
6.26
3.75
3.58
3.6
4.32
1.67
1.69
3.42
3.47
81.83
5.18
5.08
3.08
3.65
5.22
1.99
1.97
1.96
81.83
4.84
3.4
3.41
4.7
4.57
4.54
4.48
4.46
2.5
2.55
4.33
2.19
1.7
1.7
4.1
4.08
4.04
4.0
3.99
3.99
81.83
81.83
81.83
81.83
81.83
81.83
81.83
81.83
81.83
81.83
81.83
81.83
81.83
81.83
1.97
1.96
81.83
81.83
81.83
81.83
81.83
1.79
1.8
1.73
1.72
1.69
1.68
81.83
81.83
81.83
1.53
1.46
1.47
1.45
1.43
1.42
1.39
1.38
