2.72
2.57
2.46
2.43
2.39
2.4
2.42
2.44
2.46
2.48
2.5
2.52
2.55
2.58
2.6
2.63
2.65
2.66
2.59
2.53
2.46
2.41
2.36
2.3
2.25
2.21
2.16
2.12
2.08
2.04
2.01
1.97
1.95
1.92
1.98
2.04
2.07
2.13
5.94
7.42
7.34
7.26
7.19
6.24
6.19
6.12
6.05
6.0
5.97
5.9
5.87
5.76
5.78
4.09
4.07
4.06
4.04
4.03
4.01
3.99
3.98
3.97
3.77
3.76
3.75
3.71
3.95
4.03
4.02
4.02
4.01
4.01
4.01
4.0
4.0
4.01
4.06
6.23
6.23
6.24
6.25
6.26
6.28
6.3
6.31
6.33
6.36
6.38
6.4
6.43
6.47
6.25
5.91
5.62
5.36
5.13
4.91
4.72
4.55
4.39
4.25
4.11
3.98
3.86
3.75
3.65
3.55
3.45
3.42
3.47
3.5
3.57
6.82
6.06
8.15
81.83
81.83
6.12
5.94
4.43
4.28
4.23
2.46
2.43
2.39
2.35
2.32
2.3
2.3
2.86
2.93
3.01
3.09
3.19
3.21
3.17
3.15
3.12
3.12
3.86
4.04
4.05
4.02
3.99
3.97
4.81
4.77
4.77
4.78
4.76
4.74
4.72
4.7
4.68
4.66
4.66
4.64
4.63
4.71
4.71
4.7
4.69
4.68
4.69
4.69
4.69
4.69
4.7
2.81
2.34
2.03
1.78
1.59
1.43
1.3
1.17
1.09
1.02
0.96
0.91
