0.76
0.76
0.75
0.75
0.75
0.75
0.75
0.74
0.74
0.74
0.74
0.74
0.74
0.74
0.74
0.72
0.73
0.72
0.75
0.83
0.9
0.89
0.89
3.77
3.79
3.83
3.86
3.88
3.86
3.69
3.54
3.4
3.28
3.2
3.2
3.23
3.25
3.29
3.32
3.36
3.4
3.44
3.49
3.53
3.56
3.62
3.67
3.72
3.79
3.86
3.92
3.99
4.05
4.13
4.22
4.28
4.38
4.56
5.24
4.94
5.06
4.97
1.33
1.29
1.24
1.23
1.23
1.21
1.2
1.23
1.29
1.32
1.37
1.41
1.39
1.2
1.19
1.22
1.26
1.32
1.36
1.42
1.46
1.53
1.61
1.68
1.77
1.86
1.96
2.64
2.82
3.0
3.23
3.48
3.78
4.18
4.67
5.26
6.0
6.96
8.3
9.11
12.8
12.79
12.78
12.79
4.09
3.27
3.28
3.16
2.69
2.21
2.18
1.96
1.95
2.0
2.0
2.01
2.02
2.02
2.03
2.04
2.05
2.07
2.08
2.09
2.02
1.95
1.87
1.8
1.73
1.67
1.61
1.56
1.51
1.47
1.43
1.39
1.36
1.31
1.29
1.25
1.22
1.19
1.17
1.14
1.12
1.1
1.08
1.06
1.04
1.03
1.01
0.99
0.98
0.97
0.95
0.93
0.92
0.9
0.91
0.9
0.88
0.87
0.86
0.85
0.87
0.89
0.93
1.02
2.48
2.46
2.44
2.43
2.41
2.4
2.39
2.37
2.37
2.36
