1.19
1.15
1.14
1.11
1.07
1.05
1.04
1.02
0.99
0.97
0.95
0.93
0.91
0.89
0.88
0.86
0.86
0.87
0.88
0.89
0.92
0.94
2.97
2.93
2.88
2.77
2.72
2.68
2.64
2.61
2.57
2.56
2.56
2.54
2.54
2.49
2.49
2.47
2.46
2.43
2.41
2.4
2.39
2.38
2.38
2.46
2.44
4.4
3.79
3.81
3.97
3.99
4.02
4.05
3.93
3.85
3.85
3.87
3.91
3.95
3.95
3.98
4.74
4.77
4.79
4.51
4.25
4.71
4.97
4.13
5.05
5.12
5.15
3.99
3.96
2.62
2.6
3.69
3.69
3.72
3.71
2.71
2.73
3.32
3.21
3.1
3.02
2.91
2.83
2.74
2.66
2.67
2.69
2.73
2.76
2.8
2.77
6.01
6.12
6.26
6.38
6.52
6.66
7.18
7.24
7.14
3.52
3.48
3.47
3.55
3.44
3.45
3.51
3.61
3.7
3.8
3.9
4.02
4.13
4.58
4.73
4.89
5.07
5.25
5.46
5.68
5.93
6.21
2.24
2.23
2.22
2.21
2.28
2.44
2.61
2.81
3.04
3.32
3.55
3.54
3.54
3.53
3.53
3.52
3.52
3.51
3.51
3.51
3.51
3.51
3.51
3.51
3.52
3.52
3.53
3.54
3.54
3.54
3.56
3.58
3.45
3.16
2.95
2.77
2.61
2.49
2.34
2.23
2.13
2.04
1.95
1.88
1.81
1.35
1.28
1.22
1.2
1.15
1.13
1.09
