0.4
0.39
0.4
0.4
0.41
0.41
0.42
0.42
0.42
0.4
0.4
0.4
0.41
0.41
0.41
0.42
0.42
0.43
0.42
0.42
0.42
0.42
0.43
0.43
0.43
0.43
0.43
0.44
0.44
0.44
0.45
0.45
0.45
0.46
0.46
0.47
0.48
0.48
0.49
0.49
0.5
0.5
0.52
0.51
0.52
0.53
0.53
0.54
0.54
0.55
0.56
0.57
0.58
0.59
0.61
0.62
0.63
0.64
0.66
0.68
0.7
0.71
0.72
0.74
0.77
0.79
0.81
0.84
0.87
0.9
0.92
0.96
1.0
1.04
1.09
1.13
1.2
1.25
8.47
8.44
8.38
8.34
8.31
5.43
5.43
5.41
5.39
5.37
4.5
4.35
4.34
4.34
5.61
5.61
5.61
5.6
5.6
5.6
5.59
8.03
8.03
81.83
6.76
6.87
8.09
8.11
7.51
7.51
7.54
7.72
7.63
7.64
7.66
7.88
8.42
8.47
8.52
4.83
4.67
4.11
3.96
3.95
3.98
4.02
4.06
3.95
3.83
3.71
3.6
3.54
1.34
1.32
1.29
1.26
1.22
1.19
1.18
1.17
1.18
1.19
1.18
1.23
1.27
1.27
1.25
1.23
1.25
1.27
1.28
1.3
1.33
1.34
1.37
1.4
1.43
1.45
1.48
1.51
1.54
1.57
1.62
1.64
1.68
1.72
1.77
1.82
1.86
1.94
2.38
3.5
3.71
3.95
3.35
4.11
4.2
4.23
4.05
4.05
4.08
4.17
