0.62
0.61
0.61
0.61
0.62
0.61
0.61
0.61
0.6
0.6
0.6
0.6
0.61
0.61
0.61
0.61
0.61
0.6
0.59
0.6
0.6
0.6
0.6
0.6
0.6
0.6
0.61
0.61
0.62
0.62
0.63
0.63
0.63
0.63
0.64
0.65
0.65
0.65
0.66
0.67
0.67
0.67
0.67
0.68
0.69
0.7
0.7
0.7
0.71
0.72
0.73
0.74
0.76
0.77
0.77
0.79
0.77
5.84
5.85
5.93
8.4
8.37
7.41
9.75
5.2
5.18
5.09
5.07
5.08
5.21
5.33
5.48
5.63
5.78
5.95
6.13
6.33
6.53
6.77
7.03
7.3
7.61
7.93
7.89
7.83
7.79
7.74
4.82
4.81
4.78
4.75
4.74
3.72
3.7
3.7
3.7
3.69
4.94
4.91
4.89
4.9
4.91
4.91
4.9
4.91
4.91
7.31
7.33
6.16
6.2
6.02
7.37
7.38
7.31
6.78
6.79
6.81
6.83
6.91
6.91
6.93
6.95
7.66
7.72
7.76
7.81
4.13
4.0
3.7
3.35
3.23
3.22
3.24
3.27
3.31
3.34
3.26
3.16
3.07
3.0
2.92
2.86
2.85
2.84
2.85
2.89
2.94
2.98
3.03
3.08
3.14
3.19
3.25
3.31
3.38
0.86
0.73
0.71
0.72
0.72
0.7
0.7
0.69
0.67
0.67
0.67
0.66
0.65
0.64
0.63
0.63
0.62
0.63
0.6
0.59
0.6
0.59
0.6
0.62
0.65
