1.41
1.4
1.41
1.43
1.43
1.42
1.42
1.43
1.44
2.15
2.16
2.28
2.28
2.28
2.28
2.28
2.29
2.29
2.29
2.29
2.29
2.3
2.3
2.31
2.31
2.32
2.23
2.02
2.03
2.37
2.37
2.39
2.41
1.11
1.05
1.0
0.99
0.95
0.95
0.96
1.01
1.01
1.03
1.02
1.03
1.05
1.07
1.07
1.08
1.09
1.11
1.14
1.93
1.95
1.99
2.02
2.75
2.86
2.87
3.06
3.12
3.19
3.24
3.31
3.37
3.46
3.53
3.62
3.71
3.81
3.92
3.88
3.84
3.8
3.77
3.72
2.26
2.25
3.63
2.22
2.21
2.19
2.19
2.19
2.19
2.23
2.23
2.43
2.55
3.42
3.4
3.39
3.39
3.37
2.6
2.56
2.56
2.58
2.59
2.59
2.58
2.58
2.59
2.58
2.35
2.29
2.29
2.29
2.3
2.31
2.33
2.34
2.34
2.35
2.33
2.26
2.26
1.88
1.87
1.91
3.45
3.47
3.48
3.51
3.56
3.58
3.57
3.6
3.62
3.67
3.7
3.74
3.77
3.81
3.85
3.9
3.94
3.84
3.74
3.65
3.56
3.48
3.4
3.34
3.27
2.31
1.92
1.9
1.78
1.78
1.78
1.85
1.79
1.73
1.73
1.77
1.81
1.94
2.25
2.3
2.35
2.41
2.47
2.46
2.44
2.41
2.38
2.36
2.16
2.16
2.28
2.37
5.02
5.0
4.99
5.0
5.16
7.66
8.17
8.73
