1.71
1.62
1.55
1.48
1.42
1.37
1.32
1.27
1.25
1.26
1.27
1.29
1.3
1.31
1.32
1.34
1.36
1.37
1.39
1.4
1.42
1.43
1.45
1.48
1.5
1.53
1.56
1.58
1.6
1.63
1.66
1.7
1.73
1.77
1.79
1.84
1.88
1.94
1.97
2.03
2.08
2.14
2.2
2.28
2.33
2.41
2.48
2.58
2.67
2.78
2.9
3.02
3.16
3.31
3.48
3.67
3.89
4.14
4.42
4.76
5.13
5.57
6.06
6.67
7.41
12.21
12.14
12.16
81.83
11.43
81.83
81.83
10.61
10.6
81.83
81.83
81.83
81.83
81.83
81.83
81.83
81.83
8.93
5.18
4.75
4.41
4.11
3.85
3.62
3.42
3.25
3.08
2.92
2.78
2.66
2.55
2.45
2.36
2.26
2.19
2.12
2.05
1.99
1.93
1.87
1.83
1.78
1.71
1.67
1.63
1.59
1.56
1.51
1.49
1.47
1.43
1.41
1.39
1.35
1.33
1.32
1.29
1.28
1.26
1.23
1.22
1.22
1.2
1.18
1.17
1.15
1.14
1.13
1.12
1.11
1.1
1.1
1.14
1.2
1.25
1.3
1.46
2.01
5.71
5.68
5.65
5.62
5.59
5.56
4.89
4.87
4.86
4.85
4.85
5.42
5.42
5.42
5.42
5.55
5.54
5.54
5.54
5.54
5.53
4.37
4.37
5.55
5.55
5.43
4.82
4.8
4.8
4.82
4.88
5.51
5.53
5.56
5.58
4.25
4.25
