0.67
0.67
0.67
0.68
0.68
0.68
0.69
0.69
0.7
0.7
0.7
0.7
0.71
0.72
0.72
0.73
0.74
0.74
0.75
0.76
0.77
0.78
0.78
0.79
0.8
0.81
0.82
0.84
0.85
0.86
0.87
0.89
0.9
0.93
0.94
0.95
0.98
1.0
0.99
0.96
0.94
0.94
0.93
0.92
0.91
0.89
0.88
0.87
0.86
0.85
0.84
0.83
0.83
0.82
0.81
0.8
0.8
0.79
0.79
0.79
0.78
0.78
0.77
0.76
0.76
0.75
0.75
0.75
0.75
0.74
0.74
0.74
0.74
0.73
0.73
0.73
0.73
0.73
0.73
0.73
0.73
0.73
0.73
0.73
0.73
0.73
0.74
0.74
0.74
0.74
0.74
0.74
0.75
0.75
0.76
0.76
0.76
0.77
0.78
0.79
0.79
0.79
0.8
0.8
0.8
0.81
0.82
0.83
0.84
0.85
0.86
0.87
0.88
0.88
0.9
0.91
0.93
0.94
0.95
0.96
0.98
1.0
1.02
1.03
1.05
1.08
1.1
1.12
1.14
1.15
1.18
1.21
1.25
1.26
1.31
1.34
1.38
1.41
1.45
1.5
1.55
1.59
1.66
1.7
1.76
1.82
1.89
1.97
2.06
2.16
2.26
2.28
2.23
2.25
2.17
1.98
2.22
2.21
2.17
2.17
2.16
2.15
2.16
2.78
2.9
2.9
2.9
2.89
1.16
81.83
2.89
2.89
2.89
2.9
2.91
2.92
2.91
2.92
2.93
2.94
