1.44
1.45
1.45
1.45
1.43
1.33
1.24
1.17
1.12
1.05
1.01
0.96
0.92
0.91
0.91
0.91
0.91
0.92
0.93
0.94
0.95
0.96
0.97
0.98
0.99
1.01
1.02
1.04
1.06
1.06
1.07
1.09
1.11
1.13
1.15
1.18
1.19
1.21
1.23
1.26
1.28
1.32
1.34
1.37
1.4
1.44
1.47
1.51
1.55
1.6
1.64
1.7
1.76
1.81
1.88
1.89
1.89
1.87
1.85
1.85
1.84
1.82
1.81
1.8
1.8
1.78
1.78
1.77
1.77
1.76
1.76
1.75
1.74
1.74
1.74
1.73
1.73
1.73
1.72
1.73
1.73
1.73
1.74
1.74
1.73
1.74
1.74
1.75
1.74
1.75
1.75
1.76
1.77
1.77
1.78
1.79
1.8
1.81
1.82
1.83
1.84
1.85
1.86
1.87
1.89
1.91
1.93
1.94
1.96
1.98
2.0
2.0
2.03
2.06
2.08
2.11
2.11
6.06
6.14
6.23
6.31
6.41
6.51
6.62
6.74
6.82
6.95
7.07
7.21
2.84
2.77
2.68
2.65
2.62
2.6
2.57
2.54
2.51
2.49
2.47
2.45
2.43
2.42
2.41
2.39
2.37
2.36
2.35
2.33
2.33
2.33
2.44
2.43
2.42
2.41
2.4
2.39
2.38
2.37
2.37
2.36
2.35
2.35
2.34
2.34
2.33
2.34
2.32
2.07
2.08
2.09
2.09
2.09
2.1
2.1
2.1
2.1
2.11
2.11
2.12
