1.01
1.01
1.01
1.01
1.01
1.01
1.01
1.01
1.01
1.01
1.01
1.01
1.02
1.02
1.03
1.03
1.03
1.03
1.04
1.05
1.05
1.05
1.06
1.05
1.05
1.06
1.07
1.07
1.08
1.09
1.1
1.11
1.12
1.13
1.14
1.15
1.17
1.19
1.19
1.2
1.22
1.24
1.26
1.28
1.28
1.3
1.32
1.34
1.37
1.39
1.42
1.44
1.45
1.48
1.51
1.55
1.58
1.61
1.65
1.68
1.72
1.77
1.81
1.87
1.91
1.97
2.03
2.1
2.18
2.25
2.32
2.42
2.5
2.61
2.72
2.84
2.98
3.12
3.28
3.48
3.69
3.94
4.23
4.57
4.97
16.94
9.58
9.54
9.43
9.48
81.83
10.31
81.83
81.83
81.83
81.83
7.94
81.83
81.83
81.83
81.83
81.83
81.83
81.83
7.15
81.83
81.83
81.83
81.83
81.83
81.83
6.37
6.4
6.42
6.47
6.5
6.29
6.19
2.91
2.79
2.68
2.58
2.49
2.42
2.33
2.26
2.19
2.13
2.06
2.02
1.96
1.91
1.88
1.82
1.78
1.75
1.7
1.67
1.63
1.61
1.58
1.56
1.52
1.5
1.47
1.45
1.42
1.41
1.38
1.37
1.35
1.34
1.33
1.31
1.3
1.28
1.27
1.26
1.25
1.24
1.23
1.23
1.22
1.21
1.21
1.2
1.2
1.19
1.19
1.24
1.23
1.18
1.16
1.15
1.15
1.14
1.13
1.14
1.14
1.14
