1.55
1.53
1.53
1.51
1.5
1.51
1.51
1.52
1.53
1.52
2.1
2.15
2.16
2.15
2.14
1.54
1.54
1.54
1.53
1.54
1.55
1.54
1.53
1.52
1.52
1.53
1.56
1.57
1.58
1.59
2.25
2.27
2.29
2.3
2.31
2.32
2.34
2.36
2.39
2.41
2.42
2.45
2.47
2.5
2.52
2.56
2.59
2.62
2.65
2.69
2.74
2.77
2.81
2.85
2.89
2.94
2.99
3.06
3.11
3.08
3.02
2.98
2.95
2.89
2.89
1.22
1.19
1.21
2.72
2.68
2.66
2.62
2.62
2.59
2.57
2.55
2.53
2.51
2.48
2.48
2.46
2.43
2.43
2.42
2.4
2.38
2.38
1.59
1.58
1.57
1.56
1.56
1.54
1.54
1.54
1.54
1.54
1.56
1.55
1.54
1.55
1.53
1.53
1.54
1.54
1.55
1.56
1.54
1.53
1.53
1.54
1.54
1.55
1.57
1.58
1.59
1.59
1.64
1.62
1.58
1.62
1.6
1.61
1.61
1.66
1.76
2.51
2.53
2.54
2.58
2.59
2.61
2.64
2.67
2.7
2.74
2.76
2.8
2.84
2.88
2.92
2.96
3.01
3.05
3.09
3.1
3.05
2.99
2.95
1.76
1.72
1.75
2.78
2.73
2.68
2.66
2.62
2.6
2.56
2.53
2.5
2.48
2.45
2.44
2.42
2.39
2.37
2.35
2.31
1.79
1.78
1.77
1.77
1.77
1.85
1.31
1.31
1.29
1.29
1.29
