1.32
1.31
1.29
1.3
1.31
1.41
1.52
1.43
1.45
1.4
1.36
1.35
1.35
1.35
1.36
1.38
1.4
1.41
1.44
1.46
1.48
1.5
1.53
1.55
2.46
2.5
2.54
2.58
2.59
2.6
2.6
2.62
1.82
1.75
1.74
1.74
1.74
1.79
2.79
2.8
2.84
2.96
2.06
2.05
2.05
2.05
2.06
3.05
1.7
1.69
1.71
2.4
2.39
2.35
2.35
2.42
2.51
2.3
1.96
1.96
2.02
2.84
2.83
2.82
2.82
2.82
2.81
2.8
2.8
2.05
2.04
2.05
2.05
2.05
2.04
2.05
2.05
2.05
2.03
2.03
2.06
2.06
1.95
1.87
1.82
1.81
1.85
1.87
1.87
1.89
1.91
1.91
1.93
2.97
3.0
3.02
3.06
3.07
3.1
3.12
3.16
3.18
3.21
3.25
3.28
2.19
2.18
2.16
2.16
2.19
2.05
2.04
2.05
2.06
2.05
2.08
2.19
2.2
2.21
2.24
3.31
3.25
3.2
3.15
3.11
3.07
3.03
2.99
2.95
2.96
2.9
2.87
1.95
1.93
1.92
1.91
1.87
1.86
1.91
1.91
1.89
1.87
1.87
1.88
1.9
1.88
1.88
1.89
1.89
1.87
1.88
2.48
2.32
2.4
4.71
4.73
4.71
4.71
4.7
4.69
4.69
4.69
4.69
4.69
4.69
4.7
4.7
4.71
4.72
4.73
4.74
4.75
4.77
4.78
4.8
4.82
4.84
4.86
4.89
4.92
