0.92
0.93
0.93
0.94
0.95
0.96
0.96
0.96
0.97
0.97
0.99
1.0
1.0
1.01
1.02
1.03
1.05
1.06
1.06
1.07
1.08
1.09
1.1
1.12
1.14
1.16
1.18
1.19
1.22
1.23
1.25
1.27
1.3
1.33
1.36
1.39
1.42
1.44
1.48
1.52
1.56
1.6
1.64
1.69
1.74
1.8
1.85
1.92
1.32
1.5
2.15
2.25
2.36
2.48
2.22
2.21
2.21
2.21
1.75
2.2
2.2
2.19
2.18
2.18
2.18
2.17
2.18
2.18
2.18
2.18
2.18
2.24
7.35
7.31
7.27
7.23
7.21
7.19
7.16
7.14
7.12
7.11
7.09
7.07
7.06
7.05
7.05
7.05
7.05
7.05
7.19
8.19
10.6
10.28
11.65
11.57
10.93
10.93
10.86
6.92
6.31
5.82
5.39
5.02
4.82
4.84
4.88
4.96
5.15
3.72
3.56
3.4
3.26
3.14
3.02
2.91
2.82
2.73
2.65
2.57
2.49
2.42
2.35
2.28
2.23
2.17
2.12
2.09
2.03
1.99
1.95
1.9
1.86
1.84
1.81
1.76
1.74
1.72
1.68
1.67
1.66
1.67
1.65
1.59
1.55
1.54
1.53
1.51
1.49
1.47
1.47
1.45
1.43
1.43
1.41
1.4
1.39
1.39
1.37
1.36
1.36
1.36
1.35
1.34
1.33
1.33
1.33
1.33
1.32
1.32
1.31
1.31
1.31
1.31
1.3
1.3
1.3
1.31
1.3
1.3
