0.92
0.94
0.94
0.97
0.99
1.01
1.03
1.04
1.03
1.02
1.01
0.99
0.98
0.96
0.94
0.93
0.93
0.91
0.9
0.9
0.89
0.88
0.87
0.87
0.85
0.84
0.83
0.83
0.82
0.81
0.81
0.8
0.8
0.79
0.79
0.79
0.79
0.79
0.78
0.78
0.78
0.77
0.76
0.76
0.76
0.76
0.76
0.76
0.76
0.76
0.76
0.76
0.76
0.76
0.76
0.76
0.77
0.77
0.77
0.78
0.78
0.78
0.78
0.79
0.79
0.79
0.79
0.79
0.8
0.8
0.81
0.81
0.82
0.83
0.84
0.85
0.85
0.86
0.87
0.87
0.88
0.89
0.91
0.91
0.93
0.94
0.94
0.96
0.97
0.99
1.01
1.02
1.02
1.05
1.06
1.09
1.11
1.13
1.15
1.18
1.19
1.23
1.25
1.28
1.32
1.35
1.38
1.41
1.45
1.5
1.54
1.58
1.64
1.69
1.75
1.82
1.88
1.96
2.04
2.12
2.23
2.24
2.23
2.21
2.09
1.77
1.78
2.16
2.16
2.13
2.11
2.1
2.1
2.56
2.85
2.85
2.86
2.85
1.12
81.83
2.84
2.85
2.84
2.85
2.85
2.85
2.86
2.86
2.87
2.89
2.89
2.9
2.91
2.92
2.93
2.95
2.95
2.98
2.98
3.0
3.02
1.41
1.42
1.65
1.62
1.64
1.6
1.56
1.5
1.49
1.51
1.53
1.53
1.53
3.13
3.06
1.74
1.78
1.78
1.8
