1.63
1.65
1.67
1.68
1.69
1.71
1.73
1.75
1.77
1.78
1.81
1.84
1.85
1.88
1.9
1.94
1.97
1.99
2.03
2.07
2.1
2.14
2.18
2.23
2.27
2.32
2.38
2.42
2.49
2.54
2.62
2.68
2.76
2.85
2.94
3.03
3.15
3.26
3.39
3.54
3.74
3.94
4.19
4.5
4.85
5.31
5.95
14.99
14.99
14.98
15.0
14.99
15.0
15.03
15.06
81.83
11.68
10.36
9.27
9.24
7.71
7.13
6.61
6.16
5.83
5.47
5.16
4.91
4.69
4.45
4.26
4.08
3.92
3.77
3.64
3.51
3.49
3.54
3.58
3.62
6.47
6.29
6.1
5.97
5.89
5.96
6.03
6.11
5.97
6.3
5.64
6.3
6.45
7.79
7.93
8.08
8.09
7.97
6.52
7.75
7.64
7.54
7.44
7.35
7.27
6.34
6.27
6.2
5.36
6.39
6.61
6.79
6.76
6.73
6.66
6.61
6.55
6.52
6.44
6.4
6.35
6.32
6.29
5.62
5.61
5.66
6.17
5.12
3.71
3.68
3.37
3.32
3.31
3.31
3.3
1.59
1.59
1.58
1.58
1.58
1.58
1.58
1.57
1.58
3.55
3.0
2.62
2.34
2.07
1.85
1.63
1.23
1.21
1.2
1.2
1.2
1.19
1.2
1.19
1.19
1.2
1.19
1.2
1.2
1.2
1.21
1.21
1.22
1.23
1.24
1.24
1.26
1.26
1.26
1.26
1.27
1.28
1.28
1.29
1.31
