1.06
1.05
1.05
1.05
1.05
1.05
1.05
1.05
1.05
1.05
1.06
1.06
1.05
1.06
1.06
1.07
1.07
1.07
1.08
1.08
1.08
1.09
1.1
1.1
1.1
1.06
1.0
0.95
0.91
0.87
0.84
0.83
0.82
0.84
0.85
0.85
0.85
0.87
0.88
0.89
0.91
0.92
0.92
0.93
0.95
0.96
0.98
1.0
1.02
1.02
1.03
1.06
1.07
1.09
1.12
1.13
1.15
1.17
1.2
1.23
1.25
1.28
1.32
1.36
1.38
1.42
1.47
1.5
1.55
1.6
1.65
1.71
1.77
1.83
1.91
2.0
2.07
2.17
2.27
2.39
2.52
2.66
2.82
3.03
3.25
3.53
7.91
7.88
7.86
7.82
6.85
6.84
8.1
8.09
8.05
8.07
8.05
10.46
10.47
10.48
10.48
10.5
10.51
9.88
3.38
3.36
3.36
2.39
2.22
2.05
1.91
1.76
1.65
1.56
1.46
1.4
1.31
1.25
1.19
1.13
1.06
1.03
0.98
0.95
0.92
0.89
0.85
0.82
0.8
0.77
0.74
0.73
0.71
0.68
0.67
0.66
0.64
0.63
0.62
0.61
0.6
0.59
0.58
0.57
0.56
0.55
0.54
0.54
0.53
0.52
0.51
0.51
0.51
0.51
0.5
0.5
0.49
0.49
0.48
0.47
0.48
0.47
0.47
0.47
0.46
0.46
0.46
0.45
0.45
0.45
0.45
0.45
0.45
0.45
0.44
0.45
0.44
0.44
0.44
0.44
