0.58
0.59
0.6
0.6
0.61
0.6
0.59
0.58
0.59
0.6
0.6
0.6
0.61
0.62
0.62
0.62
0.63
0.64
0.64
0.77
0.88
0.88
0.9
0.9
0.91
0.91
0.92
0.93
0.93
0.95
0.96
0.97
0.98
1.0
1.01
1.02
1.04
1.05
1.05
1.07
1.09
1.11
1.13
1.15
1.18
1.18
3.34
3.4
3.48
3.55
3.83
3.32
3.32
3.4
5.31
5.25
5.17
5.14
3.46
4.98
4.93
4.92
4.88
4.84
4.79
4.75
4.73
4.68
4.65
4.61
4.05
3.91
3.89
3.86
3.86
3.84
3.85
4.33
4.41
4.4
4.38
4.38
4.54
4.53
4.51
4.5
4.5
4.5
4.5
4.25
3.32
4.5
4.51
4.52
4.51
4.35
3.78
3.77
3.76
3.8
3.81
3.84
4.47
4.49
4.5
4.52
4.56
4.58
4.61
4.64
4.68
3.3
4.75
4.78
4.18
4.86
4.91
4.95
5.0
5.04
5.1
5.16
5.22
5.13
4.99
0.96
0.94
0.93
0.92
0.9
0.89
0.88
0.86
0.84
0.83
0.83
0.83
0.82
0.8
0.8
0.79
0.78
0.77
0.77
0.76
0.75
0.75
0.75
0.74
0.73
0.72
0.63
0.5
0.5
0.49
0.49
0.49
0.48
0.48
0.48
0.48
0.46
0.47
0.46
0.46
0.45
0.45
0.45
0.44
0.44
0.43
0.42
0.42
0.42
0.43
0.44
0.43
0.41
0.41
0.42
