1.31
1.32
1.33
1.34
1.35
1.36
1.37
1.4
1.41
1.42
1.44
1.43
1.45
1.45
1.41
1.37
1.34
1.32
1.28
1.25
1.24
1.24
1.23
1.21
1.19
1.17
1.14
1.14
1.11
1.1
1.09
1.07
1.05
1.04
1.03
1.02
1.01
0.99
0.98
0.97
0.97
0.96
0.95
0.94
0.93
0.92
0.91
0.9
0.9
0.9
0.89
0.88
0.88
0.87
0.87
0.87
0.86
0.85
0.83
0.83
0.83
0.82
0.84
0.88
0.93
0.93
0.92
0.92
0.92
0.92
0.92
0.92
0.93
0.93
0.92
0.93
0.92
0.92
0.92
0.92
0.93
0.92
0.93
0.93
0.93
0.94
0.94
0.95
0.96
0.96
0.96
0.98
0.98
0.98
0.99
1.0
1.0
1.02
1.02
1.04
1.05
1.05
1.07
1.07
1.09
1.11
1.12
1.15
1.16
1.17
1.18
1.18
1.17
1.15
1.13
1.12
1.17
1.21
1.23
1.26
1.29
1.32
1.35
1.39
1.42
1.45
1.47
4.34
4.33
4.33
4.47
4.43
4.38
3.07
3.06
2.39
2.33
2.3
2.29
2.3
2.4
2.51
2.64
2.63
2.61
2.6
2.59
2.59
2.58
2.58
2.54
2.54
2.61
2.86
2.86
2.86
2.85
3.21
4.22
7.17
21.48
18.05
18.05
9.66
7.93
6.6
5.62
4.89
4.32
3.86
3.49
2.52
2.49
2.48
2.47
2.46
2.45
2.44
2.44
2.43
