1.19
1.19
1.18
1.16
1.17
1.18
1.18
1.18
1.18
1.17
1.16
1.16
1.17
1.17
1.17
1.18
1.18
1.18
1.19
1.2
1.2
1.2
1.21
1.21
1.22
1.23
1.23
1.24
1.24
1.25
1.27
1.28
1.28
1.31
1.32
1.33
1.35
1.37
1.38
1.39
1.41
1.43
1.46
1.48
1.49
1.52
1.55
1.57
1.6
1.64
1.67
5.34
4.0
3.98
3.96
3.03
2.99
2.94
2.91
2.87
2.83
2.78
2.65
2.62
2.6
2.56
2.52
2.57
2.66
2.76
2.86
2.98
3.1
3.25
3.4
3.6
3.76
3.98
4.2
4.47
4.8
5.14
5.53
6.06
6.58
7.25
10.48
10.39
10.58
10.59
10.58
81.83
81.83
81.83
81.83
12.17
81.83
81.83
81.83
13.87
13.98
21.27
21.29
3.98
3.48
3.11
2.83
2.61
2.44
2.29
2.17
2.06
1.96
1.88
1.8
1.75
1.68
1.62
1.57
1.52
1.47
1.44
1.4
1.35
1.32
1.27
1.24
1.22
1.19
1.18
1.16
1.14
1.11
1.08
1.07
1.06
1.04
1.02
1.0
0.99
0.98
0.97
0.95
0.94
0.92
0.91
0.91
0.9
0.88
0.87
0.86
0.85
0.85
0.84
0.83
0.83
0.82
0.81
0.81
0.8
0.8
0.79
0.79
0.78
0.77
0.79
0.76
0.76
0.77
0.77
0.76
0.76
0.76
0.76
0.76
0.77
0.78
0.78
0.78
0.77
