0.95
0.96
0.97
0.98
0.99
1.0
1.01
1.03
1.04
1.04
1.06
1.07
1.08
1.1
1.11
1.13
1.14
1.16
1.18
1.21
1.22
1.24
1.27
1.3
1.32
1.34
1.38
1.37
1.25
1.24
1.22
1.2
1.19
1.17
1.16
1.14
1.14
1.13
1.13
1.11
1.11
1.09
1.09
1.09
1.08
1.08
1.07
1.06
1.05
1.05
1.04
1.05
1.04
1.04
1.03
1.04
1.03
1.03
1.03
1.03
1.02
1.03
1.03
1.02
1.02
1.02
1.02
1.02
1.02
1.03
1.03
1.03
1.03
1.03
1.04
1.05
1.04
1.05
1.05
1.05
1.0
0.93
0.88
0.82
0.8
0.76
0.73
0.7
0.67
0.63
0.61
0.61
0.58
0.57
0.55
0.54
0.52
0.51
0.49
0.48
0.48
0.46
0.46
0.46
0.47
0.47
0.48
0.48
0.47
0.46
0.46
0.47
0.48
0.5
0.51
0.52
0.53
0.53
0.55
0.56
0.58
0.59
0.61
0.62
0.64
0.65
0.67
0.69
0.72
0.75
0.78
0.81
0.84
0.88
0.92
0.98
1.02
1.07
1.15
1.22
1.31
1.39
1.5
1.62
1.74
6.09
6.09
7.02
7.96
8.76
8.78
8.76
8.76
8.75
8.76
8.85
8.85
8.86
8.87
8.88
6.53
5.65
5.02
4.86
4.84
4.82
4.82
4.81
4.81
4.79
4.78
4.78
4.78
4.78
4.78
4.8
4.82
4.82
4.82
4.83
