2.9
2.9
4.1
4.13
4.16
81.83
3.3
3.3
81.83
3.55
7.67
81.83
81.83
81.83
7.09
7.1
13.64
81.83
10.44
5.73
5.7
5.68
5.57
5.57
5.65
11.47
12.93
12.91
4.81
4.83
81.83
81.83
4.87
4.87
81.83
3.95
3.96
4.1
81.83
81.83
3.99
4.0
81.83
81.83
81.83
81.83
81.83
81.83
81.83
81.83
81.83
81.83
81.83
81.83
81.83
81.83
81.83
3.04
3.03
2.97
2.92
81.83
81.83
81.83
2.81
2.78
2.75
2.72
2.7
2.68
2.65
2.58
2.62
2.68
2.71
2.73
2.79
2.82
2.86
2.9
2.95
81.83
2.78
2.78
2.74
2.68
2.67
3.02
2.94
2.9
2.86
2.83
2.79
2.76
2.74
2.58
2.55
2.55
2.55
2.57
2.6
2.91
2.81
2.89
2.63
2.66
2.8
3.51
5.66
5.63
5.59
5.56
5.54
5.52
3.57
3.55
4.9
4.89
5.04
5.42
5.02
5.39
5.38
5.37
4.48
4.28
4.12
4.06
4.05
4.09
4.14
4.17
4.45
5.46
5.46
5.49
5.5
5.52
5.53
5.51
5.02
4.89
4.84
4.86
4.9
4.87
4.89
4.92
4.97
5.21
5.77
5.81
5.87
5.91
5.15
5.14
5.28
4.79
5.87
5.09
4.62
4.51
5.28
1.98
1.98
1.95
1.93
1.91
1.88
1.86
1.84
1.82
1.8
1.66
1.63
1.61
1.58
1.56
1.54
1.49
