0.76
0.77
0.77
0.77
0.77
0.77
0.77
0.77
0.78
0.78
0.78
0.77
0.77
0.78
0.77
0.77
0.78
0.79
0.79
0.79
0.8
0.8
0.81
0.81
0.82
0.82
0.83
0.82
0.83
0.84
0.85
0.85
0.87
0.88
0.88
0.89
0.89
0.91
0.91
0.93
0.94
0.95
0.97
0.98
0.99
1.0
1.02
1.04
1.04
1.07
1.09
1.11
1.14
1.17
1.19
1.22
1.25
1.28
1.3
1.34
1.39
1.42
1.46
1.51
1.56
1.6
1.68
1.74
1.81
1.87
1.96
2.03
2.14
2.23
2.34
2.48
2.6
2.8
3.57
3.6
3.59
3.6
6.16
6.14
6.12
6.1
6.09
6.07
6.06
6.05
8.39
8.41
8.43
8.45
8.25
8.23
8.56
8.57
8.59
8.6
8.64
10.89
10.92
10.95
10.99
11.02
11.07
11.12
10.67
10.03
9.45
8.95
8.51
3.41
2.87
2.49
2.21
2.03
1.85
1.71
1.61
1.53
1.46
1.38
1.34
1.26
1.22
1.18
1.13
1.1
1.05
1.01
0.98
0.94
0.92
0.9
0.88
0.86
0.84
0.83
0.81
0.79
0.78
0.77
0.75
0.74
0.72
0.71
0.69
0.69
0.68
0.66
0.66
0.65
0.65
0.64
0.63
0.62
0.61
0.6
0.6
0.59
0.58
0.58
0.57
0.57
0.56
0.56
0.55
0.55
0.55
0.54
0.54
0.53
0.53
0.53
0.52
0.52
0.52
0.52
