2.89
2.83
1.85
1.86
2.69
2.66
2.61
2.58
2.54
2.5
2.49
2.54
2.61
2.67
2.75
2.81
1.32
1.28
1.33
2.89
2.87
2.78
2.6
2.8
2.76
2.1
2.1
1.61
1.35
2.07
2.07
2.05
1.74
2.86
12.57
12.14
11.75
11.39
3.89
10.72
10.41
10.14
9.87
9.9
81.83
12.25
81.83
81.83
12.66
12.76
14.18
14.41
14.29
14.03
13.81
13.59
81.83
81.83
81.83
81.83
81.83
5.17
5.25
81.83
5.3
81.83
81.83
81.83
7.08
7.13
6.64
9.67
3.13
3.11
3.08
3.06
3.04
2.97
2.91
2.92
2.96
2.99
10.44
10.4
3.35
6.26
10.26
10.22
6.53
10.17
2.15
6.19
7.18
81.83
81.83
9.25
2.1
81.83
81.83
81.83
81.83
81.83
81.83
81.83
81.83
81.83
81.83
81.83
81.83
81.83
1.36
1.3
81.83
1.46
1.43
81.83
1.4
1.54
1.53
1.51
1.5
1.49
1.49
1.46
1.43
1.44
1.43
1.43
1.41
1.4
1.39
1.38
1.37
1.38
1.35
1.35
1.35
1.34
1.33
1.33
1.32
1.31
1.31
1.29
1.28
1.27
1.27
1.26
1.26
1.26
1.26
1.26
1.25
1.27
1.26
1.26
1.25
1.25
1.26
1.26
1.28
1.3
1.31
1.32
1.33
1.34
1.33
1.34
1.34
1.35
1.36
1.32
1.38
1.39
1.39
1.39
1.4
1.41
1.41
1.43
