1.4
1.4
1.41
1.42
1.43
1.44
1.45
1.45
1.47
1.47
1.49
1.5
1.52
1.54
1.56
1.58
1.59
1.61
1.64
1.66
1.68
1.71
1.73
1.76
1.8
1.83
1.86
1.91
1.93
1.97
2.01
2.06
2.09
2.14
2.2
2.25
2.31
2.37
2.43
2.51
2.57
2.65
2.75
2.85
2.94
3.04
3.17
3.3
3.43
3.57
3.74
3.93
4.13
4.37
4.6
4.88
5.2
6.43
6.32
6.29
6.28
6.26
6.24
6.22
6.21
6.19
6.18
6.17
6.17
6.17
6.17
6.17
6.17
6.17
1.91
1.85
1.8
1.75
1.72
1.72
1.74
1.77
1.8
1.81
1.84
1.87
1.9
1.93
1.96
2.0
2.04
2.07
2.11
2.11
2.18
2.15
2.08
2.02
1.94
1.88
1.85
1.83
1.66
1.66
1.73
1.67
1.63
1.61
1.57
1.53
1.44
1.43
1.41
1.41
1.38
1.35
1.35
1.31
1.31
1.33
1.23
1.1
1.09
1.24
1.3
1.32
1.36
1.38
1.38
81.83
81.83
81.83
81.83
81.83
81.83
81.83
81.83
81.83
81.83
81.83
81.83
81.83
81.83
7.21
7.18
2.79
2.82
4.15
4.15
4.61
4.75
4.75
4.75
4.97
5.94
5.99
5.98
10.32
14.01
17.89
17.89
8.16
8.03
6.88
6.89
6.89
6.9
6.41
5.64
5.41
5.41
6.83
6.85
6.87
6.91
6.93
6.97
2.68
2.56
2.43
