1.03
1.01
1.0
1.0
0.99
0.98
0.97
0.97
0.96
0.95
0.94
0.94
0.93
0.92
0.92
0.92
0.92
0.91
0.9
0.9
0.9
0.89
0.89
0.88
0.88
0.88
0.87
0.87
0.87
0.87
0.87
0.87
0.87
0.87
0.87
0.87
0.87
0.88
0.88
0.89
0.89
0.89
0.9
0.9
0.9
0.91
0.91
0.92
0.92
0.92
0.93
0.94
0.95
0.95
0.97
0.98
0.99
1.0
1.0
1.01
1.02
1.03
1.05
1.06
1.07
1.08
1.09
1.1
1.11
1.13
1.15
1.17
1.19
1.21
1.23
1.25
1.27
1.3
1.33
1.35
1.37
1.4
1.44
1.47
1.5
1.53
1.57
1.62
1.66
1.71
1.75
1.81
1.87
1.94
2.01
2.09
2.16
2.25
2.34
2.43
2.54
2.68
2.81
2.96
3.14
3.34
3.56
3.85
4.16
4.52
4.98
5.44
5.7
5.69
5.68
5.67
5.66
5.66
5.66
5.65
1.42
2.05
2.02
2.53
0.86
0.84
3.43
3.44
3.44
3.44
3.46
3.47
3.51
3.52
3.54
3.56
5.71
5.75
5.77
3.79
1.01
0.99
0.97
0.95
0.96
0.95
0.94
0.95
0.95
0.97
0.97
0.99
1.0
1.01
1.01
1.02
1.03
1.03
1.04
1.05
1.07
1.09
1.11
1.16
1.17
1.22
1.26
1.33
1.68
1.75
3.03
3.0
0.78
0.81
2.88
2.84
2.81
2.77
2.75
2.71
