1.82
1.85
1.86
1.89
1.91
1.94
1.96
1.98
2.02
3.01
3.06
3.11
3.17
3.24
3.3
3.37
3.45
3.52
3.61
3.71
3.81
3.89
3.9
3.86
3.81
3.76
3.74
3.7
3.66
2.21
2.21
3.57
2.95
2.93
2.9
2.89
2.9
3.16
3.42
3.41
3.39
3.38
3.37
3.35
3.35
2.6
2.56
2.54
2.54
2.54
2.56
2.55
2.55
2.55
2.55
2.56
2.56
2.55
2.55
2.56
2.56
2.55
2.55
2.56
2.85
3.35
3.35
3.37
3.38
3.4
3.42
3.43
3.44
3.46
3.48
2.19
2.1
1.95
1.93
1.89
1.9
1.91
1.93
3.73
1.98
1.96
1.93
1.93
1.93
3.79
3.7
3.61
3.51
3.44
3.36
3.29
3.22
3.16
3.11
3.05
2.99
2.91
1.99
1.95
1.94
1.9
1.87
1.84
1.82
1.8
1.74
1.73
1.81
1.86
1.91
1.96
2.02
2.09
2.16
2.21
2.14
2.14
2.24
2.35
4.26
4.23
4.21
4.19
4.17
4.14
4.13
4.11
4.1
4.08
4.08
4.06
4.05
4.04
4.03
4.03
4.03
4.03
4.02
4.03
4.03
4.03
4.04
4.05
4.06
1.97
1.97
2.16
2.16
2.17
2.17
2.18
2.16
2.03
1.89
1.78
1.62
1.62
1.63
1.63
1.65
1.66
1.68
1.68
1.69
1.71
1.72
1.75
1.75
2.42
2.43
2.47
2.49
2.52
2.56
2.59
