1.18
1.17
1.16
1.16
1.16
1.15
1.14
1.14
1.14
1.14
1.14
1.13
1.13
1.13
1.13
1.14
1.14
1.13
1.13
1.12
1.13
1.12
1.13
1.13
1.14
1.14
1.15
1.15
1.16
1.16
1.17
1.17
1.18
1.19
1.2
1.22
1.22
1.22
1.23
1.25
1.26
1.28
1.29
1.31
1.32
1.32
1.33
1.35
1.37
1.39
1.41
1.43
1.45
1.47
1.49
1.52
1.54
1.57
1.59
1.61
1.65
1.69
1.72
1.76
1.8
1.85
1.89
1.93
1.99
2.04
2.09
2.17
2.23
2.3
2.39
2.47
2.56
2.66
2.79
2.92
3.08
3.24
3.47
3.73
4.08
4.5
5.12
14.89
12.25
12.23
6.03
6.12
5.85
5.85
12.23
12.23
12.25
12.26
12.27
10.15
8.87
7.81
4.87
4.89
4.87
4.89
4.96
4.62
4.35
4.09
3.86
3.66
3.48
3.32
3.19
3.03
2.94
2.81
2.7
2.6
2.51
2.42
2.37
2.29
2.21
2.17
2.1
2.06
1.99
1.95
1.92
1.86
1.82
1.78
1.75
1.7
1.67
1.64
1.61
1.58
1.55
1.52
1.5
1.49
1.46
1.44
1.43
1.4
1.38
1.38
1.36
1.35
1.33
1.32
1.3
1.29
1.28
1.27
1.26
1.26
1.25
1.24
1.24
1.24
1.23
1.22
1.21
1.21
1.32
1.43
5.71
5.68
5.68
5.67
4.94
4.91
4.91
4.86
4.87
5.59
