6.31
6.3
6.29
6.28
6.28
6.27
6.26
6.26
6.26
6.26
1.97
1.91
1.86
1.81
1.81
1.81
1.83
1.85
1.88
1.9
1.92
1.96
1.98
2.01
2.05
2.07
2.12
2.16
2.19
2.19
2.21
2.19
2.16
2.15
2.1
2.07
2.01
1.96
1.97
1.86
1.83
1.83
1.77
1.73
1.64
1.46
1.42
1.4
1.37
1.35
1.31
1.32
1.3
1.11
1.11
1.24
1.29
1.31
1.37
1.38
1.39
1.4
1.43
1.45
81.83
81.83
81.83
81.83
81.83
81.83
81.83
81.83
81.83
1.91
1.91
81.83
81.83
81.83
81.83
81.83
81.83
2.76
2.75
4.75
4.54
4.47
4.73
4.71
4.69
4.69
5.06
5.89
6.1
6.17
9.8
12.73
14.12
17.64
8.19
7.83
6.83
6.82
6.82
6.83
6.4
5.52
5.35
5.35
6.76
6.79
6.81
6.82
6.85
2.67
2.53
2.4
2.27
2.16
2.08
1.99
1.91
1.84
1.76
1.7
1.65
1.59
1.53
1.48
1.43
1.39
1.36
1.32
1.28
1.25
1.23
1.2
1.17
1.14
1.12
1.11
1.09
1.06
1.05
1.05
1.07
1.1
1.12
1.13
1.15
1.18
1.2
1.23
1.26
1.29
1.32
1.36
1.39
1.44
1.48
1.53
1.58
1.62
1.68
1.74
1.81
1.87
1.95
2.03
2.13
2.23
2.34
2.47
2.62
2.78
2.97
3.19
3.47
3.77
4.13
4.59
