2.71
2.72
14.44
10.18
8.76
6.94
5.88
5.65
5.03
5.01
4.59
4.2
3.99
3.8
3.75
3.77
3.8
3.82
3.84
3.86
3.82
3.66
3.51
3.38
3.25
3.13
3.03
2.94
2.85
2.76
2.68
2.61
2.53
2.53
2.55
2.58
4.36
4.42
4.48
4.51
4.42
4.34
4.26
4.19
4.11
4.04
3.98
3.92
3.86
3.79
3.74
3.7
3.65
3.6
3.57
3.52
3.48
3.45
3.41
3.37
3.34
3.3
3.27
3.25
3.22
2.99
2.96
2.94
2.92
2.9
2.89
2.87
2.86
2.85
2.89
3.01
3.0
2.98
2.98
2.97
2.96
2.95
2.94
2.94
2.93
2.93
2.93
2.93
2.92
2.92
2.93
2.93
2.93
2.93
2.94
2.95
2.95
2.95
2.96
2.97
2.98
2.99
3.01
3.01
3.02
3.04
3.05
3.06
3.09
3.11
1.6
1.53
1.51
1.53
1.54
1.55
1.57
1.59
1.6
1.61
1.63
1.65
1.67
1.69
1.7
1.72
1.75
1.78
1.81
1.82
1.84
1.87
1.9
1.94
1.97
2.01
2.05
2.08
2.12
2.16
2.21
2.26
2.32
2.36
2.42
2.49
2.55
2.62
2.69
2.77
5.24
5.19
5.13
5.08
5.05
4.99
4.96
4.92
4.89
4.86
4.82
4.8
4.77
4.83
9.3
9.26
8.56
8.53
8.52
9.14
9.05
9.18
9.17
9.15
7.96
4.58
4.55
4.55
4.55
4.54
