0.24
0.23
0.24
0.23
0.23
0.23
0.24
0.24
0.24
0.24
0.24
0.23
0.23
0.23
0.23
0.24
0.24
0.24
0.24
0.24
0.24
0.24
0.25
0.25
0.25
0.25
0.26
0.26
0.26
0.27
0.27
0.27
0.28
0.28
0.29
0.29
0.29
0.31
0.31
0.32
0.32
0.32
0.32
0.34
0.34
0.35
0.36
0.36
0.36
0.37
0.39
0.39
0.4
0.4
0.41
0.42
0.43
0.45
0.46
0.47
0.48
0.49
0.5
0.52
0.53
0.56
0.57
0.58
0.61
0.64
0.65
0.68
0.71
0.75
0.79
0.82
0.88
0.93
0.99
1.06
1.15
1.23
1.34
1.47
1.62
1.84
1.96
1.92
1.92
1.98
2.32
5.84
5.83
5.83
5.84
5.85
5.58
5.59
5.86
5.87
5.89
5.9
5.92
5.94
5.85
5.6
5.21
4.88
4.89
4.57
3.97
1.8
1.71
1.63
1.56
1.5
1.49
1.4
1.34
1.35
1.4
1.41
1.39
1.32
1.28
1.24
1.22
1.19
1.16
1.14
1.11
1.11
1.08
1.06
1.03
1.01
0.99
0.97
0.96
0.94
0.94
0.92
0.91
0.9
0.88
0.78
0.71
0.7
0.69
0.68
0.67
0.67
0.66
0.65
0.65
0.65
0.64
0.63
0.62
0.61
0.61
0.61
0.61
0.6
0.6
0.59
0.59
0.59
0.59
0.59
0.58
0.58
0.59
0.58
0.57
0.57
0.57
0.57
0.57
0.57
