3.8
5.57
4.14
4.12
4.28
4.33
81.83
5.22
5.14
4.65
81.83
81.83
6.37
81.83
81.83
81.83
81.83
81.83
81.83
81.83
81.83
81.83
81.83
81.83
81.83
81.83
81.83
2.88
9.16
81.83
81.83
81.83
81.83
11.59
12.76
1.19
81.83
81.83
20.66
20.63
20.62
1.58
16.19
6.49
1.94
1.91
1.87
1.63
1.62
1.62
1.61
1.62
1.62
1.63
1.63
1.64
1.65
1.65
1.6
1.09
1.66
1.64
1.64
1.66
1.72
1.89
4.03
4.03
4.02
4.0
4.01
4.01
4.01
4.01
4.01
4.02
4.03
4.04
4.05
4.03
7.06
7.11
7.27
4.43
3.84
3.81
7.73
7.49
7.36
7.43
6.76
6.7
6.06
5.97
5.78
5.72
5.75
5.89
6.02
1.88
1.92
1.75
1.75
1.79
81.83
81.83
81.83
81.83
81.83
81.83
81.83
81.83
81.83
81.83
81.83
81.83
2.18
2.18
2.19
2.26
2.22
81.83
2.31
81.83
81.83
81.83
81.83
81.83
81.83
81.83
81.83
81.83
81.83
81.83
81.83
81.83
81.83
81.83
3.91
3.88
3.89
3.92
3.94
3.96
3.99
4.01
4.04
4.06
4.07
2.47
3.09
4.14
4.11
4.21
4.24
4.26
4.3
4.34
2.48
4.39
2.44
2.2
2.28
4.56
4.56
4.44
4.48
4.44
3.28
4.45
4.55
1.88
3.15
4.71
3.05
3.0
4.86
2.33
2.3
2.33
