1.64
1.63
1.6
1.58
1.55
1.53
1.52
1.51
1.49
1.48
1.46
1.44
1.43
1.41
1.4
1.39
1.38
1.36
1.36
1.35
1.34
1.34
1.33
1.33
1.32
1.31
1.31
1.3
1.3
1.3
1.48
6.02
5.99
3.64
3.64
3.64
3.64
3.65
3.65
3.65
3.65
3.64
3.66
3.86
3.47
3.47
3.47
3.49
3.51
3.84
3.86
3.86
3.88
3.9
3.9
3.92
3.94
3.96
6.28
6.31
6.35
6.39
6.43
6.47
6.51
6.57
6.57
6.32
6.11
5.92
5.75
5.57
5.43
5.29
5.15
5.03
4.92
4.8
4.69
4.59
4.49
4.4
4.32
4.24
4.16
4.09
4.02
3.96
3.95
3.96
4.05
4.1
6.29
6.31
10.06
5.08
4.96
4.89
4.89
5.02
5.16
5.33
5.49
3.19
3.15
3.13
3.1
3.08
3.06
3.05
3.98
4.0
3.97
3.94
3.94
4.89
4.86
4.86
5.66
5.66
5.67
5.65
5.64
5.62
5.6
5.59
5.59
5.59
5.68
5.67
5.66
5.67
5.67
5.68
5.68
5.69
4.08
3.52
3.11
2.79
2.53
2.31
2.13
1.95
1.82
1.71
1.69
1.68
1.68
1.68
1.68
1.68
1.68
1.68
1.69
1.7
1.7
1.71
1.71
1.72
1.72
1.73
1.74
1.75
1.75
1.77
1.77
1.79
1.8
1.81
1.82
1.83
1.84
1.85
1.87
1.89
1.91
1.92
1.94
1.97
