1.06
1.06
1.04
1.05
1.05
1.06
1.05
1.04
1.04
1.04
1.05
1.07
1.07
1.07
1.08
1.09
1.08
1.1
1.11
0.94
0.96
0.97
0.99
0.99
1.0
1.01
1.02
1.02
1.04
1.05
1.06
1.07
1.08
4.75
4.65
4.55
4.46
4.36
4.29
4.21
4.13
4.06
3.99
3.93
3.87
3.8
3.75
3.7
3.64
3.6
3.56
3.51
3.47
3.42
3.38
3.35
3.32
3.29
3.26
3.22
3.19
3.17
3.14
3.12
3.09
3.07
3.05
3.03
3.02
2.99
2.98
2.96
2.95
2.94
2.93
2.62
2.7
2.91
2.9
2.89
2.88
2.88
2.87
2.87
2.86
2.72
2.86
2.86
2.86
2.87
2.87
2.87
2.88
2.89
2.89
2.9
2.91
2.92
2.92
2.93
2.94
2.96
2.96
2.98
3.0
3.02
3.04
3.05
1.46
1.4
1.36
1.31
1.25
1.2
1.17
1.13
1.1
1.06
1.02
1.0
0.99
0.95
0.93
0.9
0.88
0.86
0.84
0.82
0.8
0.8
0.79
0.77
0.76
0.74
0.73
0.72
0.71
0.71
0.7
0.68
0.68
0.67
0.66
0.65
0.65
0.64
0.63
0.62
0.62
0.62
0.61
0.6
0.6
0.59
0.59
0.58
0.58
0.58
0.57
0.57
0.57
0.57
0.57
0.57
0.56
0.56
0.56
0.56
0.56
0.55
0.55
0.55
0.55
0.55
0.55
0.54
0.56
0.56
0.54
0.55
