1.66
1.59
1.53
1.47
1.43
1.41
1.4
1.36
1.36
1.37
1.39
1.41
1.42
1.44
1.45
1.47
1.48
1.5
1.53
1.54
1.57
1.58
1.61
1.63
1.65
1.68
1.71
1.71
1.68
1.65
1.62
1.6
1.57
1.55
1.52
1.51
1.5
1.48
1.46
1.44
1.42
1.41
1.4
1.38
1.37
1.36
1.34
1.34
1.34
1.33
1.32
1.31
1.31
1.3
1.29
1.28
1.28
1.27
1.27
1.25
1.23
1.29
1.51
5.96
3.61
3.6
3.6
3.6
3.62
3.61
3.61
3.61
3.62
3.62
3.73
3.43
3.44
3.44
3.47
3.47
3.82
3.83
3.84
3.85
3.86
3.88
3.9
3.91
3.94
6.26
6.3
6.33
6.38
6.43
6.46
6.51
6.56
6.54
6.31
6.1
5.92
5.75
5.59
5.43
5.3
5.18
5.05
4.93
4.81
4.71
4.62
4.52
4.43
4.34
4.27
4.19
4.12
4.05
4.0
3.92
3.95
4.04
4.11
6.32
6.32
10.11
5.09
4.97
4.93
4.92
5.04
5.18
5.35
5.52
3.2
3.19
3.16
3.13
3.11
3.08
3.08
3.98
4.03
4.0
3.98
3.98
4.93
4.89
4.89
5.69
5.7
5.69
5.67
5.67
5.66
5.64
5.63
5.63
5.62
5.72
5.71
5.71
5.71
5.72
5.72
5.73
5.74
4.05
3.54
3.14
2.84
2.58
2.36
2.18
2.02
1.88
1.76
1.74
1.73
1.74
