6.89
0.62
0.44
0.38
0.37
0.37
0.37
0.37
0.37
0.38
0.38
0.38
0.37
0.37
0.37
0.37
0.38
0.38
0.38
0.39
0.39
0.39
0.39
0.39
0.39
0.4
0.4
0.4
0.41
0.4
0.39
0.36
0.37
0.37
0.37
0.37
0.38
0.38
0.39
0.39
0.41
0.41
0.41
0.42
0.42
0.42
0.43
0.44
0.44
0.45
0.46
0.46
0.46
0.47
0.48
0.49
0.5
0.51
0.52
0.53
0.54
0.56
0.57
0.58
0.6
0.61
0.63
0.64
0.66
0.68
0.71
0.74
0.75
0.79
0.83
0.85
0.9
0.94
0.99
1.05
1.09
3.43
3.33
3.28
3.36
3.36
3.41
3.45
3.46
3.31
2.93
2.95
3.47
3.49
3.5
3.51
3.52
3.53
3.54
3.55
3.57
3.59
3.61
3.63
3.65
3.67
3.7
3.72
3.75
3.77
3.8
3.83
3.86
3.89
3.93
3.96
4.01
4.05
4.1
2.33
4.17
4.25
4.29
4.32
81.83
2.52
2.48
2.45
2.42
2.4
2.38
2.34
2.36
1.98
3.8
5.29
5.41
2.34
2.34
0.8
0.78
0.77
0.76
0.75
0.73
0.71
0.71
0.71
0.65
0.65
0.66
0.7
0.71
0.65
0.61
0.6
0.59
0.59
0.57
0.57
0.57
0.56
0.56
0.57
0.57
0.56
0.56
0.57
0.57
0.57
0.56
0.94
1.25
1.79
3.05
6.32
16.33
16.34
13.59
13.57
