1.41
1.4
1.39
1.38
1.38
1.37
1.37
1.36
1.35
1.16
1.05
1.34
1.33
1.33
1.33
1.33
1.33
1.33
1.33
1.33
1.31
1.32
1.33
1.33
1.33
1.33
1.33
1.33
1.34
1.34
1.34
1.35
1.36
1.36
1.37
1.37
1.38
1.39
1.4
1.41
1.42
1.42
1.43
1.45
1.46
1.47
1.48
1.49
1.5
1.51
1.53
1.54
1.56
1.58
1.6
1.62
1.64
1.66
1.68
1.71
1.74
1.76
1.79
1.82
1.85
1.89
1.91
1.96
1.99
2.03
2.07
2.11
2.16
2.22
2.27
2.33
2.38
2.44
2.52
2.58
3.07
3.83
3.8
3.77
3.73
3.72
3.69
3.67
3.65
3.63
3.61
3.6
3.58
3.57
3.56
3.55
3.54
3.53
3.52
3.51
0.71
0.71
0.7
0.7
0.69
0.71
0.72
0.72
0.72
0.73
0.72
0.72
0.72
0.73
0.73
0.72
0.73
0.72
0.72
0.71
0.7
0.7
0.7
0.7
0.71
0.72
0.73
0.73
0.74
1.54
1.55
1.56
1.57
1.58
1.59
1.6
1.61
1.62
1.64
1.66
1.68
1.69
1.7
1.72
1.75
1.79
1.79
1.82
1.84
1.87
1.89
1.93
1.96
1.99
2.02
2.06
2.09
2.14
2.2
2.23
2.28
2.3
2.39
2.43
2.35
2.55
2.63
2.64
2.61
2.58
2.55
2.52
1.91
1.9
1.88
1.86
1.84
1.83
1.82
1.82
