1.26
1.25
1.24
1.22
1.2
1.19
1.19
1.17
1.16
1.16
1.15
1.14
1.13
1.12
1.11
1.11
1.1
1.09
1.08
1.07
1.06
1.05
1.05
1.04
1.03
1.03
1.03
1.03
1.03
1.03
1.03
1.03
1.02
1.02
1.02
1.02
1.02
1.02
1.02
1.02
1.02
1.03
1.02
1.03
1.03
1.03
1.03
1.03
1.04
1.05
1.05
1.05
1.06
1.07
1.08
1.08
1.09
1.1
1.11
1.12
1.13
1.14
1.15
1.16
1.16
1.18
1.19
1.19
1.21
1.23
1.29
2.12
2.21
2.15
2.11
2.07
2.02
1.98
1.96
1.92
1.89
1.85
1.82
1.79
1.76
1.75
1.72
1.69
1.67
1.65
1.63
1.6
1.58
1.57
1.56
1.54
1.52
1.51
1.49
1.47
1.46
1.45
1.44
1.43
1.42
1.41
1.41
1.41
1.4
1.39
1.38
1.37
1.37
1.36
1.35
1.35
1.34
1.34
1.34
1.34
1.33
1.33
1.33
1.33
1.33
1.32
1.32
1.32
1.32
1.33
1.33
1.34
1.34
1.34
1.34
1.35
1.36
1.36
1.37
1.37
1.37
1.37
1.38
1.39
1.4
1.4
1.41
1.42
1.43
1.44
1.45
1.47
1.48
1.49
1.48
1.43
1.38
1.36
1.32
1.27
1.25
1.22
1.18
1.16
1.14
1.11
1.09
1.06
1.04
1.02
1.01
0.99
0.96
0.95
0.94
0.92
0.91
0.9
0.88
0.88
