0.97
0.97
0.97
0.97
0.97
0.97
0.97
0.96
0.96
0.96
0.96
0.97
0.98
0.98
0.99
0.99
1.0
1.01
1.0
1.0
1.01
1.02
1.02
1.02
1.03
1.04
1.05
1.06
1.06
1.05
1.08
1.1
1.11
1.12
1.13
1.15
1.16
1.17
1.19
1.2
1.22
1.24
1.26
1.28
1.29
1.33
1.34
1.37
1.4
1.42
1.45
1.48
1.52
1.52
3.89
3.81
3.74
3.67
3.64
3.7
3.77
3.91
3.98
4.07
4.14
4.24
6.45
6.37
6.29
6.21
6.14
6.07
6.0
5.93
5.88
5.83
5.77
5.71
5.68
5.63
5.58
5.54
5.5
4.99
5.44
5.4
2.68
2.63
2.62
2.6
2.58
2.58
2.56
2.56
2.55
2.54
2.54
2.53
2.52
2.53
2.52
2.52
2.52
2.52
2.52
2.52
2.52
2.52
2.52
2.53
2.53
2.53
2.54
2.55
2.56
2.56
2.57
2.58
2.59
2.61
2.62
2.63
2.64
2.66
2.68
2.7
2.71
2.73
2.75
2.78
2.79
2.82
2.92
2.99
3.02
3.05
3.21
3.25
3.28
3.31
3.36
3.59
5.43
5.52
2.05
2.0
1.96
1.92
1.88
1.84
1.81
1.78
1.75
1.72
1.69
1.67
1.65
1.62
1.6
1.58
1.56
1.54
1.53
1.51
1.48
1.48
1.48
1.46
1.45
1.44
1.42
1.41
1.4
1.39
1.38
1.37
1.37
1.37
1.35
1.36
