1.27
1.25
1.22
1.19
1.17
1.15
1.12
1.1
1.09
1.07
1.05
1.03
1.01
1.02
1.0
0.98
0.97
0.95
0.94
0.93
0.91
0.91
0.9
0.88
0.87
0.86
0.86
0.81
0.58
0.58
0.59
0.61
0.63
0.66
0.7
0.73
0.77
0.78
0.78
0.78
0.77
0.77
0.77
0.77
0.77
0.76
0.77
0.76
0.76
0.76
0.75
0.75
0.76
0.76
0.77
0.76
0.76
0.75
0.76
0.76
0.76
0.76
0.76
0.76
0.77
0.77
0.77
0.77
0.77
0.78
0.78
0.77
0.78
0.79
0.8
0.8
0.8
0.81
0.82
0.83
0.84
0.85
0.85
0.86
0.86
0.87
0.88
0.89
0.9
0.9
0.89
0.87
0.85
0.83
0.82
0.79
0.77
0.77
0.76
0.74
0.74
0.74
0.75
0.74
0.77
0.8
0.85
0.89
0.93
1.0
1.0
0.99
0.98
0.99
0.98
0.98
0.97
0.97
0.96
0.96
0.96
0.96
0.96
0.96
0.97
0.97
0.97
0.97
0.97
0.97
0.96
0.96
0.97
0.96
0.97
0.98
0.98
0.98
0.98
0.99
1.0
1.01
0.94
0.89
0.84
0.79
0.76
0.74
0.74
1.06
1.07
1.08
1.09
1.1
1.11
1.11
1.13
1.14
1.16
1.17
1.19
1.19
1.21
1.22
1.24
1.26
1.27
1.02
0.87
0.86
0.86
0.83
0.82
0.81
0.8
0.8
0.78
0.77
0.76
0.74
