1.47
1.47
1.47
1.48
1.47
1.48
1.48
1.47
1.47
1.48
1.48
1.48
1.49
1.49
1.51
1.51
1.51
1.52
1.52
1.53
1.55
1.56
1.57
1.58
1.59
1.59
1.6
1.62
1.63
1.65
1.66
1.67
1.69
1.71
1.72
1.74
1.77
1.79
1.81
1.84
1.87
1.89
1.91
1.95
1.97
2.02
2.05
2.09
2.13
2.17
2.23
2.26
2.32
2.37
2.43
2.49
2.56
2.63
2.71
2.79
2.88
2.98
3.08
3.22
3.34
3.49
3.67
3.88
4.12
4.42
4.79
5.24
5.88
14.03
13.98
13.94
13.92
11.26
11.23
11.22
11.21
11.19
11.19
11.18
11.18
11.18
11.19
11.19
8.54
6.87
5.72
5.31
5.34
3.88
3.5
3.21
2.94
2.7
2.5
2.35
2.21
2.09
1.98
1.86
1.79
1.71
1.63
1.55
1.49
1.43
1.37
1.33
1.28
1.24
1.19
1.16
1.12
1.09
1.05
1.02
1.0
0.97
0.95
0.93
0.92
0.9
0.88
0.87
0.86
0.84
0.83
0.8
0.81
0.8
0.79
0.76
0.75
0.75
0.74
0.73
0.73
0.71
0.7
0.7
0.69
0.69
0.69
0.68
0.67
0.66
0.65
0.65
0.64
0.65
0.64
0.64
0.63
0.64
0.62
0.63
0.63
0.63
0.62
0.63
0.62
0.62
0.62
0.61
0.62
0.61
0.61
0.61
0.62
0.61
0.61
0.61
0.61
0.61
0.62
0.6
