4.06
4.05
4.03
0.76
0.77
0.77
0.62
0.58
0.58
0.58
0.58
0.58
0.6
0.6
0.6
0.61
0.61
0.61
0.61
0.61
0.61
0.6
0.6
0.61
0.61
0.61
0.62
0.62
0.62
0.63
0.63
0.62
0.63
0.64
0.65
4.3
4.33
4.36
4.4
4.44
4.48
4.52
4.58
4.62
4.67
3.82
4.77
4.83
4.46
4.95
4.93
4.81
3.48
4.65
2.72
2.67
2.61
2.57
2.31
2.28
2.24
2.21
2.17
2.12
2.18
2.23
2.27
2.34
2.39
2.45
2.52
2.6
2.67
2.77
2.87
2.96
3.06
3.17
3.31
3.44
3.58
3.75
3.93
4.12
4.34
4.57
4.84
5.16
5.48
5.89
8.01
7.96
7.93
8.44
9.47
13.63
13.67
14.5
13.08
13.08
9.97
9.95
9.95
9.95
7.15
7.17
7.2
7.25
7.29
6.88
6.87
6.25
4.91
4.49
4.11
3.81
3.53
3.29
3.11
2.93
2.78
2.65
2.52
2.42
2.31
2.12
1.4
1.41
1.43
1.44
1.45
1.45
1.47
1.49
1.51
1.53
1.54
1.52
1.48
1.44
1.1
1.4
1.37
1.33
1.3
1.28
1.26
1.23
1.21
1.19
1.18
1.16
1.14
1.13
1.11
1.09
1.09
1.07
1.06
1.05
1.04
1.03
1.02
1.01
1.0
0.99
0.98
0.97
0.97
0.96
0.95
0.94
0.94
0.93
0.92
0.92
0.91
0.9
0.89
0.89
