1.03
1.03
1.04
1.04
1.05
1.05
1.06
1.06
1.06
1.08
1.08
1.09
1.09
1.1
1.11
1.12
1.13
1.14
1.15
1.16
1.16
1.18
1.19
1.2
1.21
1.23
1.23
1.25
1.27
1.3
1.32
1.33
1.35
1.37
1.39
1.41
1.44
1.46
1.49
1.52
1.54
1.58
1.61
1.65
1.69
1.72
1.77
1.82
1.87
1.93
1.99
2.05
2.13
2.21
2.29
2.37
2.46
2.57
2.69
2.81
2.97
3.16
3.38
3.68
4.03
4.43
5.06
9.49
9.43
9.39
9.34
8.97
9.25
9.22
6.55
6.52
6.49
6.47
6.45
6.43
6.42
6.41
6.41
6.4
6.39
6.39
6.39
6.39
6.39
6.4
6.4
6.41
6.43
6.47
5.38
4.77
4.32
3.93
3.62
3.36
3.13
2.93
2.74
2.57
2.44
2.32
2.21
2.1
2.0
1.93
1.85
1.78
1.71
1.66
1.6
1.54
1.5
1.45
1.41
1.38
1.34
1.3
1.26
1.23
1.22
1.18
1.15
1.13
1.11
1.08
1.06
1.05
1.03
1.01
0.99
0.99
0.98
0.97
0.95
0.94
0.93
0.92
0.9
0.92
0.95
1.01
1.02
1.07
1.09
1.15
5.74
5.69
5.64
5.6
4.38
5.52
5.48
5.46
5.42
5.39
5.35
5.33
5.31
5.28
5.26
4.76
4.44
4.43
4.43
4.39
4.37
5.25
5.29
5.28
5.28
5.28
4.08
5.25
5.28
5.28
