0.75
0.77
81.83
81.83
10.85
11.01
81.83
81.83
81.83
81.83
81.83
81.83
81.83
81.83
81.83
81.83
81.83
81.83
81.83
6.04
5.76
5.52
5.31
5.12
4.96
4.77
4.61
4.47
4.33
4.19
4.09
3.98
3.91
3.79
3.7
3.6
3.52
3.45
3.37
3.29
3.23
3.17
3.12
3.05
3.01
2.97
2.94
2.87
2.83
2.79
2.74
2.7
2.66
2.62
2.59
2.56
2.52
2.51
2.48
2.46
2.43
2.41
2.39
2.37
2.35
2.33
2.32
2.32
2.3
2.29
2.31
2.46
6.85
6.82
6.8
6.6
6.6
6.56
6.54
6.67
6.65
6.63
6.65
13.95
13.95
13.91
6.94
6.8
6.94
6.96
6.11
5.95
5.99
6.03
6.17
2.46
2.2
2.21
2.21
2.22
2.23
2.23
2.24
2.24
2.25
2.27
2.28
2.29
2.31
2.32
2.33
2.35
2.35
2.38
2.4
2.42
2.44
2.47
2.49
2.51
2.55
2.57
2.61
2.67
2.67
2.71
2.74
2.79
2.83
2.87
2.91
2.97
3.01
3.07
3.12
3.17
3.24
3.3
3.38
3.45
3.57
3.61
3.68
3.78
3.87
3.97
4.07
4.2
4.32
4.46
4.62
4.76
4.91
5.11
5.3
5.51
8.1
6.77
2.05
1.86
1.86
1.87
1.86
1.86
1.87
1.88
1.89
1.9
1.91
1.93
1.94
1.94
1.95
1.96
1.98
2.0
2.02
2.01
1.8
0.76
