0.97
0.97
0.98
0.98
0.99
0.99
0.99
0.98
0.99
0.99
1.0
1.17
1.17
3.58
3.58
3.37
3.01
3.03
3.17
3.18
3.21
3.23
3.26
3.27
3.29
3.34
3.21
4.03
4.07
4.12
4.16
4.22
4.26
4.31
4.36
4.42
4.26
4.17
4.06
3.99
3.91
3.83
3.77
1.59
1.52
1.51
1.49
1.49
1.51
1.57
1.6
1.63
1.67
1.71
1.75
1.79
1.76
1.74
1.73
1.71
1.69
1.68
1.66
1.65
1.64
1.63
1.63
1.58
1.58
1.63
1.66
1.9
1.89
1.87
1.86
1.86
1.85
1.84
1.83
2.09
2.36
3.16
3.17
3.84
4.91
6.16
21.55
20.49
17.01
17.02
8.79
8.55
6.52
5.37
4.56
3.93
3.46
3.08
2.78
2.53
2.33
1.64
1.46
1.46
1.46
1.45
1.45
1.45
1.45
1.44
1.45
1.44
1.45
1.45
1.44
1.44
1.44
1.44
1.45
1.45
1.45
1.45
1.45
1.45
1.46
1.46
1.46
1.47
1.48
1.49
1.49
1.5
1.51
1.52
1.53
1.54
1.55
1.63
2.34
2.39
2.44
2.5
2.54
2.83
2.9
2.98
3.07
3.14
3.25
3.35
3.38
3.37
3.37
3.52
3.57
3.64
3.74
3.69
3.64
3.6
3.56
3.52
3.49
1.43
1.44
1.44
1.44
1.43
1.43
1.42
1.42
1.42
1.41
1.43
1.42
1.41
1.41
1.42
1.42
1.42
