1.26
1.26
1.25
1.24
1.23
1.23
1.23
1.22
1.23
1.21
1.21
1.22
1.21
1.21
1.2
1.21
1.21
1.22
1.22
1.21
1.2
1.21
1.21
1.2
1.21
1.21
1.21
1.22
1.22
1.22
1.23
1.25
1.26
1.27
1.27
1.28
1.29
1.3
1.31
1.32
1.33
1.34
1.36
1.37
1.37
1.39
1.4
1.41
1.43
1.45
1.47
1.49
1.51
1.53
1.55
1.57
1.6
1.62
1.65
1.66
1.7
1.73
1.76
1.8
1.83
1.88
1.91
1.96
2.01
2.06
2.11
2.17
2.24
2.3
2.37
2.45
2.53
2.63
2.73
2.85
2.98
3.14
3.3
3.51
3.77
4.09
4.45
4.96
5.86
14.0
14.0
14.01
14.02
14.02
14.04
14.06
14.09
81.83
10.87
9.71
8.75
8.27
8.3
6.82
6.36
5.96
5.59
5.27
5.02
4.78
4.54
4.33
4.14
3.98
3.83
3.7
3.55
3.43
3.31
3.21
3.11
3.01
2.93
2.86
2.78
2.71
2.64
2.68
2.71
2.75
2.8
5.14
5.14
5.21
5.29
5.39
5.48
5.0
4.9
4.87
5.82
81.83
7.44
7.46
7.36
5.93
5.96
7.12
7.05
6.97
6.91
6.84
6.78
6.72
5.86
5.83
5.76
5.73
5.86
6.15
6.38
6.4
6.36
6.07
6.3
6.27
6.24
6.19
6.15
6.12
6.11
6.09
6.07
6.05
5.45
5.45
5.45
6.02
4.99
4.91
