1.18
1.21
1.23
1.22
1.2
1.19
1.18
1.16
1.15
1.14
1.13
1.11
1.1
1.09
1.08
1.07
0.97
0.84
1.04
1.04
1.03
1.03
1.03
1.01
1.01
1.0
1.0
1.0
0.99
0.98
0.98
0.97
0.97
0.96
0.96
0.96
0.95
0.95
0.95
0.95
0.95
0.95
0.95
0.95
0.95
0.95
0.95
0.95
0.96
0.96
0.96
0.97
0.97
0.98
0.98
0.99
0.99
1.0
1.01
1.01
1.02
1.03
1.03
1.04
1.04
1.05
1.06
1.07
1.08
1.09
1.1
1.11
1.12
1.13
1.14
1.16
1.17
1.19
1.2
1.22
1.24
1.26
1.28
1.29
1.31
1.34
1.37
1.38
1.41
1.43
1.46
1.49
1.52
1.56
1.59
1.63
1.68
1.72
1.77
1.81
1.85
1.91
1.98
2.03
2.1
2.17
2.26
2.34
2.43
2.52
2.63
2.26
2.26
3.04
3.21
3.38
3.61
3.87
4.17
4.34
4.32
4.31
4.31
4.67
5.3
6.13
7.24
10.7
10.7
11.97
11.98
11.98
14.39
14.38
14.4
6.29
5.23
4.43
3.86
3.42
3.07
2.78
2.55
2.35
2.18
2.04
1.92
1.8
1.69
1.56
1.57
1.57
1.57
1.57
1.61
1.61
5.63
5.67
5.72
7.94
3.63
3.59
7.41
4.78
4.76
2.97
2.98
6.5
6.49
3.25
3.24
3.3
0.74
0.72
0.71
0.71
0.7
0.69
0.66
0.66
