81.83
81.83
81.83
81.83
81.83
81.83
81.83
3.23
81.83
81.83
81.83
81.83
4.05
4.02
4.05
4.05
4.05
4.05
4.05
4.07
4.1
2.59
4.13
3.08
4.17
4.2
4.23
4.27
4.28
2.48
2.5
2.28
2.24
2.29
2.97
2.97
4.5
4.57
4.6
4.4
4.45
1.9
4.43
4.44
4.46
3.15
4.55
2.98
2.27
2.24
1.91
2.22
4.83
3.1
3.13
2.36
2.33
5.39
5.54
2.29
2.96
6.03
5.99
6.22
2.52
6.1
6.08
5.97
5.6
5.5
5.34
5.7
5.48
5.24
5.55
5.5
5.38
1.41
0.75
0.78
3.68
1.6
1.54
1.42
5.17
5.12
1.93
2.04
4.13
5.04
3.58
3.88
3.78
3.69
2.35
3.54
2.08
2.09
1.05
3.39
3.38
2.04
3.54
3.62
3.69
4.07
3.98
1.13
1.13
0.92
0.95
2.11
2.11
1.82
1.82
3.58
1.78
1.78
3.47
3.41
3.42
1.36
1.37
1.53
1.53
3.29
3.27
3.25
3.22
3.18
2.23
3.17
3.16
0.76
0.78
3.12
3.09
1.71
1.25
1.25
3.08
3.08
3.08
3.07
3.07
3.07
3.06
3.06
3.06
3.06
3.1
3.15
3.26
3.26
3.27
3.27
3.29
3.31
3.31
3.32
3.33
3.35
3.35
3.36
3.38
3.41
3.44
3.46
3.49
3.51
3.53
3.57
1.4
1.41
3.66
3.68
3.75
3.76
3.75
3.78
