4.79
4.8
4.81
4.83
4.85
4.88
4.89
4.92
4.94
4.97
5.0
7.43
7.38
7.35
7.3
7.29
7.25
7.22
6.76
6.49
7.52
7.75
7.74
7.72
7.07
6.23
7.07
6.38
81.83
81.83
81.83
17.76
19.2
81.83
19.22
18.98
81.83
10.21
10.25
81.83
8.03
7.93
7.75
5.83
5.84
2.23
2.0
1.97
1.95
1.94
1.93
1.9
1.88
1.86
1.85
1.94
2.03
2.1
2.09
2.07
2.06
2.05
2.04
2.02
2.01
1.99
1.9
1.89
1.88
1.86
1.86
1.84
1.84
1.84
1.83
1.84
1.84
1.83
2.52
1.38
1.34
1.37
1.94
1.92
1.94
1.99
2.6
2.6
2.6
2.61
2.61
2.61
2.62
2.64
2.65
2.66
2.67
2.68
2.7
2.71
2.73
2.74
2.76
2.79
2.8
2.82
2.84
2.87
2.86
2.86
2.95
2.98
3.02
3.05
3.09
3.12
3.17
3.18
3.1
3.03
2.07
0.79
0.79
0.79
0.78
0.77
0.78
0.77
0.75
0.76
0.75
0.75
0.74
0.74
0.73
0.72
0.72
0.73
0.72
0.71
0.71
0.72
0.72
0.72
0.72
0.72
0.72
0.73
0.72
2.0
2.0
1.98
1.97
1.96
1.95
1.94
1.93
1.92
1.91
1.91
1.9
1.9
1.91
1.97
1.96
1.95
1.95
1.95
1.95
1.94
1.9
1.54
1.94
1.94
1.95
1.95
1.95
1.95
1.95
1.96
