1.51
1.3
1.3
1.31
1.36
1.4
1.44
1.48
3.85
3.84
3.84
3.84
3.85
3.84
3.85
3.85
3.85
3.85
3.86
3.86
3.87
3.89
3.9
3.91
3.93
3.97
4.7
4.73
4.76
4.78
4.81
4.84
4.87
4.91
4.95
4.99
5.03
5.09
5.13
5.18
5.24
5.3
5.38
5.45
5.52
5.58
5.67
5.74
5.82
10.22
9.68
9.15
1.48
1.42
1.35
1.31
1.21
1.22
1.43
1.45
1.47
1.48
1.49
1.45
1.39
1.36
1.31
1.27
1.24
1.2
1.18
1.14
1.12
1.09
1.06
1.04
1.02
0.98
1.0
1.02
1.04
1.06
1.08
1.1
1.13
1.14
1.16
1.19
1.22
1.23
1.27
1.3
1.29
1.28
1.29
1.3
1.31
1.33
1.35
1.38
1.89
1.96
2.02
2.08
2.16
2.39
2.95
3.02
3.0
2.99
2.99
2.98
2.97
2.96
2.95
2.94
2.94
2.93
1.79
1.77
1.78
2.91
2.92
2.92
2.92
2.91
2.92
2.93
2.92
2.93
2.93
2.94
2.94
2.95
2.96
2.98
2.97
2.98
2.85
2.7
2.54
2.37
2.31
2.3
2.32
2.34
2.35
2.37
2.38
2.41
2.44
2.6
2.53
2.45
2.38
2.32
2.26
2.2
2.14
2.1
2.05
2.0
1.96
1.92
1.88
1.84
1.82
1.78
1.75
1.72
1.69
1.66
1.64
1.62
1.59
1.56
1.18
1.15
1.52
1.5
