0.83
0.84
0.85
0.86
0.87
0.89
0.9
0.91
0.91
0.84
0.76
0.74
0.73
0.77
0.77
0.77
0.76
0.7
0.69
0.67
0.67
0.76
0.77
0.79
0.81
0.82
0.85
0.87
0.89
0.91
0.94
0.97
1.0
1.03
1.06
1.1
1.14
1.18
1.21
1.27
1.32
1.4
1.46
1.67
1.67
1.67
1.67
1.67
1.67
1.67
1.67
1.67
1.67
1.68
1.68
1.68
1.69
1.7
1.7
1.71
1.71
1.72
1.72
1.73
1.74
1.75
1.76
1.75
1.76
1.77
1.78
1.66
1.57
1.49
1.43
1.36
1.31
1.26
1.2
1.16
1.13
1.08
1.06
1.03
1.04
1.04
1.05
1.06
1.08
1.09
1.1
1.12
1.13
1.16
1.17
1.2
1.21
1.23
1.25
1.28
1.3
1.33
1.35
1.38
1.41
1.44
1.46
1.5
1.53
1.58
1.61
1.64
1.7
1.75
1.8
1.85
1.91
1.98
2.05
2.13
2.22
2.32
2.41
2.53
2.65
3.19
3.32
3.29
3.27
3.24
3.21
3.2
3.18
3.16
3.14
3.12
3.1
3.09
3.07
3.06
3.05
3.04
3.03
3.02
3.01
3.01
3.0
2.41
2.4
2.4
2.4
2.39
2.4
2.4
2.4
2.4
2.4
2.41
2.41
2.42
2.42
2.43
2.44
2.44
2.45
2.46
2.47
2.48
2.5
2.51
2.52
2.54
2.56
2.58
2.58
2.6
2.62
2.64
2.63
2.55
