2.61
2.62
2.62
2.63
2.64
2.64
2.65
2.4
2.22
2.06
1.93
1.8
1.7
1.62
1.53
1.46
1.4
1.35
1.28
1.24
1.19
1.15
1.12
1.08
1.04
1.0
0.98
0.95
0.92
0.89
0.87
0.86
0.83
0.81
0.79
0.77
0.76
0.74
0.73
0.71
0.71
0.69
0.69
0.68
0.66
0.65
0.64
0.64
0.63
0.62
0.61
0.6
0.6
0.56
0.55
0.55
0.55
0.56
0.56
0.57
0.58
0.6
0.63
0.73
1.88
1.87
1.85
1.83
1.82
1.82
1.81
1.81
1.79
1.77
1.77
1.76
1.76
1.75
1.75
1.74
1.73
1.73
1.73
1.73
1.73
1.73
1.72
1.72
1.72
1.73
1.73
1.73
1.73
1.73
1.74
1.75
1.75
1.76
1.76
1.77
1.78
1.79
1.8
1.81
1.81
1.82
1.84
1.85
1.87
1.88
1.9
1.93
1.95
1.95
1.98
2.0
2.03
2.06
2.08
2.11
2.14
2.18
2.21
2.24
2.28
2.31
2.36
2.4
2.45
2.5
2.55
0.91
0.89
0.86
0.84
0.84
0.76
0.74
0.72
0.71
0.7
0.69
0.68
0.67
0.66
0.65
0.64
0.63
0.62
0.61
0.6
0.59
0.59
0.58
0.57
0.57
0.56
0.55
0.55
0.54
0.54
0.54
0.54
0.54
0.53
0.53
0.52
0.52
0.52
0.52
0.51
0.51
0.5
0.5
0.5
0.5
0.5
0.49
0.49
0.49
