0.71
0.71
0.71
0.71
0.71
0.72
0.72
0.72
0.72
0.73
0.73
0.73
0.74
0.74
0.75
0.75
0.76
0.76
0.77
0.77
0.78
0.78
0.79
0.8
0.8
0.81
0.82
0.82
0.82
0.84
0.85
0.86
0.86
0.88
0.89
0.9
0.91
0.93
0.95
0.96
0.98
0.99
1.0
1.03
1.05
1.07
1.09
1.11
1.14
1.17
1.18
1.2
3.77
3.73
3.68
3.66
3.6
3.57
3.52
3.49
3.47
3.43
3.4
3.37
3.34
3.32
3.29
3.29
3.27
3.24
3.23
3.21
3.21
3.19
3.19
3.37
6.9
6.88
6.87
6.92
6.97
6.96
7.75
7.74
6.15
6.09
6.07
6.08
6.1
6.88
6.95
6.91
6.84
3.15
3.15
3.16
3.17
3.16
3.17
3.19
3.2
3.22
3.24
3.25
3.27
3.29
3.3
3.32
3.35
3.36
3.4
3.42
3.46
3.51
3.52
3.55
3.58
3.63
3.66
3.71
3.74
3.8
3.84
3.88
3.95
3.99
4.06
1.25
1.23
1.21
1.21
1.16
1.15
1.11
1.11
1.1
1.08
1.06
1.07
1.13
1.13
1.15
1.13
1.13
1.12
1.1
1.09
1.08
1.07
1.05
1.05
1.02
1.02
1.01
0.99
0.97
0.95
0.94
0.93
0.93
0.9
0.86
0.85
0.85
0.85
0.83
0.81
0.8
0.8
0.8
0.8
0.81
0.81
0.81
0.8
0.8
0.81
0.8
0.81
0.82
