1.24
1.23
1.23
1.24
1.24
1.24
1.23
1.23
1.24
1.24
1.23
1.23
1.24
1.25
1.25
1.25
1.26
1.26
1.27
1.27
1.27
1.28
1.29
1.3
1.31
1.32
1.32
1.33
1.35
1.35
1.37
1.38
1.39
1.4
1.41
1.42
1.45
1.46
1.48
1.5
1.52
1.54
1.56
1.58
1.61
1.63
1.66
1.68
1.7
1.74
1.77
1.81
1.83
1.88
1.93
1.96
2.01
2.06
2.1
2.16
2.23
2.3
2.38
2.45
2.53
2.61
2.72
2.83
2.95
3.09
3.24
3.43
3.63
3.88
4.17
4.55
5.08
5.65
10.69
10.64
10.58
10.52
10.49
10.43
7.77
7.73
7.71
7.69
7.68
7.66
7.65
7.64
7.62
7.61
7.61
7.61
7.6
7.61
7.62
7.63
6.84
5.41
4.6
4.01
3.54
3.19
2.91
2.63
2.43
2.26
2.11
1.98
1.86
1.79
1.8
1.82
1.83
1.84
1.85
1.86
1.88
2.19
2.2
2.24
2.25
2.28
2.3
2.32
3.97
4.01
4.06
4.16
4.22
4.29
0.88
0.8
0.8
0.78
0.75
0.75
0.75
0.72
0.71
0.7
0.69
0.69
0.68
0.67
0.66
0.64
0.64
0.63
0.62
0.62
0.61
0.61
0.6
0.6
0.59
0.58
0.57
0.58
0.57
0.57
0.56
0.55
0.55
0.55
0.55
0.54
0.55
0.55
0.54
0.55
0.54
0.54
0.54
0.54
0.54
0.54
