2.61
3.03
3.23
2.27
2.38
2.4
2.38
2.25
2.32
3.2
3.19
3.19
3.15
2.51
3.19
3.2
3.19
3.2
3.2
3.21
3.21
3.22
3.23
3.2
2.99
2.75
2.52
2.55
2.56
2.58
2.59
2.6
2.61
2.65
2.66
2.66
2.62
2.53
2.43
2.35
2.28
2.21
2.14
2.08
2.02
1.96
1.91
1.86
1.81
1.78
1.74
1.71
1.66
1.62
1.61
1.57
1.54
1.51
1.49
1.48
1.45
1.43
1.4
1.38
1.36
1.34
1.33
1.31
1.29
1.27
1.25
1.23
1.23
1.22
1.21
1.19
1.18
1.17
1.16
1.15
1.14
1.13
0.85
0.64
0.66
1.0
1.09
1.09
1.09
1.08
1.08
1.07
1.06
1.06
1.06
1.06
1.05
1.05
1.05
1.05
1.05
1.05
1.05
1.04
1.04
1.04
1.04
1.04
1.05
1.05
1.05
1.05
1.06
1.06
1.07
1.08
1.08
1.09
1.09
1.09
1.1
1.1
1.11
1.12
1.13
1.14
1.15
1.16
1.17
1.18
1.19
1.21
1.22
1.22
1.2
0.9
0.85
1.05
1.03
1.02
1.0
1.0
1.0
1.0
1.01
1.04
1.06
1.07
1.08
1.1
1.12
1.14
1.17
1.67
1.71
1.75
1.78
1.82
1.86
1.92
1.97
2.04
2.1
2.15
2.22
2.3
2.36
2.28
2.3
2.31
2.29
2.27
2.27
2.26
2.23
2.22
2.2
2.16
2.29
2.27
