0.88
0.88
0.81
0.73
0.72
0.72
0.72
0.72
0.72
0.72
0.72
0.73
0.72
0.73
0.74
0.74
0.73
0.73
0.73
0.74
0.74
0.75
0.75
0.75
0.76
0.76
0.77
4.39
4.42
4.45
4.49
4.52
4.55
4.6
4.63
4.69
4.74
4.79
3.36
3.28
3.19
3.11
3.04
2.97
2.91
2.85
2.78
2.73
2.69
2.64
2.58
2.55
2.5
2.47
2.42
2.39
2.36
2.33
2.29
2.29
2.28
2.3
2.36
2.43
2.49
2.57
2.65
2.74
2.78
2.75
2.75
2.73
2.7
2.69
2.66
2.65
2.63
2.62
2.61
2.59
2.58
2.57
2.56
2.55
2.54
2.53
2.53
2.52
2.5
4.9
4.88
4.88
4.88
4.88
4.88
4.86
4.88
4.77
4.72
4.71
4.71
5.05
5.06
5.08
5.08
5.1
5.11
5.13
5.18
7.41
7.44
7.48
7.51
7.56
7.6
7.65
7.69
7.68
7.34
7.03
6.77
6.53
6.28
6.08
5.87
5.71
5.55
5.38
5.25
5.12
4.98
4.87
4.8
4.86
4.93
8.31
9.5
81.83
7.14
7.5
5.82
5.64
3.81
3.75
3.69
3.65
4.13
4.23
4.32
4.42
4.53
4.49
4.45
4.42
5.0
5.14
5.34
5.3
5.25
1.79
1.73
1.71
1.68
1.64
1.62
1.6
1.59
1.57
1.54
1.53
1.51
1.49
1.48
1.46
1.44
1.44
1.44
1.42
1.41
1.4
