2.9
2.91
2.92
2.93
2.94
2.95
2.95
2.36
2.01
2.01
3.02
3.03
3.06
3.07
3.11
3.13
3.16
3.19
3.21
3.25
3.27
2.35
2.35
3.39
3.44
3.48
3.46
3.38
3.3
3.23
3.17
2.94
2.94
2.97
2.91
2.87
2.81
2.76
2.72
2.67
2.65
2.64
2.56
1.57
1.55
1.53
1.53
1.52
1.51
1.5
1.49
1.48
1.48
1.46
1.46
1.44
1.45
1.54
1.68
1.84
1.95
2.16
2.14
2.13
2.13
2.12
1.92
1.91
2.05
81.83
81.83
11.8
7.83
8.16
8.17
9.39
9.45
17.58
21.38
21.37
10.63
10.34
10.35
9.89
8.83
8.91
5.52
4.82
4.31
4.31
4.32
4.33
4.35
4.36
4.38
2.22
2.12
2.01
1.99
2.18
2.19
2.2
2.22
2.24
1.98
1.91
1.85
1.78
1.72
1.65
1.61
1.57
1.52
1.5
1.5
1.51
1.54
1.55
1.57
1.59
1.61
1.64
1.67
1.69
1.71
2.9
2.95
3.01
3.06
3.13
3.19
3.26
3.35
3.42
3.5
3.59
3.63
3.59
3.55
3.51
3.48
3.44
3.4
3.37
3.36
2.39
2.5
3.27
2.1
2.12
2.17
2.02
2.01
2.05
2.23
3.12
2.44
2.07
2.07
2.12
2.07
2.07
1.98
2.01
2.04
2.3
2.29
2.29
2.26
2.28
2.28
2.28
2.26
2.26
2.26
2.26
2.26
2.26
2.27
2.27
