0.83
0.83
0.84
0.84
0.84
0.85
0.86
0.86
0.87
0.88
0.88
0.88
0.88
0.88
0.89
0.9
0.91
0.92
0.93
0.94
0.94
0.95
0.97
0.97
0.99
1.0
1.02
1.03
1.05
1.07
1.09
1.12
1.14
1.15
1.18
1.2
1.23
1.26
1.28
1.32
1.36
1.37
1.42
1.46
1.5
1.55
1.59
1.64
1.71
1.76
1.84
1.91
1.99
2.1
2.2
2.33
2.48
2.65
2.89
3.22
3.63
4.29
6.01
5.62
5.63
4.73
5.33
5.68
5.69
5.7
10.73
10.7
10.7
10.68
10.66
10.64
10.63
10.63
10.63
11.74
14.19
13.77
15.17
14.47
10.46
8.8
8.27
6.99
6.24
5.6
5.12
4.75
4.39
4.1
0.99
0.91
0.86
0.81
0.73
0.71
0.71
0.7
0.71
0.72
0.73
0.71
0.73
0.72
0.76
0.76
0.77
0.77
0.74
0.71
0.72
0.72
0.73
0.74
0.74
0.75
0.76
0.77
0.78
0.79
0.8
0.8
0.81
0.82
0.83
0.84
0.85
0.86
0.88
0.88
0.89
0.91
0.93
0.95
0.96
0.98
1.0
1.03
1.04
1.06
1.08
1.11
1.13
1.15
1.18
1.21
1.25
1.27
1.31
2.99
3.19
3.41
2.22
3.7
3.7
3.68
3.68
3.67
3.67
3.65
3.65
3.65
3.64
3.65
3.64
3.65
3.65
3.65
3.65
3.66
3.66
3.66
3.66
1.91
1.96
2.17
