1.98
1.98
1.98
1.97
1.97
1.97
1.96
1.97
1.96
1.77
1.77
2.15
2.15
2.16
2.17
2.18
2.18
2.2
2.22
2.23
2.23
4.1
4.05
8.57
4.08
6.01
4.03
4.09
4.02
81.83
5.24
5.93
5.98
6.1
6.21
81.83
81.83
8.43
8.39
81.83
81.83
81.83
11.87
12.22
15.89
81.83
81.83
15.6
81.83
7.62
15.18
6.64
6.25
5.03
5.63
5.47
5.52
5.56
6.31
6.34
5.26
6.39
6.42
6.47
6.49
6.53
6.57
6.61
6.67
6.71
6.76
6.81
6.88
6.92
6.99
6.94
6.91
4.57
4.54
3.08
3.05
3.01
2.98
2.95
2.92
2.89
2.86
2.83
2.82
2.79
2.76
2.76
2.74
2.72
2.71
2.69
2.68
2.66
2.65
2.63
2.62
2.61
2.6
2.6
2.59
2.58
2.58
2.57
2.57
2.57
2.57
2.57
2.57
2.57
2.57
2.58
2.57
2.58
2.59
2.6
2.6
2.61
2.62
2.64
2.66
2.67
2.69
2.68
2.7
2.73
2.75
2.76
2.79
2.82
2.84
2.87
2.9
2.91
2.94
2.98
3.01
3.05
3.08
3.12
3.16
3.21
3.26
3.3
3.35
3.41
3.47
3.54
3.6
3.67
3.74
3.82
3.9
3.99
4.1
4.19
4.3
4.41
4.55
4.69
4.87
5.05
5.26
5.49
5.77
6.1
6.46
6.9
7.47
8.3
16.09
16.03
15.98
13.29
13.25
13.21
