5.21
5.22
5.24
5.25
5.24
5.18
5.22
3.71
3.5
3.31
3.16
3.01
2.88
2.77
2.65
2.56
2.47
2.38
2.32
2.24
2.18
2.11
2.05
2.0
1.96
1.9
1.86
1.81
1.77
1.72
1.69
1.66
1.63
1.6
1.57
1.56
1.55
1.56
1.58
1.59
1.6
1.63
1.65
1.66
1.68
1.7
1.73
1.75
1.77
1.79
1.82
1.86
1.88
1.92
1.95
1.98
2.01
2.06
2.1
2.15
2.19
2.24
2.3
2.36
2.43
2.49
2.57
2.65
2.75
2.83
2.94
3.04
3.16
3.29
3.45
3.62
3.84
4.12
4.44
4.77
5.34
6.18
18.47
18.5
21.89
23.09
22.37
81.83
16.19
8.64
7.22
6.53
6.0
5.53
5.15
4.81
4.52
4.24
4.02
3.82
3.62
3.45
3.31
3.1
3.07
3.08
3.12
5.74
5.79
5.85
5.9
5.97
6.02
2.23
2.17
2.13
2.08
2.02
2.02
2.04
2.07
2.11
2.13
2.17
2.21
2.24
2.28
2.33
2.38
2.42
2.46
2.51
2.57
2.63
2.69
2.75
2.82
2.9
2.96
3.05
3.14
3.24
3.34
3.45
3.56
3.69
3.82
3.98
4.13
4.31
4.5
4.72
4.83
4.8
4.78
4.75
4.73
4.7
4.7
4.69
4.67
4.65
4.64
4.62
4.62
4.61
4.61
4.6
4.6
1.86
1.85
1.8
1.8
1.81
1.81
1.81
1.81
1.82
1.82
1.82
