0.97
0.96
0.97
0.97
0.97
0.97
0.97
0.98
0.98
0.98
0.98
0.98
0.99
1.0
1.0
1.0
1.01
1.01
1.02
1.03
1.04
1.04
1.04
1.05
1.05
1.06
1.07
1.08
1.09
1.1
1.11
1.12
1.14
1.15
1.17
1.18
1.19
1.21
1.22
1.23
1.24
1.27
1.29
1.31
1.32
1.35
1.38
1.41
1.43
1.45
1.49
1.52
1.55
1.59
1.61
1.64
1.68
4.44
4.56
4.7
4.84
4.97
5.13
5.29
5.46
5.65
5.86
5.97
5.92
5.88
5.85
5.81
5.77
5.75
5.71
5.68
4.23
4.21
4.27
4.65
5.09
5.58
8.17
8.16
8.15
11.93
12.54
12.59
12.63
11.7
11.59
12.04
8.1
8.1
8.1
8.11
8.12
8.15
4.14
5.33
4.07
4.14
4.16
4.16
2.14
2.0
1.86
1.87
1.86
1.84
1.88
1.87
1.85
1.87
0.84
0.81
0.78
0.74
0.71
0.7
0.68
0.66
0.65
0.62
0.61
0.59
0.58
0.56
0.55
0.54
0.53
0.52
0.51
0.5
0.5
0.49
0.48
0.48
0.47
0.46
0.46
0.45
0.44
0.44
0.43
0.42
0.42
0.42
0.41
0.41
0.41
0.4
0.4
0.4
0.39
0.39
0.39
0.38
0.37
0.38
0.37
0.38
0.38
0.38
0.37
0.37
0.37
0.36
0.36
0.36
0.36
0.36
0.35
0.35
0.35
0.35
0.34
0.33
0.33
0.33
