2.84
2.83
2.84
2.83
2.84
2.84
2.84
2.84
2.85
2.85
2.86
2.87
2.88
2.89
2.9
2.91
2.92
2.94
2.94
2.95
2.97
2.99
3.01
3.03
3.05
3.06
3.09
3.11
3.14
3.16
3.19
3.23
3.26
3.29
3.33
3.36
3.39
1.51
2.48
3.52
3.57
3.61
2.14
2.14
2.17
2.24
3.91
3.95
3.89
3.82
3.76
3.7
1.08
1.08
3.55
3.5
3.46
3.41
2.31
2.53
3.31
3.27
3.24
3.2
3.17
3.14
3.11
3.08
3.06
3.04
2.97
2.08
2.97
2.95
2.93
1.38
1.36
1.37
81.83
2.87
2.85
2.84
2.84
2.83
2.82
2.81
2.81
2.8
2.8
2.79
2.79
1.48
1.45
2.79
2.79
2.79
2.79
2.8
2.8
2.81
2.82
2.83
2.83
2.84
2.77
2.56
2.37
2.21
2.08
1.97
1.86
1.76
1.69
1.61
1.54
1.48
1.43
1.36
1.32
1.27
1.23
1.18
1.16
1.12
1.09
1.05
1.03
0.99
0.97
0.95
0.93
0.92
0.89
0.86
0.69
0.64
0.62
0.61
0.6
0.59
0.58
0.57
0.56
0.55
0.54
0.52
0.52
0.52
0.51
0.5
0.49
0.49
0.49
0.48
0.47
0.47
0.47
0.46
0.45
0.45
0.45
0.45
0.44
0.44
0.44
0.42
0.43
0.42
0.42
0.42
0.41
0.42
0.42
0.41
0.41
0.41
0.4
0.41
0.41
0.4
