0.8
0.81
0.81
0.82
0.81
0.8
0.8
0.8
0.8
0.79
0.78
0.78
0.79
0.8
0.81
0.81
0.83
0.85
0.85
0.86
0.87
0.87
0.87
0.88
0.89
0.88
0.89
0.89
0.9
0.92
0.92
0.93
0.94
0.95
0.94
0.97
0.98
0.99
0.99
1.02
1.03
1.04
1.04
3.07
3.05
3.14
3.14
3.11
3.04
2.99
2.94
2.98
3.02
3.09
3.15
3.21
3.3
3.27
3.22
3.17
3.14
3.09
3.07
3.04
3.01
2.19
2.18
2.28
2.53
2.88
2.61
2.84
2.83
2.8
2.78
2.76
2.75
2.73
2.8
2.99
3.8
3.78
3.77
3.75
3.72
3.71
3.71
3.68
3.68
3.66
3.66
3.67
3.66
3.65
3.65
3.65
3.65
3.65
3.66
3.68
3.69
3.69
3.7
3.71
3.63
3.38
3.39
3.41
3.42
3.79
3.79
3.83
3.84
3.86
3.9
3.92
3.94
3.97
4.01
4.05
4.07
4.11
4.14
4.19
4.23
4.2
4.08
3.98
3.89
3.79
3.69
3.62
3.54
3.46
3.4
3.33
3.26
3.21
3.15
3.09
3.05
2.99
0.94
0.92
0.9
0.89
0.88
0.87
0.86
0.86
0.85
0.84
0.83
0.82
0.81
0.8
0.8
0.79
0.78
0.78
0.78
0.77
0.77
0.76
0.75
0.75
0.74
0.74
0.74
0.73
0.73
0.72
0.72
0.72
0.71
0.71
0.71
0.71
0.71
0.71
