3.13
3.01
2.89
2.79
2.71
2.62
2.56
2.48
2.41
2.35
2.3
2.25
2.2
2.16
2.11
2.07
2.03
1.99
1.96
1.93
1.9
1.86
1.84
1.81
1.79
1.74
1.74
1.71
1.7
1.67
1.66
1.64
1.63
1.61
1.59
1.57
1.56
1.55
1.54
1.53
1.51
1.5
1.49
1.49
1.48
1.47
1.46
1.45
1.45
1.44
1.44
1.44
1.43
1.44
1.65
2.91
4.6
4.56
4.51
4.46
4.42
4.38
4.35
4.31
4.27
4.24
4.21
4.2
4.34
4.57
4.81
5.09
5.39
5.72
6.11
6.58
7.09
7.71
8.45
9.31
10.37
15.6
15.54
16.02
81.83
81.83
81.83
13.98
81.83
81.83
81.83
81.83
8.56
6.88
5.77
4.96
4.31
3.89
3.93
3.96
3.97
2.73
2.54
2.38
2.23
2.09
1.99
1.89
1.8
1.71
1.64
1.57
1.51
1.43
1.39
1.33
1.28
1.24
1.2
1.16
1.13
1.09
1.06
1.03
1.01
0.99
0.96
0.93
0.91
0.9
0.89
0.87
0.85
0.83
0.82
0.81
0.8
0.79
0.78
0.77
0.76
0.75
0.74
0.73
0.73
0.72
0.71
0.73
0.76
0.68
0.68
0.68
0.68
0.67
0.66
0.66
0.65
0.65
0.64
0.64
0.63
0.63
0.63
0.64
0.63
0.63
0.62
0.62
0.61
0.62
0.61
0.61
0.61
0.61
0.61
0.61
0.62
0.61
0.61
0.61
