1.2
1.22
1.24
1.27
1.3
1.33
1.35
1.38
1.41
1.45
1.29
1.26
1.29
1.31
1.34
1.38
1.43
1.47
1.5
1.54
1.59
1.64
1.71
1.76
1.83
1.91
1.97
2.13
3.75
3.74
3.72
3.7
3.68
3.67
3.66
3.65
3.64
3.63
3.62
3.47
3.61
3.6
3.6
3.59
3.59
3.59
3.59
3.59
3.6
3.6
3.6
2.01
1.96
1.97
1.98
1.98
1.98
1.99
2.0
2.01
2.02
2.03
2.04
2.06
2.07
2.08
2.08
2.1
2.12
2.13
2.15
2.17
2.19
2.21
2.22
2.25
2.27
2.3
2.32
2.34
2.37
2.4
2.44
2.47
2.5
2.53
2.57
2.61
2.65
2.7
2.73
2.78
2.84
2.89
2.95
3.01
3.07
3.13
3.19
1.51
3.37
3.44
3.53
3.63
3.73
3.85
3.97
4.09
4.22
4.37
4.52
1.41
1.38
1.36
1.34
0.9
0.88
1.29
1.28
1.26
1.25
1.25
1.21
1.22
1.21
1.22
1.23
1.23
1.23
1.23
1.23
1.21
1.22
1.25
1.26
1.27
1.32
6.13
6.13
6.13
3.94
6.13
3.38
5.98
1.73
1.74
5.94
5.82
5.42
5.47
5.1
4.77
1.24
4.24
3.98
3.79
3.6
3.42
3.29
3.16
3.03
2.92
2.83
2.73
2.65
2.58
2.49
2.43
2.36
2.3
2.24
2.19
2.14
2.08
2.04
1.99
1.96
1.92
1.88
1.85
