2.51
2.5
2.48
2.47
2.46
2.43
2.15
2.18
2.43
2.42
2.41
2.4
2.4
2.39
2.39
2.38
2.37
2.29
2.28
2.28
2.28
2.28
2.28
2.28
2.28
2.28
2.29
2.28
2.29
2.3
2.3
2.32
2.32
2.32
2.34
2.35
2.35
2.36
2.02
1.93
1.85
1.84
1.85
1.86
1.86
1.88
1.91
2.13
2.56
2.57
2.59
2.62
2.64
2.68
2.7
2.74
2.78
2.81
2.85
2.84
2.91
2.73
1.69
1.68
3.12
3.16
3.16
3.12
3.05
3.0
2.96
2.92
2.88
2.83
2.78
2.77
2.71
2.69
2.65
2.63
2.6
2.57
2.56
2.54
2.51
2.49
2.45
1.63
1.63
1.61
1.6
1.59
1.58
1.56
1.56
1.55
1.55
1.54
1.53
1.51
1.54
1.51
1.51
1.49
1.48
1.51
1.52
1.52
1.51
1.5
1.5
1.5
1.5
1.5
1.52
1.59
1.69
1.69
1.69
1.7
1.71
1.72
1.73
1.74
1.74
1.76
2.32
2.34
2.35
2.36
2.37
2.39
2.4
2.42
2.43
2.46
2.46
2.49
2.51
2.54
2.55
2.58
2.62
2.64
2.67
2.7
2.73
2.78
2.8
2.84
2.88
2.92
2.97
3.02
3.07
3.03
2.97
2.99
16.92
18.86
81.83
9.29
9.46
8.57
8.23
7.93
7.66
7.26
7.28
7.31
7.51
8.22
7.17
8.33
8.41
8.48
8.55
8.63
8.71
8.79
