0.63
0.63
0.64
0.63
0.63
0.63
0.64
0.64
0.64
0.65
0.65
0.66
0.66
0.67
0.68
0.69
0.69
0.7
0.7
0.71
0.72
0.72
0.73
0.73
0.74
0.75
0.76
0.77
0.78
0.79
0.8
0.82
0.83
0.84
0.85
0.88
0.91
0.92
0.95
2.05
2.02
1.99
1.96
1.94
1.91
1.89
1.87
1.84
1.82
1.8
1.78
1.78
1.83
1.81
1.8
1.79
1.79
1.8
1.95
2.03
4.3
4.33
4.31
4.29
4.27
4.26
4.24
4.24
4.24
4.23
4.22
4.21
4.22
4.24
6.55
6.59
6.6
6.62
6.41
6.41
6.44
6.77
6.79
6.8
6.81
6.83
6.88
9.12
9.16
9.19
9.24
9.27
9.32
9.36
9.12
8.69
8.3
7.91
7.61
7.3
7.01
6.75
6.52
6.3
6.3
6.39
6.44
10.46
10.58
5.16
2.88
2.71
2.58
2.45
2.36
2.27
2.16
2.09
2.03
1.96
1.89
1.84
1.79
1.74
1.69
1.65
1.62
1.57
1.55
1.5
1.48
1.44
1.41
1.39
1.37
1.35
1.31
1.29
1.27
1.25
1.24
1.22
1.21
1.19
1.17
1.16
1.14
1.14
1.13
1.11
1.1
1.1
1.09
1.08
1.07
1.06
1.05
1.04
1.03
1.03
1.03
1.02
1.01
1.0
1.0
1.0
0.99
0.99
0.99
0.98
0.97
0.97
0.97
0.97
0.97
0.97
0.98
0.97
0.96
0.97
