2.28
2.29
2.26
2.25
2.25
2.25
2.26
2.3
2.31
2.32
2.32
2.34
2.35
2.34
2.11
2.08
2.1
2.39
3.24
3.24
3.27
3.3
3.32
3.35
3.38
2.02
1.98
3.48
3.51
3.56
3.6
3.64
3.69
3.74
3.79
3.82
3.74
3.65
3.58
3.5
3.44
3.32
3.32
3.26
3.2
3.15
3.1
3.05
3.01
2.99
2.93
2.12
2.1
2.07
2.06
2.03
2.01
1.99
1.97
1.96
1.91
1.99
2.07
2.15
2.25
2.35
2.47
2.48
2.47
2.46
2.45
2.44
2.44
2.43
2.57
2.55
2.55
2.54
2.54
2.53
2.53
2.52
2.51
2.51
2.51
2.51
2.51
2.51
2.23
1.35
1.33
1.33
2.52
2.53
2.53
2.53
2.54
2.4
2.41
2.35
2.14
1.8
1.81
1.83
1.81
1.81
1.8
1.84
1.87
1.86
1.91
1.93
1.95
2.62
2.63
2.66
2.68
2.72
2.74
2.78
2.81
2.84
2.87
2.91
2.95
2.99
3.04
3.08
3.13
3.17
3.23
3.29
3.35
2.32
3.47
1.68
1.61
1.65
3.68
3.63
3.57
3.53
3.48
3.44
3.37
3.36
3.33
3.29
3.26
3.22
3.19
3.16
3.15
3.11
3.09
2.32
2.27
2.25
2.23
2.21
2.18
2.22
2.21
2.19
2.18
2.18
2.16
2.13
2.13
2.11
2.1
2.1
2.1
2.11
2.11
2.11
2.13
2.12
2.12
2.11
