1.74
1.8
3.01
2.95
2.89
2.85
2.82
2.77
2.7
2.66
2.61
2.59
2.54
2.51
2.48
2.44
2.42
2.41
1.86
1.76
1.74
1.41
1.28
1.26
1.25
1.24
1.24
1.22
1.23
1.22
1.21
1.2
1.19
1.18
1.17
1.17
1.15
1.16
1.17
1.63
1.95
2.04
2.03
2.03
2.02
2.02
1.82
1.97
4.52
4.52
4.52
4.52
4.53
4.54
4.54
4.55
4.54
4.56
4.57
4.58
12.76
11.51
10.58
9.78
7.94
7.43
6.97
6.58
6.21
5.9
5.6
5.35
5.11
4.9
4.87
4.91
4.95
4.98
8.23
8.21
8.28
8.38
10.89
11.62
6.8
6.62
6.47
6.32
6.17
6.04
5.93
5.81
5.69
5.59
5.5
5.39
5.32
5.23
5.16
5.08
5.03
5.09
5.14
5.2
2.28
2.3
2.34
2.42
2.38
2.36
2.33
2.31
2.29
2.25
2.24
2.23
2.22
2.2
2.18
2.16
2.14
2.13
2.13
2.1
2.1
2.09
2.08
2.07
2.06
2.06
2.05
2.05
2.04
2.04
2.03
2.03
2.01
1.27
1.28
1.26
1.26
1.27
1.26
1.27
1.28
1.28
1.27
1.26
1.26
1.27
1.27
1.28
1.29
1.3
2.07
2.08
2.1
2.11
2.11
2.12
2.13
2.15
2.16
2.17
2.19
2.21
2.22
2.25
2.26
2.31
2.31
2.33
2.37
2.39
2.4
2.44
2.47
2.51
2.11
2.09
