4.79
3.3
2.43
1.99
1.66
1.4
1.21
1.08
0.97
0.88
0.81
0.76
0.7
0.67
0.63
0.63
0.61
0.63
0.63
0.63
0.65
0.65
0.66
0.66
0.67
0.67
0.68
0.69
0.69
0.7
0.71
0.71
0.72
0.72
1.03
1.1
1.1
1.13
1.14
1.17
1.18
1.2
1.21
3.22
3.26
3.34
3.41
3.47
3.55
3.61
3.82
5.04
5.16
5.29
5.42
5.44
5.38
5.32
5.27
5.23
5.17
3.88
3.89
5.04
5.0
4.96
4.95
4.89
4.86
4.82
4.79
4.76
4.74
4.71
4.16
3.89
3.84
3.85
3.83
3.82
3.79
4.56
4.71
4.7
4.7
4.69
4.65
3.52
4.68
4.69
4.69
4.69
4.7
4.59
4.55
4.57
4.49
3.89
3.92
3.94
3.96
3.98
4.0
4.7
4.72
4.75
4.78
4.81
4.84
4.86
4.9
4.94
4.97
3.68
3.65
5.11
5.15
5.2
1.09
1.05
1.01
0.98
0.96
0.94
0.91
0.89
0.86
0.85
0.82
0.81
0.78
0.77
0.76
0.62
0.59
0.58
0.57
0.56
0.55
0.55
0.54
0.54
0.53
0.52
0.52
0.51
0.51
0.51
0.51
0.49
0.49
0.48
0.48
0.47
0.43
0.47
0.45
0.48
0.51
0.52
0.54
0.57
0.61
0.65
0.69
0.73
0.79
0.86
0.95
1.05
1.18
1.35
1.57
1.83
2.2
2.91
3.98
8.45
8.67
8.74
