3.69
3.6
3.52
3.44
3.35
3.21
3.22
3.16
3.1
3.04
2.98
2.92
2.89
2.83
1.95
1.93
1.91
1.88
1.85
1.83
1.81
1.79
1.76
1.71
1.77
1.82
1.88
1.94
2.02
2.1
2.18
2.25
2.26
2.25
2.24
2.22
2.21
2.2
2.18
2.21
2.34
2.33
2.32
2.31
2.3
2.29
2.29
2.28
2.27
2.26
2.26
2.26
2.25
2.25
2.22
1.07
1.07
1.08
1.1
2.25
2.26
2.26
2.27
2.27
2.28
2.14
2.14
2.11
1.94
1.56
1.55
1.56
1.57
1.55
1.55
1.54
1.55
1.59
1.6
1.62
1.65
1.66
1.68
2.35
2.39
2.41
2.44
2.46
2.48
2.51
2.54
2.57
2.61
2.65
2.68
2.72
2.75
2.8
2.84
2.9
2.93
2.99
3.05
3.1
3.17
2.06
2.09
3.39
3.47
3.5
1.39
1.39
1.45
3.29
3.26
3.18
3.18
3.16
3.14
3.11
3.08
3.06
3.04
3.0
2.99
2.97
2.95
2.95
2.92
2.14
2.13
2.11
2.09
2.06
2.04
2.09
2.07
2.05
2.03
2.03
2.03
2.04
2.05
2.04
2.04
2.04
2.04
2.04
2.04
2.06
2.05
2.04
2.03
2.05
2.06
2.07
2.08
2.1
2.11
2.86
2.87
2.88
2.89
2.91
2.92
2.96
2.96
2.99
1.97
2.0
3.05
3.07
3.1
3.12
3.17
3.18
3.21
3.25
3.29
3.32
