1.14
1.15
1.17
1.19
1.22
1.24
1.27
1.29
1.32
1.36
1.38
1.4
1.44
1.47
1.52
1.55
1.59
1.64
1.69
1.73
1.79
1.86
1.94
2.01
2.1
2.2
2.3
2.43
2.59
2.79
3.03
3.34
3.71
4.55
5.78
5.51
4.62
4.59
5.12
5.54
5.56
5.57
10.62
10.58
10.57
10.54
10.52
10.5
10.49
10.48
10.47
10.47
11.64
13.93
13.73
15.0
14.3
9.5
8.12
8.11
6.4
5.72
5.15
4.75
4.39
0.82
0.76
0.7
0.66
0.61
0.57
0.56
0.56
0.56
0.56
0.57
0.57
0.57
0.57
0.57
0.57
0.58
0.61
0.61
0.62
0.63
0.62
0.59
0.57
0.57
0.57
0.57
0.58
0.59
0.59
0.6
0.6
0.61
0.62
0.63
0.64
0.64
0.64
0.65
0.66
0.67
0.68
0.69
0.7
0.7
0.71
0.72
0.73
0.74
0.76
0.78
0.8
0.81
0.83
0.85
0.87
0.89
0.92
0.94
0.96
1.0
1.02
1.06
1.09
1.12
1.16
1.2
2.13
2.14
3.6
3.59
3.58
3.59
3.58
3.58
3.57
3.58
3.57
3.57
3.57
3.58
3.58
3.59
3.59
3.6
3.61
3.62
3.62
3.63
1.91
1.89
1.93
3.68
3.71
3.73
3.74
3.74
3.76
3.81
3.84
3.86
3.89
3.93
3.96
3.97
4.02
3.38
3.28
3.04
3.04
3.3
3.35
3.39
3.43
3.49
