2.97
2.94
2.91
2.89
2.86
2.84
2.82
2.8
2.77
2.76
2.74
2.73
2.71
2.69
2.69
2.69
2.66
2.66
2.65
2.64
2.63
2.63
2.61
2.61
2.61
2.61
2.6
2.6
2.6
2.6
2.61
2.61
2.61
2.62
2.62
2.62
2.62
2.63
2.64
2.65
2.65
2.67
2.71
5.43
5.45
5.18
5.52
5.54
5.32
5.27
81.83
5.7
5.73
5.77
5.81
5.87
5.92
5.98
3.93
3.82
3.35
3.26
3.2
3.22
3.26
3.29
3.34
3.39
3.43
3.49
3.54
3.61
3.67
3.73
3.79
3.87
3.94
4.03
4.1
4.18
4.27
4.37
4.47
4.58
4.7
4.82
4.96
5.1
5.24
5.41
5.58
5.76
5.96
6.18
6.41
6.65
6.92
7.47
8.33
8.28
8.22
8.19
8.14
8.11
8.06
8.1
3.06
2.77
2.56
2.37
2.17
2.01
1.88
1.78
1.72
1.7
1.67
1.67
1.68
1.69
1.7
1.71
1.73
1.75
1.76
1.79
1.79
1.82
1.84
1.86
1.87
1.9
1.93
1.94
2.03
1.99
1.93
1.9
1.86
1.83
1.79
1.76
1.74
1.71
1.68
1.66
1.63
1.61
1.6
1.57
1.56
1.54
1.52
1.51
1.49
1.48
1.47
1.45
1.44
1.43
1.41
1.4
1.39
1.38
1.37
1.37
1.35
1.35
1.34
1.33
1.33
1.32
1.32
1.3
1.29
1.29
1.3
1.29
1.28
1.29
