0.65
0.66
0.67
0.67
0.67
0.67
0.66
0.66
0.65
0.56
0.58
0.58
0.58
0.57
0.57
0.55
0.55
0.55
0.55
0.55
0.56
0.56
0.56
0.57
0.57
0.57
0.58
0.59
0.59
0.59
0.6
0.6
0.61
5.47
5.14
4.87
4.64
4.43
4.25
4.09
3.95
3.84
3.71
3.61
3.51
3.42
3.34
3.26
3.19
3.11
3.04
2.98
2.94
2.87
2.82
2.78
2.72
2.68
2.63
2.6
2.56
2.54
2.5
2.47
2.44
2.41
2.38
2.37
2.35
2.32
2.29
2.27
2.26
2.25
2.23
2.21
2.19
2.18
2.16
2.15
2.14
2.13
2.12
2.11
2.1
2.09
2.08
2.08
2.07
2.06
2.06
2.05
2.05
2.06
2.06
2.06
2.07
2.06
2.06
2.07
2.06
2.07
2.08
2.08
2.09
2.1
2.11
2.12
2.13
2.14
2.15
2.16
2.17
2.19
2.21
2.23
2.24
2.25
2.27
2.3
2.31
2.34
2.37
2.38
2.41
2.44
2.47
2.5
2.53
2.56
2.59
2.63
2.68
2.72
2.77
2.82
2.85
2.92
2.97
3.03
3.1
3.16
3.23
3.31
3.38
3.47
3.57
3.65
3.76
3.88
4.01
4.15
4.3
4.49
4.7
4.88
5.16
5.46
0.54
0.53
0.53
0.53
0.51
0.52
0.52
0.51
0.5
0.51
0.5
0.5
0.5
0.49
0.5
0.48
0.48
0.48
0.47
0.47
0.46
0.45
