0.95
0.95
0.95
0.95
0.95
0.96
0.95
0.96
0.96
0.96
0.97
0.97
0.97
0.97
0.98
0.99
1.0
1.03
1.04
1.09
1.73
1.74
1.74
1.74
1.77
1.77
1.8
1.8
1.89
1.92
1.85
1.79
1.74
1.69
1.65
1.6
1.55
1.53
1.49
1.45
1.42
1.38
1.36
1.34
1.31
1.27
1.25
1.24
1.21
1.19
1.17
1.15
1.13
1.12
1.1
1.08
1.07
1.05
1.04
1.03
1.01
1.0
1.0
0.99
0.98
0.97
0.96
0.95
0.93
0.93
0.93
0.92
0.91
0.9
0.9
0.89
0.88
0.88
0.87
0.87
0.86
0.86
0.86
0.86
0.86
0.86
0.86
0.85
0.86
0.85
0.84
0.85
0.85
0.85
0.85
0.85
0.85
0.85
0.85
0.84
0.85
0.84
0.85
0.86
0.86
0.86
0.86
0.86
0.87
0.87
0.88
0.89
0.89
0.9
0.91
0.91
0.93
0.93
0.93
0.95
0.96
0.96
0.98
1.0
1.0
1.0
1.01
1.03
1.04
1.06
1.08
1.1
1.12
1.13
1.14
1.13
1.12
1.1
1.07
1.05
1.03
1.01
1.01
0.99
0.96
0.95
0.94
0.93
0.92
0.91
0.9
0.89
0.88
0.87
0.87
0.86
0.85
0.84
0.83
0.83
0.82
0.81
0.81
0.8
0.8
0.79
0.79
0.79
0.78
0.78
0.78
0.77
0.77
0.77
0.76
0.76
0.76
0.76
0.76
0.76
