0.69
0.69
0.7
0.7
0.71
0.7
0.71
0.72
0.73
0.72
0.73
0.73
0.75
0.75
0.76
0.76
0.77
0.77
0.78
0.79
0.79
0.8
0.81
0.81
0.82
0.83
0.85
0.86
0.87
0.88
0.89
0.92
0.93
0.94
0.96
0.99
1.01
1.04
1.06
1.08
1.11
1.15
1.16
2.21
2.2
2.17
2.15
2.11
2.1
2.08
2.06
2.03
2.02
2.06
2.04
2.04
2.02
2.03
2.14
2.29
5.14
5.47
5.85
6.29
6.77
7.36
8.05
9.89
10.13
11.55
15.6
16.45
16.45
15.05
11.93
11.91
11.92
9.09
9.13
9.17
9.23
8.84
6.91
6.28
5.54
3.31
3.31
3.08
3.33
3.34
3.23
3.02
2.83
2.68
2.54
2.42
1.75
2.21
2.11
2.04
1.95
1.87
1.81
1.75
1.69
1.65
1.59
1.55
1.5
1.46
1.43
1.4
1.36
1.32
1.29
1.27
1.25
1.22
1.19
1.17
1.16
1.14
1.11
1.09
1.07
1.05
1.03
1.04
1.02
1.01
0.99
0.72
0.96
0.96
0.94
0.93
0.92
0.91
0.91
0.9
0.89
0.88
0.89
0.88
0.87
0.86
0.86
0.86
0.85
0.84
0.84
0.83
0.83
0.82
0.82
0.82
0.81
0.81
0.81
0.81
0.81
0.81
0.81
0.81
0.81
0.81
0.81
0.81
0.81
0.81
0.81
0.81
0.81
0.81
0.81
0.81
0.81
0.82
0.82
0.83
