2.28
2.1
1.94
1.81
1.69
1.59
1.51
1.42
1.36
1.29
1.24
1.19
1.15
1.11
1.06
1.02
0.99
0.96
0.92
0.9
0.87
0.85
0.82
0.8
0.78
0.75
0.73
0.72
0.71
0.7
0.68
0.65
0.63
0.62
0.62
0.62
0.64
0.63
0.63
0.66
0.67
0.71
0.73
0.88
0.92
2.47
2.44
2.42
2.4
2.38
2.35
2.33
2.31
2.28
2.27
2.26
2.24
2.22
2.21
2.19
2.18
2.16
2.15
2.15
2.15
2.14
2.12
2.12
2.11
2.1
2.09
2.1
2.09
2.09
2.08
2.08
2.07
2.07
2.07
2.07
2.06
2.06
3.6
3.61
3.61
3.62
3.63
3.64
3.64
3.66
3.67
3.68
3.7
3.71
3.71
3.61
3.62
3.66
3.69
3.72
3.75
3.75
3.9
3.94
3.97
4.0
4.03
4.07
4.11
4.14
4.18
4.23
4.27
4.32
4.38
4.43
4.48
0.78
0.73
0.71
0.68
0.67
0.64
0.57
0.56
0.56
0.56
0.55
0.55
0.54
0.53
0.53
0.52
0.52
0.51
0.51
0.5
0.5
0.5
0.49
0.49
0.48
0.48
0.47
0.47
0.47
0.46
0.46
0.46
0.46
0.45
0.45
0.45
0.45
0.45
0.44
0.45
0.44
0.45
0.44
0.44
0.44
0.44
0.44
0.45
0.45
0.44
0.44
0.44
0.45
0.44
0.45
0.45
0.44
0.45
0.45
0.45
0.45
0.45
0.45
