0.91
0.91
0.91
0.91
0.91
0.91
0.91
0.91
0.91
0.91
0.91
0.91
0.91
0.91
0.91
0.91
0.91
0.92
0.92
0.92
0.94
0.94
0.94
0.95
0.95
0.96
0.97
0.98
0.99
0.99
1.0
1.0
1.02
1.03
1.05
1.06
1.07
1.08
1.1
1.11
1.12
1.14
1.16
1.17
1.19
1.21
1.23
1.25
1.26
1.29
1.32
1.34
1.36
1.39
1.42
1.45
1.48
1.51
1.55
1.59
1.62
1.66
1.72
1.76
2.19
2.56
2.33
2.32
2.45
2.42
2.4
2.38
2.36
2.33
2.31
2.28
2.27
2.25
2.24
2.22
2.2
2.18
2.17
2.15
2.14
2.14
2.13
2.11
2.1
2.1
2.08
2.08
2.07
2.07
2.06
2.06
2.05
2.05
2.04
2.04
1.47
1.45
1.45
1.45
1.46
1.45
1.46
1.46
1.46
1.46
1.47
1.47
1.48
1.48
1.49
1.49
1.49
1.49
1.5
1.51
1.52
1.53
1.54
1.55
1.56
1.57
1.59
1.6
1.6
1.62
1.63
1.64
1.66
1.68
1.69
1.71
1.73
1.75
1.77
1.79
1.82
1.83
1.86
1.89
1.91
1.94
1.91
1.87
1.83
1.81
1.78
1.74
1.72
1.69
1.67
1.64
1.63
1.61
1.59
1.58
1.55
1.54
1.52
1.5
1.49
1.47
1.47
1.45
1.44
1.43
1.43
1.41
1.41
1.4
1.39
1.38
1.37
1.37
1.36
1.35
