0.53
0.53
0.53
0.53
0.53
0.52
0.52
0.52
0.52
0.52
0.52
0.51
0.53
0.52
0.52
0.52
0.51
0.52
0.51
0.52
0.52
0.51
0.52
0.52
0.51
0.51
0.52
0.53
0.53
0.53
0.53
0.54
0.54
0.55
0.56
0.56
0.56
0.56
0.56
0.57
0.58
0.59
0.6
0.61
0.61
0.61
0.62
0.64
0.63
0.66
0.67
0.67
0.68
0.7
0.69
0.71
0.73
0.75
0.76
0.77
0.8
0.82
0.83
0.86
0.88
0.91
0.93
1.12
1.14
1.19
1.23
1.47
1.52
1.58
1.64
5.72
4.08
5.6
5.56
5.52
5.5
5.45
5.42
5.39
5.36
5.33
5.31
4.52
4.49
4.47
4.47
4.49
5.2
5.24
5.32
5.31
5.31
5.3
3.95
3.91
3.92
3.91
3.91
3.99
5.19
5.19
4.54
4.58
4.6
4.62
4.63
5.29
5.25
5.34
5.34
5.36
5.41
5.45
5.48
1.78
1.79
1.37
1.11
1.06
1.02
0.98
0.93
0.9
0.89
0.91
0.92
0.92
0.93
0.95
0.95
0.94
0.97
0.98
1.0
1.01
1.03
1.05
1.05
1.08
1.08
1.11
1.13
1.16
1.17
1.2
1.23
1.26
1.29
1.31
1.35
1.39
1.43
1.47
1.51
1.57
1.62
1.66
1.72
1.8
1.84
1.91
2.0
2.07
2.18
2.28
2.38
2.51
2.65
2.82
3.0
3.2
3.43
3.68
4.0
4.4
