1.53
1.53
1.52
1.53
1.53
1.53
1.54
1.54
1.53
1.53
1.53
1.53
1.53
1.54
1.54
1.55
1.56
1.57
1.58
1.59
1.6
1.6
1.61
1.62
1.62
1.63
1.65
1.66
1.67
1.69
1.71
1.72
1.72
1.74
1.77
1.79
1.8
1.83
1.85
1.87
1.89
1.93
1.95
1.97
2.01
2.04
2.08
2.11
2.16
2.2
2.23
2.28
2.34
2.39
2.44
2.5
2.57
2.64
2.71
2.79
2.87
2.97
3.06
3.17
3.29
3.43
3.58
3.74
3.95
4.2
4.49
4.86
5.3
5.94
14.91
14.88
14.84
12.2
12.18
12.15
12.15
12.14
12.14
12.14
12.14
12.14
12.15
10.36
8.31
6.92
6.29
5.2
4.68
4.23
3.85
3.52
3.26
3.04
2.83
2.68
2.52
2.38
2.26
2.14
2.05
1.95
1.87
1.8
1.74
1.68
1.62
1.56
1.51
1.47
1.41
1.37
1.32
1.29
1.26
1.23
1.2
1.16
1.14
1.11
1.09
1.06
1.04
1.03
1.01
0.99
0.97
0.96
0.94
0.93
0.91
0.91
0.91
0.89
0.89
0.87
0.86
0.85
0.84
0.84
0.84
0.83
0.82
0.82
0.81
0.81
0.8
0.79
0.78
0.78
0.77
0.77
0.83
0.9
0.97
1.02
5.28
5.25
5.23
5.22
5.2
4.49
4.46
4.46
4.42
4.44
5.16
5.24
5.24
5.24
4.99
3.8
5.25
5.26
5.26
5.2
