3.88
3.87
3.89
3.68
3.57
3.59
3.59
3.61
3.63
3.64
3.67
3.73
3.75
3.59
3.44
3.29
3.17
3.05
2.95
2.83
2.75
2.66
2.59
2.51
2.13
2.14
2.17
2.2
2.24
2.25
81.83
81.83
81.83
81.83
81.83
81.83
81.83
81.83
2.07
2.02
2.09
2.12
2.14
2.15
2.18
2.19
2.22
2.24
2.26
2.3
2.33
2.36
81.83
81.83
81.83
81.83
81.83
2.59
81.83
81.83
81.83
81.83
81.83
81.83
81.83
81.83
81.83
81.83
81.83
81.83
3.23
81.83
3.23
3.27
3.16
81.83
81.83
81.83
81.83
10.89
10.96
11.26
4.0
11.53
9.02
5.02
5.48
4.86
4.81
4.81
4.94
4.94
4.95
8.21
12.41
8.11
6.44
81.83
81.83
81.83
81.83
7.05
6.98
81.83
81.83
81.83
81.83
81.83
81.83
9.82
10.26
10.66
10.52
3.37
5.56
5.18
4.28
3.75
3.76
3.77
3.79
3.81
4.52
4.51
3.45
4.53
4.54
4.55
4.56
4.57
4.58
4.6
4.62
4.64
4.65
4.67
4.7
4.73
4.75
4.79
4.81
4.84
4.87
4.91
4.94
4.96
5.01
5.05
5.01
4.97
4.94
2.59
2.57
2.56
2.55
1.12
1.11
1.1
1.09
1.08
1.06
1.05
1.05
1.03
1.02
1.02
1.01
1.01
1.0
0.99
0.98
0.98
0.98
0.97
0.97
0.96
0.95
0.95
0.95
0.95
