0.63
0.63
0.63
0.63
0.63
0.62
0.63
0.63
0.63
0.62
0.62
0.62
0.62
0.63
0.63
0.63
0.63
0.63
0.63
0.63
0.63
0.63
0.63
0.64
0.64
0.64
0.64
0.65
0.65
0.66
0.66
0.67
0.67
0.67
0.67
0.68
0.68
0.69
0.69
0.7
0.71
0.72
0.72
0.73
0.73
0.74
0.75
0.76
0.76
0.77
0.78
0.79
0.81
0.82
0.84
0.86
0.87
0.88
0.9
0.92
0.94
0.95
0.97
0.99
1.01
1.04
1.06
1.08
1.11
1.16
1.18
1.21
1.25
1.29
1.34
1.38
1.42
1.49
1.55
1.6
1.68
1.76
1.84
1.94
2.05
2.16
2.29
2.44
2.63
10.62
14.49
7.41
7.07
7.05
7.03
6.98
7.06
11.67
7.83
10.23
6.27
13.12
6.18
81.83
81.83
81.83
81.83
5.51
5.64
81.83
5.56
81.83
81.83
81.83
81.83
81.83
81.83
81.83
81.83
4.87
81.83
81.83
81.83
81.83
81.83
81.83
81.83
81.83
81.83
81.83
81.83
4.24
81.83
4.33
81.83
4.46
81.83
81.83
4.37
4.27
4.22
4.54
4.43
4.35
4.26
4.19
4.14
4.18
4.26
4.34
4.29
3.95
3.99
4.09
4.54
4.61
4.75
4.85
6.33
6.47
6.69
4.62
4.63
6.8
6.72
6.67
5.98
5.93
5.91
6.1
6.43
5.95
6.34
4.86
4.89
4.9
4.92
4.93
6.17
1.55
