0.84
0.84
0.84
0.84
0.84
0.84
0.84
0.84
0.84
0.84
0.84
0.83
0.84
0.84
0.85
0.84
0.84
0.85
0.85
0.86
0.86
0.87
0.88
0.89
0.89
0.9
0.9
0.9
0.92
0.93
0.94
0.95
0.96
0.97
0.98
0.99
1.0
1.02
1.04
1.05
1.07
1.08
1.09
1.11
1.12
1.15
1.17
1.19
1.22
1.23
1.26
1.3
1.31
1.34
1.37
1.41
1.44
1.47
1.52
1.56
1.6
1.67
1.72
1.78
1.85
1.91
2.0
2.08
2.18
2.27
2.41
2.55
2.72
2.95
3.22
3.58
4.06
4.96
12.92
12.9
10.28
10.24
10.24
10.23
10.23
10.22
10.22
10.23
10.23
10.24
10.25
10.26
10.28
8.43
7.47
6.74
6.08
5.61
5.14
4.76
4.45
4.47
4.51
4.54
4.82
3.36
3.19
3.04
2.91
2.79
2.68
2.59
2.49
2.41
2.32
2.26
2.19
2.12
2.05
2.0
1.95
1.9
1.85
1.81
1.76
1.72
1.68
1.66
1.62
1.59
1.56
1.53
1.5
1.48
1.46
1.43
1.42
1.39
1.38
1.37
1.38
1.33
1.31
1.3
1.28
1.27
1.26
1.25
1.23
1.23
1.22
1.21
1.2
1.19
1.19
1.17
1.16
1.16
1.16
1.16
1.16
1.14
1.14
1.14
1.14
1.13
1.13
1.12
1.13
1.12
1.12
1.12
1.12
1.12
1.12
1.11
1.11
1.12
1.12
1.12
