2.59
2.56
2.53
2.5
2.47
2.44
2.42
2.4
1.79
1.79
1.79
1.77
1.32
1.31
1.31
1.31
1.3
1.29
1.28
1.28
1.27
1.26
1.25
1.23
1.22
1.23
1.25
1.24
1.23
1.42
2.09
2.09
2.09
2.09
2.01
1.91
1.97
4.6
4.6
4.61
4.61
4.62
4.61
4.62
4.62
4.64
4.65
4.66
11.31
10.41
9.66
7.88
7.39
6.96
6.56
6.23
5.93
5.63
5.38
5.15
4.95
4.95
4.99
5.03
5.08
8.3
8.35
8.37
8.47
8.55
6.98
6.8
6.63
6.47
6.32
6.18
6.06
5.93
5.82
5.71
5.61
5.52
5.42
5.33
5.26
5.17
5.14
5.13
5.19
5.25
2.36
2.36
2.42
2.48
2.45
2.42
2.4
2.39
2.36
2.33
2.32
2.29
2.27
2.25
2.24
2.24
2.22
2.21
2.19
2.17
2.16
2.15
2.14
2.13
2.13
2.12
2.11
2.11
2.1
2.09
1.4
1.31
1.32
1.33
1.32
1.32
1.33
1.33
1.33
1.33
1.32
1.32
1.34
1.33
1.32
1.32
1.33
1.45
2.11
2.12
2.12
2.14
2.13
2.14
2.16
2.17
2.19
2.19
2.2
2.23
2.23
2.24
2.27
2.31
2.31
2.33
2.36
2.38
2.39
2.43
2.45
2.48
2.1
2.09
2.07
2.05
2.04
2.04
2.07
2.16
2.21
1.63
1.55
1.53
1.49
1.49
1.33
1.31
1.28
1.28
