1.04
1.03
1.01
1.01
0.99
0.98
0.96
0.95
0.94
0.93
0.93
0.92
0.91
0.9
0.89
0.88
0.87
0.86
0.86
0.85
0.84
0.84
0.83
0.83
0.83
0.82
0.81
0.8
0.8
0.8
0.8
0.79
0.79
0.79
0.8
0.8
0.81
0.8
0.81
0.8
0.8
0.8
0.8
0.8
0.8
0.8
0.8
0.8
0.81
0.8
0.81
0.81
0.82
0.82
0.83
0.84
0.84
0.85
0.85
0.86
0.86
0.87
0.88
0.89
0.9
0.91
0.92
0.93
0.93
0.95
0.96
0.97
0.99
1.0
1.01
1.03
1.04
1.06
1.08
1.1
1.12
1.13
1.15
1.17
1.19
1.22
1.24
1.26
1.3
1.34
1.37
1.39
1.44
1.47
1.52
1.55
1.61
1.65
1.72
1.79
1.86
1.93
2.02
2.1
2.21
2.32
2.44
2.57
2.77
2.98
3.26
3.63
4.13
4.88
9.39
9.35
9.3
9.05
9.23
9.19
6.55
6.52
6.51
6.5
6.48
6.47
6.45
6.45
6.44
6.45
6.45
6.45
6.45
6.45
6.46
6.46
6.48
6.49
6.51
6.53
6.61
5.12
4.71
4.34
4.04
3.76
3.54
3.36
3.16
3.0
2.87
2.73
2.6
2.49
2.4
2.3
2.23
2.15
2.08
2.0
1.96
1.89
1.84
1.78
1.72
1.68
1.64
1.61
1.56
1.53
1.5
1.45
1.43
1.41
1.38
1.35
1.33
1.31
1.28
1.28
