2.96
2.96
2.97
2.97
3.0
2.0
2.48
3.04
3.06
3.08
3.1
3.12
3.16
3.18
3.2
3.22
3.26
3.3
2.34
2.71
3.4
3.44
3.49
3.54
3.44
3.37
3.28
3.21
3.15
2.99
2.97
2.96
2.91
2.84
2.8
2.75
2.71
2.65
2.63
1.7
1.57
1.54
1.53
1.52
1.49
1.5
1.49
1.47
1.46
1.45
1.45
1.44
1.43
1.49
1.62
1.74
1.87
1.98
2.13
2.12
2.1
2.1
2.08
1.9
1.9
2.08
4.38
10.49
81.83
11.77
7.85
8.13
8.14
9.37
9.47
17.41
21.35
21.32
11.59
10.27
10.32
10.33
8.77
8.94
5.71
4.93
4.27
4.27
4.28
4.29
4.31
4.33
4.34
2.14
2.06
1.91
2.0
2.14
2.15
2.16
2.18
2.19
1.93
1.86
1.8
1.73
1.66
1.62
1.57
1.53
1.47
1.41
1.45
1.47
1.49
1.5
1.52
1.54
1.57
1.58
1.61
1.63
1.67
2.83
2.89
2.94
2.99
3.06
3.11
3.19
3.26
3.35
3.42
3.51
3.59
3.58
3.53
3.49
3.46
3.41
3.38
3.35
3.33
3.29
2.39
2.11
2.05
2.08
2.06
2.02
1.98
1.99
1.99
2.08
3.07
3.05
2.46
2.0
2.04
2.05
2.02
1.9
1.88
1.98
2.15
2.23
2.23
2.23
2.23
2.23
2.23
2.25
2.24
2.22
2.21
2.21
2.23
2.25
2.26
2.26
