6.19
6.2
6.22
6.22
3.81
4.29
6.27
6.29
6.31
6.32
6.36
6.39
6.41
6.45
6.48
4.13
4.81
5.45
6.66
4.66
4.69
4.18
3.82
5.0
1.69
81.83
81.83
81.83
81.83
81.83
81.83
81.83
81.83
81.83
81.83
81.83
81.83
81.83
81.83
81.83
81.83
81.83
81.83
81.83
81.83
81.83
81.83
2.09
81.83
2.07
1.99
81.83
81.83
81.83
81.83
81.83
81.83
81.83
81.83
81.83
81.83
81.83
81.83
3.22
81.83
81.83
81.83
81.83
81.83
81.83
81.83
81.83
4.76
5.05
5.19
5.64
5.6
5.48
9.23
9.28
9.04
8.61
8.65
8.72
8.36
8.3
8.45
8.49
10.47
10.62
9.31
9.09
9.8
9.05
8.93
8.57
8.44
6.6
6.55
6.52
6.48
6.32
6.23
6.25
6.47
6.68
6.93
7.2
7.49
7.81
8.14
8.54
1.19
1.16
9.91
10.5
1.42
1.45
3.31
3.29
3.29
1.93
3.93
4.08
4.07
0.9
0.87
0.89
4.04
4.03
4.04
4.04
4.03
4.04
4.04
4.05
1.79
1.76
4.07
4.08
4.09
4.09
4.11
4.12
4.14
1.86
0.81
0.8
0.8
0.8
0.8
0.8
0.79
0.79
0.78
0.79
0.79
0.79
0.79
0.8
0.8
0.8
0.8
0.79
0.78
0.79
0.78
0.79
0.79
0.8
0.8
0.8
0.8
0.8
0.81
0.81
0.82
0.83
0.83
0.83
