1.21
1.22
1.23
1.25
1.25
1.26
1.27
1.27
1.29
1.3
1.31
1.32
1.34
1.36
1.36
1.38
1.4
1.41
1.43
1.45
1.47
1.49
1.51
1.53
1.55
1.59
1.61
1.64
1.67
1.71
1.75
1.77
1.82
1.87
1.91
1.96
2.0
2.06
2.12
2.19
2.26
2.34
2.41
2.5
2.59
2.7
2.83
2.98
3.12
3.29
3.54
3.82
4.13
4.58
5.23
11.19
16.22
16.2
16.2
16.21
19.79
19.42
20.07
20.05
6.32
5.42
4.89
4.36
3.96
3.61
3.33
3.09
2.89
2.7
2.54
2.4
2.28
2.15
2.06
1.97
1.88
1.81
1.73
1.66
1.61
1.55
1.5
1.46
1.42
1.36
1.33
1.28
1.25
1.21
1.18
1.15
1.13
1.1
1.08
1.06
1.03
1.02
1.0
0.98
0.96
0.96
0.93
0.93
0.92
0.88
0.87
0.87
0.88
0.91
0.92
0.94
0.99
3.26
4.7
4.65
4.61
4.58
4.53
4.49
4.47
3.49
3.67
4.37
4.35
2.26
4.29
4.27
4.25
4.23
4.19
4.2
4.19
4.17
2.67
2.66
4.13
4.12
4.11
4.1
4.1
4.09
4.09
2.76
4.09
4.08
4.09
4.09
4.1
4.1
4.11
4.12
3.66
3.27
2.95
2.69
2.47
1.67
1.47
1.32
1.19
1.09
1.03
0.95
0.94
0.94
0.95
0.95
0.93
0.86
0.86
0.84
0.82
0.81
0.8
0.81
