3.34
3.34
1.87
3.31
3.29
3.27
3.26
3.24
3.23
3.21
3.21
3.2
3.19
3.18
3.17
3.17
3.17
3.17
3.22
3.3
3.35
3.35
3.35
3.36
3.36
3.36
3.37
3.38
3.38
3.38
3.4
3.42
3.43
1.42
3.44
3.48
3.48
3.51
3.52
3.54
3.56
3.59
3.6
2.3
2.3
1.08
1.01
3.78
1.83
1.86
3.64
3.69
3.73
2.54
3.81
3.86
3.9
3.95
4.01
1.31
1.31
1.3
1.28
1.28
1.28
4.45
4.53
4.62
4.71
4.8
4.91
2.29
1.28
1.25
2.68
5.53
5.63
5.78
1.89
1.88
2.08
1.68
1.69
1.86
6.76
3.29
4.28
4.76
4.06
4.0
3.66
1.12
5.07
5.1
7.31
1.55
1.53
7.58
7.61
7.71
7.8
7.9
3.31
3.32
3.41
3.42
3.04
5.47
7.39
7.21
5.39
7.09
6.98
6.94
3.62
3.21
3.93
3.92
4.16
4.13
81.83
6.47
6.48
4.51
81.83
6.21
6.22
81.83
81.83
81.83
81.83
81.83
81.83
81.83
81.83
3.74
81.83
81.83
3.46
3.47
81.83
81.83
81.83
81.83
81.83
81.83
2.87
2.87
81.83
20.67
20.61
20.6
20.6
16.16
16.12
16.24
8.01
6.46
6.46
1.17
1.17
7.27
1.59
1.62
1.92
1.9
1.86
1.71
1.64
1.64
1.64
1.64
1.66
1.65
1.68
1.69
1.71
1.71
1.71
1.73
