5.94
6.07
6.21
2.12
6.54
1.98
81.83
2.04
81.83
81.83
81.83
81.83
81.83
81.83
81.83
81.83
81.83
81.83
81.83
2.41
2.42
2.47
81.83
81.83
2.5
81.83
81.83
81.83
81.83
81.83
81.83
81.83
81.83
81.83
81.83
3.22
81.83
81.83
81.83
81.83
4.05
4.06
4.07
4.07
4.06
4.07
4.11
4.15
4.17
2.61
2.8
3.07
4.24
4.27
4.3
4.33
4.34
4.37
2.57
3.02
2.3
2.3
3.02
3.06
4.6
4.64
4.49
4.52
3.44
1.97
4.58
4.52
3.23
3.64
4.62
3.06
2.35
2.31
1.7
4.99
2.9
3.19
5.24
2.43
5.5
5.77
5.65
2.09
6.11
6.08
6.35
6.3
2.66
5.78
1.86
1.28
5.91
5.85
5.8
5.4
5.68
5.64
5.58
2.21
5.51
1.55
0.84
3.78
5.33
1.65
1.51
5.25
5.22
2.01
2.12
3.34
3.66
5.13
3.95
3.83
3.8
2.53
2.2
2.17
1.14
3.47
3.48
2.13
3.66
3.73
3.82
4.18
1.24
1.22
1.01
3.94
3.89
2.2
3.78
1.92
3.71
1.88
1.88
3.59
2.06
3.52
1.45
3.46
1.61
3.41
3.38
3.36
3.33
3.31
3.26
0.85
0.85
3.24
3.22
3.2
3.2
1.77
1.29
3.17
3.16
3.15
3.14
3.13
3.13
3.12
3.12
3.11
3.11
3.11
3.11
3.16
3.3
3.3
3.31
3.32
