1.13
1.14
1.14
1.14
1.14
1.15
1.16
1.16
1.16
1.16
1.17
1.17
1.17
1.18
1.19
1.0
1.05
1.22
1.23
1.23
1.23
1.25
1.26
1.27
1.28
1.29
1.3
1.32
1.34
1.35
1.36
1.39
1.4
1.42
1.45
1.47
1.5
1.51
1.54
1.57
1.6
1.62
1.66
1.69
1.71
1.76
1.74
1.71
1.7
1.67
1.65
1.64
1.63
1.6
1.64
1.68
1.74
1.81
1.86
1.93
2.0
2.07
2.16
2.24
2.35
2.47
2.59
2.73
2.9
3.08
3.3
3.55
3.83
4.16
4.55
8.89
8.86
7.93
7.89
7.89
9.14
9.09
9.09
9.09
11.51
11.51
10.27
11.53
11.54
4.37
3.42
2.98
2.61
2.33
2.08
1.88
1.73
1.59
1.48
1.39
1.3
1.23
1.16
1.09
1.03
0.99
0.93
0.89
0.85
0.81
0.78
0.76
0.72
0.69
0.67
0.65
0.63
0.62
0.59
0.58
0.58
0.56
0.54
0.54
0.53
0.51
0.5
0.49
0.48
0.47
0.47
0.47
0.46
0.46
0.45
0.44
0.44
0.43
0.42
0.42
0.41
0.41
0.41
0.4
0.4
0.39
0.38
0.38
0.38
0.38
0.37
0.37
0.37
0.36
0.37
0.36
0.36
0.36
0.36
0.36
0.35
0.35
0.36
0.36
0.35
0.37
0.37
0.37
0.37
0.37
0.37
0.37
0.36
0.36
0.36
0.36
0.36
0.37
0.37
0.37
