1.28
1.28
1.25
1.29
1.34
4.68
3.95
2.53
2.55
2.79
3.85
3.83
3.8
3.76
3.76
3.79
1.66
2.16
6.05
1.1
3.33
6.05
6.07
6.07
5.27
6.07
6.09
6.09
5.59
5.67
5.17
4.7
4.29
3.94
3.65
3.4
3.2
3.0
2.84
2.69
2.56
2.45
2.35
2.26
2.16
2.09
2.02
1.95
1.88
1.83
1.76
1.72
1.67
1.62
1.59
1.55
1.51
1.47
1.44
1.42
1.38
1.35
1.32
1.29
1.27
1.25
1.22
1.21
1.19
1.17
1.15
1.14
1.12
1.1
1.09
1.07
1.06
1.05
1.05
1.04
1.02
1.01
1.0
0.99
0.97
0.96
0.96
0.95
0.94
0.93
0.92
0.91
0.9
0.9
0.89
0.89
0.89
0.89
0.89
0.89
0.88
0.87
0.87
0.86
0.87
0.86
0.86
0.86
0.86
0.85
0.85
0.85
0.85
0.86
0.86
0.86
0.86
0.86
0.87
0.87
0.87
0.87
0.88
0.89
0.89
0.89
0.89
0.9
0.91
0.91
0.93
0.93
0.94
0.95
0.96
0.97
0.97
0.98
0.99
1.0
1.01
1.02
1.03
1.04
1.05
1.07
1.08
1.1
1.11
1.12
1.14
1.16
1.17
1.19
1.2
1.23
1.25
1.23
1.22
1.2
1.18
1.16
1.14
1.13
1.11
1.1
1.09
1.07
1.06
1.05
1.05
1.03
1.02
1.02
1.01
1.0
0.99
0.98
0.98
0.97
