4.72
4.95
6.21
6.16
6.11
6.15
6.5
6.94
7.46
8.06
8.78
9.66
10.69
14.13
14.16
14.24
81.83
81.83
81.83
15.92
15.74
16.61
4.78
4.15
3.74
3.45
3.19
2.95
2.75
2.59
2.46
2.35
2.24
2.16
2.09
2.01
1.94
1.88
1.83
1.79
1.73
1.67
1.63
1.59
1.54
1.52
1.48
1.44
1.41
1.38
1.36
1.33
1.3
1.29
1.27
1.25
1.22
1.2
1.19
1.17
1.15
1.14
1.12
1.1
1.1
1.07
1.07
1.06
1.05
1.04
1.02
1.02
1.01
0.99
0.98
0.99
0.97
0.97
0.97
0.97
0.96
1.02
1.08
1.16
1.22
2.89
2.99
3.11
3.24
3.38
3.46
3.45
3.46
3.73
3.95
4.19
4.46
4.78
5.15
5.59
6.08
6.69
7.01
7.0
6.99
8.69
11.99
12.09
18.46
19.67
19.68
22.11
9.25
7.99
7.98
7.99
8.0
8.02
8.04
8.06
6.34
5.77
5.28
4.86
4.53
4.2
3.94
3.71
3.51
3.34
3.16
3.01
2.87
2.75
2.64
2.55
2.45
2.49
2.52
2.55
2.58
2.6
2.68
2.7
2.74
2.76
2.8
2.82
2.86
2.91
5.0
4.9
4.87
4.89
4.97
5.03
5.11
5.03
4.94
4.87
4.81
4.73
4.68
4.61
4.56
4.5
4.44
4.4
4.34
4.3
4.26
4.21
4.18
4.14
4.09
4.06
4.04
3.96
3.49
1.13
