1.59
1.58
1.56
1.55
1.55
1.54
1.53
1.51
1.51
1.5
1.49
1.48
1.47
1.47
1.46
1.45
1.45
1.44
1.43
1.43
1.42
1.42
1.42
1.42
1.41
1.41
1.41
1.41
1.41
1.41
1.42
1.42
1.42
1.42
1.42
1.43
1.43
1.43
1.44
1.45
1.45
1.46
1.47
1.48
1.48
1.5
1.5
1.51
1.52
1.54
1.55
1.55
1.56
1.58
1.59
1.6
1.62
1.63
1.64
1.67
1.69
1.71
1.72
1.74
1.77
1.79
1.82
1.84
1.87
1.9
1.93
1.97
2.0
2.04
4.21
5.0
5.04
3.78
3.79
4.66
4.8
4.62
3.67
3.36
4.6
4.64
81.83
3.79
3.79
4.01
4.05
8.21
81.83
81.83
9.69
9.71
14.12
10.91
6.55
6.2
6.18
6.1
6.08
6.11
11.85
13.44
6.88
5.32
81.83
81.83
81.83
81.83
81.83
4.45
4.52
4.52
4.63
4.64
4.45
81.83
81.83
81.83
81.83
81.83
81.83
81.83
81.83
81.83
3.62
81.83
81.83
81.83
81.83
81.83
81.83
81.83
81.83
81.83
81.83
81.83
81.83
81.83
81.83
2.9
2.94
2.96
2.99
3.03
3.05
3.08
3.12
3.16
3.2
3.06
3.0
2.94
2.92
3.02
3.18
3.12
3.06
3.01
2.97
2.93
2.87
2.83
2.84
2.89
2.95
3.03
3.03
3.0
2.96
2.67
2.68
2.77
2.86
3.31
3.42
3.53
