2.67
2.03
1.84
1.82
1.81
1.81
1.94
2.76
2.95
3.21
3.27
3.24
2.11
2.09
2.09
2.11
3.1
1.7
1.69
2.29
2.43
2.42
2.34
2.39
2.5
2.6
2.72
1.93
1.96
1.97
2.85
2.84
2.84
2.83
2.83
2.83
2.83
2.13
2.07
2.07
2.07
2.08
2.08
2.07
2.06
2.08
2.07
2.05
2.06
2.07
1.97
1.89
1.83
1.84
1.88
1.89
1.91
1.91
1.91
1.93
1.93
2.98
3.0
3.02
3.04
3.09
3.1
3.12
3.15
3.17
3.2
3.23
3.28
2.21
2.19
2.18
2.19
3.48
2.05
2.05
2.05
2.05
2.05
3.65
2.21
2.21
2.21
3.37
3.31
3.26
3.21
3.15
3.11
3.07
3.02
2.99
2.96
2.95
2.9
2.86
1.92
1.9
1.9
1.88
1.86
1.83
1.89
1.89
1.87
1.84
1.83
1.82
1.86
1.85
1.84
1.84
1.85
1.85
1.85
1.85
2.34
2.33
2.5
4.69
4.68
4.67
4.67
4.66
4.66
4.65
4.65
4.65
4.65
4.66
4.66
4.66
4.67
4.67
4.68
4.69
4.71
4.73
4.74
4.76
4.77
4.79
4.8
4.83
4.85
4.88
4.9
4.94
4.98
7.38
7.35
7.31
7.28
7.27
7.23
6.81
6.88
7.62
6.02
7.75
7.74
7.62
6.26
6.27
6.44
81.83
81.83
81.83
19.2
19.27
81.83
19.08
81.83
81.83
10.28
10.42
