0.81
0.82
0.82
0.82
0.83
0.83
0.84
0.85
0.86
0.87
0.88
0.89
0.9
0.91
0.92
0.94
0.95
0.96
0.98
0.98
0.99
1.0
1.02
1.04
1.06
1.07
1.09
1.1
1.12
1.15
1.17
1.2
1.22
1.25
1.29
1.32
1.36
1.39
1.45
1.49
1.54
1.59
1.65
1.72
1.78
1.85
1.95
2.02
2.13
2.25
2.4
2.58
2.83
3.07
3.43
3.93
4.92
3.89
2.95
3.89
3.79
3.79
3.9
3.91
3.92
3.93
3.94
9.0
8.97
8.95
8.93
8.9
8.89
8.87
8.87
8.85
8.84
8.84
8.85
12.49
12.35
11.95
13.39
13.39
12.66
12.67
8.1
7.18
6.54
6.53
6.55
5.18
4.81
4.5
4.24
3.97
3.75
3.55
3.39
3.24
3.1
3.0
2.87
2.75
2.65
2.54
2.45
2.37
2.31
2.23
2.16
2.11
2.05
2.0
1.95
1.92
1.87
1.82
1.79
1.75
1.72
1.67
1.64
1.62
1.58
1.56
1.54
1.5
1.48
1.46
1.44
1.42
1.39
1.39
1.37
1.35
1.34
1.33
1.31
1.3
1.29
1.28
1.26
1.26
1.25
1.25
1.25
1.23
1.23
1.21
1.21
1.21
1.2
1.2
1.18
1.32
1.44
1.88
3.54
3.52
3.54
3.55
3.54
3.54
3.53
3.53
3.78
3.78
3.78
3.77
3.78
3.78
3.78
3.78
3.79
3.8
3.81
3.6
3.82
2.9
