1.48
1.47
1.47
1.47
1.46
1.41
1.47
1.47
1.46
1.47
1.47
1.47
1.47
1.48
1.48
1.48
1.49
1.49
1.49
1.5
1.47
1.49
1.51
1.52
1.53
1.53
1.55
1.56
1.57
1.58
1.6
1.6
1.61
1.61
1.35
1.25
1.26
1.69
4.27
4.3
4.19
4.09
1.01
1.01
1.0
3.73
3.65
3.58
3.5
3.44
3.37
3.3
3.27
3.2
3.16
3.16
3.24
4.99
4.9
4.85
4.79
4.72
4.67
4.61
4.55
4.5
4.47
4.42
4.38
4.34
4.31
4.27
4.24
4.2
4.18
4.15
4.11
4.09
3.85
3.85
3.8
3.79
3.78
3.76
3.75
3.74
3.93
3.92
3.91
3.9
3.89
3.88
3.87
3.87
3.86
3.86
3.86
3.86
3.86
3.86
3.87
3.87
3.88
3.88
3.89
3.91
3.91
3.92
3.93
2.53
2.39
2.4
2.4
2.42
2.43
2.44
2.46
2.48
2.5
2.52
2.53
2.54
2.56
2.58
2.61
2.63
2.66
2.68
2.72
2.75
1.0
1.0
1.0
0.85
1.04
1.05
0.95
1.06
1.1
1.1
1.13
1.15
1.18
1.19
1.21
1.23
81.83
81.83
1.08
1.1
1.39
1.38
1.43
81.83
0.53
0.54
81.83
1.71
1.71
81.83
81.83
81.83
81.83
81.83
81.83
81.83
81.83
2.46
1.83
1.82
1.82
1.81
1.42
0.99
1.73
1.79
1.77
1.77
1.76
1.75
