1.9
1.88
1.87
1.85
1.83
1.82
1.82
1.81
1.79
1.78
1.77
1.76
1.75
1.74
1.73
1.73
1.72
1.73
1.78
1.78
1.99
2.26
2.56
3.06
3.91
3.91
3.91
3.91
3.91
3.91
3.91
3.91
3.91
3.92
3.93
3.93
3.95
3.96
3.97
3.98
3.99
4.01
4.03
4.05
4.07
4.09
4.1
4.13
4.08
3.89
3.74
3.59
3.45
3.33
3.23
3.12
3.02
2.92
2.83
2.75
2.68
2.61
2.54
2.48
2.42
2.36
2.32
2.27
2.22
2.17
2.13
2.1
2.07
2.03
1.99
1.97
1.93
1.91
1.89
1.85
1.83
1.81
1.79
1.76
1.74
1.73
1.71
1.69
1.67
1.65
1.63
1.62
1.61
1.6
1.59
1.57
1.56
1.55
1.55
1.61
1.69
1.77
2.81
2.75
2.72
2.71
2.7
2.71
3.03
3.36
3.76
4.26
5.0
5.98
7.44
22.94
22.94
18.42
18.41
15.68
15.68
9.77
9.77
6.96
6.96
5.83
4.35
3.91
3.55
3.25
2.98
2.76
2.56
2.4
2.25
2.12
2.01
1.92
1.83
1.75
1.68
1.63
1.56
1.53
1.53
1.56
1.58
1.6
1.61
1.62
1.64
1.65
1.67
1.69
5.1
5.17
8.44
8.59
8.62
8.45
3.73
3.68
3.61
3.56
3.5
3.44
3.39
3.34
3.29
3.26
3.21
3.16
3.12
3.08
3.05
3.01
2.99
2.95
2.92
2.91
