3.59
3.56
2.48
2.44
2.45
2.44
2.43
2.43
3.14
3.34
3.54
3.67
3.66
3.65
3.63
3.62
3.61
3.58
3.56
3.56
3.57
3.56
3.58
5.98
5.98
81.83
5.98
4.84
4.86
5.99
6.0
6.01
6.02
6.04
5.42
5.42
5.44
5.47
5.48
6.06
5.56
5.56
5.58
5.61
5.83
6.36
6.41
6.45
6.5
6.54
6.6
6.66
5.09
2.84
2.76
2.7
2.64
2.58
2.43
2.16
2.11
2.06
1.97
1.98
1.99
2.02
2.06
2.08
2.12
2.16
2.15
2.11
2.09
2.04
2.02
2.0
1.96
1.93
1.91
1.89
1.86
1.84
1.81
1.79
1.8
1.82
1.83
1.85
1.91
2.0
2.06
2.14
2.24
2.31
2.42
2.53
2.66
2.81
2.97
3.16
3.89
3.87
3.85
3.84
3.82
3.81
3.8
3.8
3.79
3.78
3.77
3.77
3.76
3.76
3.76
3.76
3.77
3.77
3.77
3.78
3.78
3.79
3.8
3.8
3.8
3.81
3.83
3.84
3.6
3.37
3.16
2.98
2.84
2.69
2.55
2.43
2.33
2.24
2.14
2.07
1.99
1.92
1.86
1.79
1.74
1.69
1.65
1.61
1.57
1.53
1.49
1.46
1.43
1.39
1.37
1.35
1.31
1.28
1.26
1.25
1.22
1.2
1.18
1.16
1.14
1.13
1.12
1.1
1.09
1.07
1.07
1.05
1.04
1.02
1.02
1.01
1.0
0.98
0.97
0.96
