0.92
0.92
0.92
0.92
0.92
0.92
0.92
0.92
0.92
0.92
0.93
0.93
0.93
0.93
0.94
0.94
0.94
0.95
0.96
0.96
0.96
0.97
0.97
0.98
0.99
0.99
0.99
1.0
1.0
1.01
1.02
1.03
1.04
1.05
1.07
1.08
1.1
1.1
1.11
1.13
1.14
1.16
1.17
1.19
1.21
1.23
1.24
1.26
1.28
1.31
1.34
1.35
1.37
1.4
1.43
1.46
1.5
1.53
1.57
1.6
1.63
1.69
1.73
1.79
1.84
1.9
1.96
2.03
2.11
2.17
2.25
2.34
2.44
2.54
2.67
2.8
2.94
3.1
3.29
3.49
3.74
4.04
4.36
4.75
5.22
5.71
5.7
5.69
5.66
5.67
5.66
5.65
1.4
1.42
2.07
0.86
0.85
0.85
5.66
3.46
3.42
3.43
3.43
3.43
3.45
3.47
3.48
3.5
3.52
3.54
5.7
5.73
0.98
0.94
0.91
0.9
0.91
0.92
0.91
0.9
0.89
0.9
0.92
0.93
0.94
0.94
0.97
0.97
0.98
0.98
0.99
1.01
1.02
1.04
1.07
1.1
1.12
1.15
1.18
1.22
1.27
1.51
3.06
3.01
0.8
0.76
0.76
2.85
2.81
2.78
2.74
2.73
2.7
2.67
2.64
2.61
1.34
1.37
2.55
2.53
2.5
2.49
2.47
2.45
2.43
2.42
2.4
2.4
2.39
2.38
2.37
2.35
2.35
2.34
2.33
2.32
2.32
2.31
2.3
2.29
