3.02
3.04
3.05
3.08
3.08
1.79
1.72
1.67
1.59
1.58
1.65
1.32
1.29
1.25
1.21
1.19
1.17
1.13
1.11
1.09
1.05
1.01
1.01
1.05
1.07
1.09
1.1
1.13
1.16
1.18
1.2
1.22
1.26
1.3
1.32
1.35
1.34
1.35
1.37
1.42
1.46
1.49
1.53
6.32
6.56
6.81
7.06
7.34
7.7
8.84
8.8
8.87
9.34
9.91
10.48
11.19
11.99
12.92
16.73
16.72
16.82
3.85
3.29
2.93
2.94
2.94
2.95
2.97
2.99
3.59
3.6
3.6
3.57
3.57
3.67
3.71
3.72
3.72
3.73
3.75
3.77
3.78
3.79
3.81
3.83
3.85
3.87
3.88
3.9
3.92
3.95
3.98
4.01
4.04
4.06
4.1
4.14
4.17
4.2
4.18
4.17
4.18
4.25
4.3
4.36
4.41
4.46
4.52
1.73
1.7
1.66
1.63
1.61
1.58
1.54
1.6
1.56
1.53
1.5
1.49
1.46
1.45
1.43
1.4
1.38
1.38
1.36
1.34
1.33
1.32
1.31
1.27
1.33
1.37
1.42
1.43
1.5
1.51
1.59
3.41
3.38
3.35
3.33
3.32
3.31
3.29
3.28
3.26
3.25
3.24
3.23
3.03
3.19
3.22
2.28
2.26
2.37
2.37
2.25
2.24
3.2
2.79
3.17
2.74
2.52
3.22
3.22
3.22
3.23
3.24
3.25
3.26
3.27
3.19
3.0
2.78
2.57
2.58
2.61
2.61
