3.62
3.62
3.71
3.71
3.77
1.36
1.18
1.2
4.22
4.16
4.11
2.32
2.32
3.93
3.88
1.98
1.98
3.74
1.72
1.54
3.61
1.73
3.55
3.51
0.92
0.92
3.43
3.4
2.27
2.5
3.33
3.32
3.29
1.72
1.8
3.25
3.23
3.22
3.2
3.2
3.19
3.18
3.18
3.17
3.16
3.15
3.15
3.14
3.13
3.13
3.18
3.32
3.33
3.33
3.32
3.33
3.34
3.34
3.35
3.35
3.37
3.37
3.38
3.4
3.41
3.42
3.45
3.46
3.47
3.49
3.51
3.53
3.56
3.58
3.59
3.61
2.29
3.66
1.6
1.02
1.0
1.81
1.96
3.69
3.74
2.55
2.55
3.87
3.91
3.97
4.02
4.09
2.24
1.32
4.24
1.26
1.28
1.29
1.3
4.67
4.76
4.88
4.98
5.08
2.31
5.3
5.44
5.62
5.71
5.87
1.9
1.84
1.86
6.27
1.74
6.81
6.84
4.05
4.04
4.9
4.02
2.23
2.22
7.17
1.05
1.13
7.39
3.45
1.61
7.64
7.72
7.82
7.92
6.26
3.37
3.35
7.93
5.68
5.53
7.46
7.27
5.38
5.39
3.6
7.09
3.67
81.83
4.25
4.06
4.6
81.83
81.83
81.83
81.83
6.42
3.7
6.26
6.27
81.83
81.83
81.83
81.83
81.83
81.83
81.83
81.83
81.83
3.82
81.83
3.5
3.49
81.83
81.83
81.83
81.83
81.83
81.83
2.94
2.92
81.83
