1.44
1.44
1.45
1.46
1.45
1.46
1.46
1.47
1.47
1.48
1.48
1.49
1.5
1.51
1.52
1.53
1.55
1.57
1.58
1.59
1.61
1.62
1.64
1.66
1.67
1.7
1.72
1.75
1.77
1.81
1.83
1.85
1.88
1.92
1.95
1.97
2.01
2.05
2.09
2.13
2.18
2.23
2.27
2.33
2.38
2.44
2.51
2.58
2.65
2.74
4.01
3.97
3.93
3.89
3.86
3.83
3.81
3.78
3.75
3.73
3.7
3.68
3.66
3.64
3.62
3.61
3.58
3.57
3.56
3.56
3.79
4.75
4.74
5.32
6.16
7.36
9.11
12.99
12.97
12.98
15.35
15.14
15.33
15.49
15.51
4.74
3.83
3.48
3.21
2.97
2.78
2.63
2.51
2.4
2.3
2.21
2.12
2.04
1.96
1.91
1.86
1.81
1.76
1.7
1.67
1.62
1.58
1.54
1.51
1.48
1.45
1.42
1.4
1.38
1.37
1.34
1.31
1.28
1.27
1.26
1.23
1.23
1.21
1.19
1.18
1.16
1.15
1.14
1.12
1.12
1.11
1.1
1.09
1.08
1.06
1.06
1.05
1.04
1.04
1.03
1.02
1.02
1.02
1.01
1.01
1.0
1.0
0.99
0.98
0.98
0.98
0.98
0.97
0.98
0.98
0.98
0.99
0.99
0.98
0.97
0.97
0.98
0.98
0.99
0.98
0.98
0.99
0.99
1.0
1.01
1.01
1.02
1.02
1.04
1.03
1.04
1.05
1.06
1.07
1.08
