0.51
0.51
0.52
0.51
0.51
0.51
0.51
0.51
0.51
0.51
0.51
0.51
0.51
0.51
0.52
0.52
0.52
0.52
0.52
0.52
0.52
0.52
0.52
0.52
0.52
0.53
0.54
0.55
0.55
0.55
0.56
0.56
0.57
0.57
0.58
0.58
0.58
0.59
0.6
0.6
0.61
0.62
0.63
0.64
0.65
0.66
0.66
0.67
0.69
0.7
0.71
0.73
0.73
0.74
0.76
0.78
0.79
0.82
0.84
0.85
0.87
0.89
0.93
0.96
0.98
1.01
1.05
1.08
1.11
1.16
1.2
1.25
1.29
1.36
1.41
1.48
1.56
1.67
3.51
3.49
3.76
13.07
13.51
10.1
6.35
6.06
6.04
6.02
5.96
5.99
6.08
81.83
6.83
81.83
10.32
10.09
5.17
81.83
81.83
81.83
81.83
81.83
4.55
4.51
4.62
81.83
81.83
4.57
81.83
81.83
81.83
81.83
81.83
81.83
81.83
81.83
81.83
81.83
81.83
3.96
81.83
81.83
81.83
3.77
3.75
3.7
3.69
3.63
3.62
3.58
3.56
3.53
3.5
3.49
3.44
81.83
81.83
81.83
81.83
81.83
81.83
81.83
3.67
3.64
3.59
3.57
3.93
3.79
3.75
3.71
3.67
3.62
3.59
3.63
3.73
3.83
3.8
3.78
3.5
3.46
3.62
4.24
4.42
6.55
6.51
6.46
6.41
4.32
4.33
5.74
5.71
5.7
5.9
6.23
6.2
6.17
6.15
5.11
4.81
4.79
