2.66
2.61
2.57
2.53
2.51
2.46
2.43
2.4
2.37
2.35
2.32
2.3
2.26
2.24
2.22
2.21
2.19
2.16
2.15
2.13
2.12
2.11
2.09
2.07
2.06
2.05
2.04
2.02
2.01
2.0
2.0
2.0
1.99
1.99
1.98
2.02
2.08
2.16
2.25
2.34
2.43
2.55
2.68
2.83
3.02
3.23
3.49
3.78
4.21
4.71
23.32
23.27
81.83
81.83
81.83
9.6
8.94
8.21
7.67
7.2
6.78
6.42
6.1
5.81
5.54
5.31
5.08
4.89
4.69
4.53
4.38
4.18
4.19
4.2
6.96
7.04
7.11
7.2
7.27
3.36
3.3
3.21
3.17
3.2
3.25
3.3
3.35
3.4
3.45
3.52
3.59
3.65
3.72
3.8
3.87
3.97
4.06
4.15
4.25
4.36
4.47
4.59
4.71
4.84
5.0
5.16
5.31
5.49
5.68
5.84
5.8
5.75
5.71
5.69
5.65
2.7
2.69
2.68
2.67
2.66
2.64
2.63
2.62
2.61
2.61
2.6
1.57
1.58
1.59
1.59
1.59
1.6
1.59
1.6
1.6
1.71
2.85
2.87
2.87
2.84
2.85
2.87
2.89
2.91
2.91
2.93
4.19
4.23
4.12
4.08
4.1
4.16
5.32
5.02
4.94
4.97
5.01
5.03
5.4
5.15
5.17
5.22
5.24
5.28
6.1
6.16
6.23
6.3
6.37
6.45
6.53
6.6
4.87
4.91
6.79
6.67
6.55
6.42
6.3
6.2
