1.48
1.48
1.48
1.49
1.5
1.49
1.49
1.5
1.5
1.5
1.51
1.52
1.52
1.54
1.55
1.56
1.56
1.57
1.58
1.59
1.6
1.62
1.64
1.66
1.67
1.69
1.71
1.73
1.74
1.77
1.79
1.81
1.84
1.87
1.89
1.92
1.95
1.99
2.02
2.05
2.09
2.12
2.16
2.21
2.25
2.3
2.36
2.35
2.32
2.28
2.27
2.24
2.22
2.21
2.89
2.97
3.07
2.77
3.28
3.4
3.52
3.66
3.82
3.99
4.18
3.89
4.64
4.91
5.21
5.55
5.2
6.4
6.24
7.05
7.03
7.31
8.18
9.32
13.77
13.45
14.69
14.67
14.64
17.07
2.97
2.95
2.96
2.96
2.97
2.98
2.98
2.99
2.99
2.99
3.01
3.02
3.02
3.04
3.05
3.07
3.08
3.1
3.11
3.13
3.15
3.17
3.19
3.21
3.23
3.26
3.29
1.71
1.64
1.58
1.54
1.48
1.44
1.39
1.36
1.31
1.28
1.25
1.21
1.2
1.17
1.15
1.11
1.1
1.08
1.06
1.04
1.02
1.01
1.0
0.99
0.99
0.99
0.96
0.94
0.93
0.91
0.9
0.9
0.89
0.88
0.87
0.87
0.86
0.85
0.84
0.82
0.82
0.83
0.83
0.82
0.81
0.8
0.8
0.8
0.79
0.79
0.78
0.78
0.78
0.78
0.77
0.77
0.78
0.77
0.77
0.77
0.78
0.77
0.77
0.77
0.77
0.77
0.77
0.77
0.77
