0.73
0.73
0.74
0.73
0.73
0.73
0.73
0.73
0.73
0.73
0.74
0.74
0.74
0.74
0.75
0.75
0.75
0.76
0.76
0.77
0.77
0.78
0.78
0.78
0.78
0.79
0.8
0.81
0.82
0.82
0.84
0.85
0.85
0.86
0.87
0.89
0.9
0.91
0.92
0.93
0.95
0.97
0.98
1.0
1.02
1.02
1.04
1.07
1.08
1.1
1.12
1.15
1.17
1.2
1.23
1.26
1.29
1.33
1.37
1.39
1.44
1.49
1.52
1.58
1.64
1.69
1.75
1.83
1.9
1.97
2.06
2.16
2.26
2.38
2.53
2.7
9.85
7.02
6.93
6.91
6.88
6.87
5.86
5.85
5.85
7.09
7.08
7.05
7.07
7.07
7.09
9.47
9.47
9.49
9.5
9.5
9.52
8.9
8.91
8.92
2.64
2.37
2.37
2.37
2.4
2.35
2.35
2.35
1.43
1.41
1.34
1.27
1.23
1.17
1.13
1.07
1.03
1.0
0.96
0.92
0.89
0.85
0.83
0.8
0.79
0.76
0.74
0.73
0.71
0.69
0.68
0.68
0.66
0.64
0.63
0.62
0.61
0.6
0.59
0.59
0.58
0.57
0.57
0.56
0.55
0.55
0.54
0.53
0.53
0.53
0.53
0.52
0.51
0.51
0.51
0.5
0.51
0.5
0.5
0.49
0.49
0.49
0.49
0.49
0.49
0.48
0.48
0.47
0.47
0.48
0.47
0.47
0.47
0.46
0.46
0.46
0.46
0.47
0.46
0.46
