1.46
1.44
1.42
1.39
1.37
1.36
1.34
1.33
1.32
1.3
1.28
1.27
1.26
1.24
1.22
0.73
0.7
0.72
1.17
1.18
1.17
1.16
1.15
1.14
1.14
1.13
1.13
1.13
1.12
1.11
1.11
1.11
1.1
1.1
1.1
1.1
1.1
1.1
1.1
1.09
1.09
1.09
1.09
1.09
1.09
1.1
1.1
1.1
1.1
1.1
1.1
1.1
1.11
1.11
1.11
1.12
1.13
1.13
1.14
1.14
1.15
1.16
1.17
1.17
1.18
1.19
1.13
81.83
0.83
0.84
1.03
1.0
0.98
0.96
0.96
0.96
0.96
0.96
0.96
0.98
1.0
1.02
1.04
1.05
1.06
1.08
1.1
1.11
1.58
1.62
1.65
1.69
1.72
1.76
1.8
1.83
1.88
1.93
1.98
2.04
2.09
2.15
2.22
2.3
2.25
2.25
2.23
2.22
2.19
2.19
2.17
2.15
2.14
2.13
2.12
2.19
2.2
2.2
2.2
2.15
2.14
2.12
2.11
2.12
2.13
2.24
2.74
2.77
2.77
2.76
2.75
1.51
1.5
1.5
2.76
2.76
2.77
2.77
2.77
2.78
2.79
2.78
2.79
2.81
2.82
2.82
2.84
2.85
2.87
2.87
2.9
2.91
2.93
2.94
2.97
3.0
3.02
3.04
3.08
3.07
2.96
2.86
1.83
1.75
1.69
1.64
1.63
1.64
1.67
1.47
1.33
1.31
1.28
1.26
1.24
1.21
1.2
1.18
1.15
1.13
