2.21
2.0
1.99
2.16
1.54
1.52
1.54
1.52
1.52
1.55
1.54
1.52
1.53
1.53
1.56
1.57
1.57
1.58
1.69
2.2
2.22
2.22
2.23
2.24
2.25
2.27
2.28
2.3
2.32
2.34
2.36
2.38
2.39
2.41
2.44
2.47
2.49
2.51
1.32
1.39
1.46
1.38
1.4
1.4
1.39
1.19
1.19
1.4
1.44
1.44
1.47
1.49
3.15
1.49
1.48
2.99
2.94
2.9
2.85
2.82
2.79
2.75
2.72
2.68
2.66
2.62
2.59
2.57
2.54
2.52
2.51
2.49
2.46
2.44
2.44
2.42
2.4
2.4
2.39
2.37
2.37
1.6
1.58
1.57
1.55
1.53
1.52
1.52
1.51
1.53
1.54
1.54
1.52
1.52
1.51
1.51
1.52
1.52
1.51
1.52
1.53
1.53
1.52
1.53
1.54
1.56
1.54
1.55
1.56
1.57
1.59
2.34
2.37
2.38
2.39
2.4
2.41
2.42
2.45
2.46
2.49
2.51
2.52
2.54
1.28
1.24
1.21
1.19
1.22
1.22
1.24
1.3
2.81
2.84
1.2
1.16
1.11
1.08
1.09
3.16
3.1
3.04
2.99
2.94
2.89
2.84
2.8
2.76
2.72
2.67
2.65
2.61
2.58
2.55
2.52
2.5
2.47
2.44
2.42
2.4
2.4
2.36
2.34
2.32
2.31
2.29
2.28
2.26
2.24
2.23
2.23
2.23
2.21
2.2
2.2
2.19
1.39
1.41
1.4
1.39
