2.31
2.32
3.49
3.42
3.36
3.31
3.25
3.2
3.16
3.11
3.06
3.03
3.0
2.0
1.97
1.95
1.94
1.9
1.93
1.97
1.94
1.93
1.92
1.91
1.9
1.89
1.87
1.87
1.84
1.87
1.88
2.11
2.51
2.43
2.31
2.49
4.73
4.72
4.71
4.69
4.68
4.67
4.67
4.66
4.65
4.64
4.64
4.63
4.63
4.63
4.63
4.64
4.64
4.65
4.66
4.67
4.68
4.69
4.69
4.71
4.73
4.75
4.77
4.8
4.81
4.83
4.85
4.89
4.92
7.3
7.28
7.23
7.21
7.18
7.14
7.12
7.12
6.4
5.9
7.64
7.45
7.6
6.99
6.3
7.01
81.83
81.83
81.83
17.68
17.66
19.24
19.34
19.0
81.83
81.83
10.13
10.15
81.83
7.95
7.84
7.7
5.77
5.77
3.39
2.24
2.18
1.94
1.92
1.9
1.88
1.86
1.86
1.84
1.83
1.81
1.89
1.98
2.07
2.05
2.04
2.03
2.02
2.01
2.0
1.99
1.97
1.88
1.86
1.84
1.83
1.82
1.83
1.83
1.84
1.84
1.83
1.83
1.83
2.49
1.97
1.92
1.36
1.32
1.88
1.94
1.98
2.59
2.6
2.61
2.61
2.63
2.64
2.65
2.66
2.67
2.68
2.7
2.71
2.72
2.74
2.76
2.78
2.8
2.83
2.85
2.87
2.9
2.92
2.89
2.99
3.02
3.05
3.09
3.14
3.17
3.21
3.19
3.12
3.06
2.14
