1.63
1.62
1.63
1.62
1.6
1.6
1.59
1.59
1.59
1.58
1.58
1.56
1.53
1.56
1.57
1.56
1.56
1.56
1.74
1.74
1.74
1.74
1.74
1.75
1.75
1.76
1.77
1.77
1.78
2.33
2.34
2.35
2.35
2.36
2.38
2.38
2.41
2.42
2.43
2.44
2.46
2.47
2.49
2.51
2.53
2.56
2.57
2.61
2.63
2.65
2.68
2.71
2.74
2.78
2.81
2.85
2.89
2.94
2.98
3.02
2.96
2.92
2.93
18.24
17.73
18.48
18.81
81.83
8.84
8.85
8.29
7.97
7.69
6.76
6.75
7.2
7.28
8.09
7.13
7.28
8.27
8.33
8.4
8.47
8.55
8.62
8.7
8.79
8.88
8.86
8.8
6.49
6.44
5.03
4.98
4.93
4.89
4.84
4.79
4.76
4.72
4.67
4.64
4.61
4.58
4.55
4.53
4.51
4.49
4.46
4.45
4.44
4.43
4.41
4.4
4.38
4.38
4.37
4.35
4.35
4.35
4.35
4.36
4.36
4.37
4.38
4.4
4.4
4.41
4.43
4.43
2.19
2.13
2.06
1.96
1.95
2.18
2.19
2.0
2.0
2.25
2.29
2.32
2.35
2.38
2.41
2.45
2.47
2.52
2.51
2.47
2.43
2.38
2.34
2.29
2.27
2.23
2.19
2.15
2.14
2.16
2.22
2.26
2.32
2.38
2.62
3.65
3.76
3.79
3.76
3.72
3.68
3.65
3.62
3.6
3.55
3.53
3.51
3.48
3.45
