81.83
81.83
81.83
81.83
81.83
5.45
5.36
81.83
81.83
81.83
81.83
4.7
9.71
6.82
10.52
7.79
11.11
3.44
3.3
3.28
3.26
3.25
3.22
3.13
3.14
3.19
3.23
7.42
10.48
6.94
6.79
81.83
7.78
6.47
7.46
2.39
2.38
7.3
9.15
2.29
8.86
2.39
81.83
2.5
81.83
81.83
81.83
81.83
81.83
81.83
81.83
81.83
81.83
81.83
81.83
1.66
1.68
1.79
1.79
1.77
1.9
1.88
1.86
1.85
1.84
1.83
1.78
1.8
1.79
1.77
1.76
1.75
1.75
1.72
1.71
1.73
1.7
1.7
1.7
1.7
1.68
1.68
1.66
1.64
1.63
1.62
1.63
1.62
1.62
1.62
1.63
1.62
1.63
1.62
1.62
1.62
1.62
1.62
1.62
1.64
1.65
1.66
1.68
1.65
1.66
1.67
1.69
1.7
1.71
1.71
1.72
1.73
1.73
1.74
1.75
1.75
1.77
1.77
1.79
1.79
1.82
1.83
1.85
1.86
1.89
1.9
1.93
1.94
1.96
1.98
2.01
2.03
81.83
81.83
2.11
2.79
2.62
2.64
2.67
2.68
2.67
2.72
3.0
3.02
3.03
3.04
3.06
3.42
3.46
3.49
3.51
3.37
3.26
5.33
5.26
5.21
5.3
5.4
6.94
6.94
7.0
6.49
6.43
6.44
6.51
6.52
6.63
6.77
7.73
6.95
81.83
8.11
8.21
6.46
8.32
8.18
7.3
7.25
7.38
7.49
