1.1
1.07
1.05
1.04
1.04
1.06
1.06
1.08
1.11
1.11
1.15
1.16
1.2
1.22
1.24
1.27
1.31
1.34
1.36
1.39
1.44
1.48
1.51
1.49
1.47
1.31
1.22
1.28
1.32
1.36
1.38
1.46
3.8
3.8
3.8
3.8
3.8
3.8
3.8
3.81
3.81
3.82
3.83
3.83
3.84
3.85
3.86
3.88
3.9
3.96
4.69
4.7
4.73
4.76
4.79
4.82
4.86
4.88
4.93
4.97
5.01
5.07
5.11
5.17
5.22
5.3
5.36
5.44
5.51
5.57
5.66
5.74
11.01
10.33
9.76
9.24
8.83
8.86
1.39
1.38
1.32
1.27
1.21
1.29
1.45
1.45
1.47
1.47
1.46
1.41
1.36
1.33
1.3
1.25
1.22
1.2
1.16
1.13
1.12
1.08
1.06
1.05
1.02
0.96
1.0
1.01
1.04
1.05
1.08
1.1
1.11
1.14
1.17
1.2
1.22
1.26
1.33
1.31
1.3
1.29
1.3
1.3
1.32
1.35
1.38
1.84
1.99
2.05
2.12
2.2
3.07
3.05
3.04
3.02
3.0
3.0
2.99
2.98
2.98
2.97
2.96
2.96
2.95
1.82
1.77
2.95
2.94
2.94
2.95
2.94
2.94
2.94
2.95
2.95
2.96
2.96
2.97
2.97
2.98
2.99
3.01
3.01
3.0
2.82
2.69
2.53
2.35
2.33
2.35
2.37
2.4
2.42
2.43
2.44
2.46
2.68
2.6
2.53
2.45
2.4
