0.68
0.68
0.67
0.68
0.68
0.68
0.68
0.68
0.68
0.68
0.68
0.68
0.68
0.69
0.7
0.69
0.69
0.7
0.7
0.7
0.71
0.71
0.72
0.73
0.74
0.74
0.75
0.75
0.75
0.76
0.77
0.78
0.79
0.79
0.81
0.83
0.83
0.84
0.86
0.87
0.88
0.9
0.91
0.93
0.95
0.96
0.97
0.99
1.01
1.03
1.05
1.08
1.09
1.12
1.15
1.18
1.23
1.26
1.31
1.36
1.41
1.46
1.52
1.59
1.65
1.72
1.83
1.92
2.05
2.2
2.39
2.61
2.89
3.34
4.28
5.81
5.82
4.94
5.84
5.87
5.9
5.93
10.94
10.93
10.91
10.91
10.88
10.88
10.87
10.87
12.0
14.41
14.01
15.43
14.73
10.65
9.11
8.54
7.33
6.63
6.04
5.53
5.14
4.81
4.5
4.21
3.98
3.74
1.26
1.21
1.16
1.09
1.03
1.0
1.0
1.01
1.02
1.02
1.02
1.06
1.07
1.06
1.04
1.02
1.03
1.04
1.05
1.06
1.06
1.07
1.07
1.09
1.1
1.11
1.11
1.13
1.14
1.15
1.17
1.19
1.2
1.22
1.23
1.24
1.26
1.29
1.31
1.33
1.34
1.37
1.4
1.42
1.45
1.48
1.5
1.54
1.58
2.83
2.94
3.08
3.22
2.56
3.67
3.83
3.91
3.9
3.88
3.86
3.84
3.84
3.82
3.81
3.8
3.79
3.79
3.8
3.79
0.46
0.47
0.45
