2.63
2.64
2.65
2.65
2.65
2.65
2.66
2.66
81.83
0.95
0.95
0.98
0.97
1.0
2.75
2.77
2.78
2.79
2.81
2.83
2.85
2.86
2.89
2.07
2.64
2.97
2.99
3.03
3.06
2.55
2.57
3.15
2.63
2.46
2.41
2.36
2.18
2.15
2.42
2.46
2.5
2.55
2.59
2.8
2.6
2.58
2.56
3.28
3.23
3.18
3.13
3.13
81.83
1.77
1.75
1.73
1.73
2.88
2.86
2.66
2.62
2.67
2.76
2.73
2.72
2.7
2.68
2.65
2.63
2.63
2.61
2.59
2.58
2.57
2.56
2.55
2.54
2.53
2.52
2.51
2.51
2.51
2.5
2.5
2.5
2.5
2.49
2.49
2.5
2.49
2.49
2.5
2.5
2.5
1.31
1.3
2.51
2.52
2.53
2.54
2.55
2.46
2.3
2.15
2.03
1.92
1.83
1.74
1.66
1.59
1.52
1.46
1.41
1.37
1.31
1.27
1.23
1.19
1.15
1.12
1.09
1.06
1.02
1.01
0.99
0.96
0.94
0.92
0.9
0.87
0.86
0.84
0.82
0.81
0.81
0.8
0.79
0.77
0.76
0.75
0.74
0.73
0.72
0.71
0.7
0.69
0.69
0.68
0.68
0.67
0.66
0.66
0.65
0.65
0.64
0.64
0.63
0.62
0.61
0.59
0.58
0.58
0.59
0.61
0.64
0.66
0.69
1.86
1.84
1.84
1.84
1.83
1.82
1.81
1.81
1.81
1.82
1.82
1.82
1.82
