1.67
1.67
1.68
1.7
1.7
1.72
1.73
1.76
1.76
1.78
1.79
1.81
1.83
1.85
1.88
1.92
1.93
1.91
1.86
1.83
1.78
1.75
1.72
1.68
1.65
1.62
1.6
1.58
1.54
1.53
1.5
1.48
1.46
1.44
1.43
1.43
1.48
1.52
1.58
1.62
1.65
1.71
3.38
3.43
2.81
2.81
2.81
2.81
2.83
3.77
3.74
3.72
3.69
3.68
2.55
2.58
2.52
2.45
2.43
2.42
2.3
2.26
2.25
2.25
2.32
2.31
3.54
3.54
3.54
3.54
3.54
3.53
3.54
3.54
3.45
2.93
2.92
2.93
2.94
2.96
2.96
2.97
2.99
3.63
3.35
3.04
3.05
3.07
3.07
3.09
3.1
3.13
3.26
3.84
3.87
3.9
3.94
3.97
4.01
4.06
4.1
4.14
4.18
4.23
4.29
4.34
4.39
4.45
2.69
2.67
4.64
4.53
4.45
4.36
4.23
4.21
4.14
4.08
4.0
3.94
3.88
2.97
2.84
2.8
2.78
2.74
2.69
2.67
2.64
2.61
2.58
2.57
2.55
2.54
2.5
2.46
2.43
2.42
2.4
2.35
2.34
2.32
2.35
2.46
2.81
3.08
3.06
3.05
3.04
3.03
3.02
3.01
3.01
0.67
0.7
0.7
0.7
0.69
0.7
0.69
0.7
0.69
0.68
0.68
0.67
0.68
0.68
0.69
0.7
0.71
0.72
0.72
0.73
0.73
0.74
0.74
0.75
0.75
0.76
0.77
