1.09
1.09
1.09
1.09
1.08
1.09
1.08
1.09
1.09
1.09
1.09
1.09
1.09
1.09
1.09
1.1
1.1
1.1
1.11
1.11
1.12
1.12
1.12
1.11
1.12
1.12
1.13
1.14
1.15
1.16
1.17
1.18
1.19
1.2
1.21
1.22
1.23
1.24
1.26
1.28
1.29
1.31
1.32
1.32
1.34
1.36
1.38
1.41
1.43
1.45
1.47
1.49
1.52
1.55
1.57
1.61
1.64
1.66
1.71
1.73
1.77
1.81
1.86
1.91
1.96
2.01
2.06
2.13
2.19
2.26
2.33
2.42
2.5
2.59
2.57
2.54
2.53
2.51
2.5
2.49
3.01
3.09
3.97
4.24
4.56
4.9
4.29
5.81
5.52
7.16
7.46
7.46
7.95
14.9
13.87
15.16
15.12
15.15
17.54
81.83
8.21
6.04
4.67
3.78
3.44
3.46
3.47
3.48
3.49
3.5
3.51
3.53
3.55
3.56
3.58
3.6
3.62
3.64
3.66
3.7
3.71
3.74
3.77
3.79
3.83
3.86
3.9
3.94
2.25
2.17
2.12
2.06
1.99
1.95
1.9
1.86
1.81
1.76
1.74
1.69
1.66
1.62
1.6
1.57
1.55
1.53
1.5
1.47
1.46
1.43
1.41
1.38
1.37
1.37
1.34
1.33
1.31
1.29
1.28
1.27
1.27
1.25
1.25
1.24
1.23
1.22
1.21
1.2
1.21
1.19
1.19
1.18
1.18
1.18
1.17
1.16
1.16
1.15
1.15
1.15
