5.55
5.79
6.18
6.19
81.83
5.12
5.08
6.29
6.35
6.29
6.41
4.57
4.42
4.25
4.07
4.02
4.06
4.01
3.88
3.78
3.79
3.84
3.86
3.91
3.95
3.99
4.1
3.98
3.9
3.8
3.71
3.63
3.56
3.49
3.42
3.35
3.3
3.24
3.18
3.12
3.07
3.02
2.98
2.94
2.72
2.77
2.83
2.88
3.0
2.97
2.96
2.94
2.9
2.87
2.83
2.81
2.88
2.89
2.96
81.83
81.83
81.83
81.83
81.83
81.83
81.83
81.83
81.83
81.83
81.83
81.83
81.83
81.83
4.28
4.26
4.31
4.17
4.25
4.12
81.83
81.83
81.83
81.83
12.43
4.99
10.02
9.61
5.89
5.81
5.8
5.93
5.95
6.32
13.37
13.43
11.95
81.83
81.83
81.83
8.01
7.97
81.83
81.83
81.83
81.83
81.83
81.83
10.76
4.33
11.56
11.48
5.36
4.68
4.68
4.69
5.14
4.32
4.74
5.38
5.38
5.38
5.38
5.38
5.39
1.79
1.74
1.68
1.63
1.59
1.53
1.5
1.46
1.42
1.38
1.35
1.31
1.28
1.24
1.23
1.21
1.19
1.17
1.14
1.12
1.1
1.09
1.08
1.06
1.05
1.03
1.01
1.0
0.99
0.98
0.96
0.95
0.94
0.93
0.93
0.91
0.9
0.9
0.89
0.88
0.87
0.86
0.86
0.85
0.85
0.85
0.85
0.84
0.84
0.84
0.83
0.83
0.82
0.82
0.81
0.81
