2.0
1.93
1.86
1.8
1.75
1.69
1.65
1.59
1.57
1.53
1.48
1.45
1.42
1.39
1.35
1.33
1.31
1.28
1.24
1.22
1.2
1.18
1.16
1.14
1.12
1.1
1.09
1.08
1.06
1.05
1.03
1.02
1.0
0.99
0.98
0.97
0.97
0.96
0.95
0.94
0.94
0.92
0.91
0.9
0.9
0.9
0.89
0.89
0.69
0.7
0.87
0.87
0.86
0.86
0.85
0.85
0.85
0.85
0.85
0.85
0.85
0.85
0.84
0.84
0.84
0.84
0.84
0.84
0.84
0.84
0.85
0.85
0.85
0.85
0.85
0.86
0.86
0.86
0.86
0.87
0.87
0.88
0.88
0.88
0.88
0.9
0.9
0.9
0.91
0.91
0.92
0.93
0.94
0.95
0.96
0.97
0.98
1.0
1.01
1.02
1.03
1.05
1.06
1.07
1.08
1.1
1.11
1.13
1.15
1.17
1.19
1.22
1.23
1.26
1.28
1.31
1.34
1.37
1.41
1.44
1.47
1.5
1.55
1.21
1.22
1.69
1.73
1.78
1.84
1.91
1.98
2.05
2.13
2.22
2.32
2.43
2.53
2.65
2.8
2.97
3.15
3.26
3.24
3.24
3.23
3.23
3.44
3.84
4.35
5.01
5.88
9.62
9.62
10.87
10.87
10.9
10.88
12.07
12.07
12.05
12.76
6.18
4.87
4.28
3.83
3.48
3.17
2.92
2.7
2.51
2.36
2.22
2.09
1.99
1.88
1.79
1.71
1.65
1.58
1.5
