1.3
1.34
1.38
1.41
1.45
1.49
1.53
1.57
1.61
1.66
1.73
1.79
1.85
1.92
1.99
2.08
2.16
2.26
2.38
2.5
2.65
2.81
3.01
5.5
5.66
6.12
6.62
7.23
8.17
8.79
8.78
8.77
8.75
8.74
8.73
8.72
8.71
8.71
8.71
8.71
5.95
5.95
5.95
5.96
5.98
5.99
6.01
5.5
5.04
5.07
5.09
5.12
6.43
6.47
9.01
9.04
9.05
8.49
8.52
8.57
1.99
1.97
1.98
2.0
2.01
2.03
2.05
2.07
2.08
2.02
1.95
1.9
1.86
1.81
1.77
1.73
1.69
1.65
1.17
1.15
1.17
1.19
1.21
1.23
1.24
1.27
1.3
1.32
1.35
1.36
1.34
1.32
1.29
1.28
1.27
1.25
1.24
1.23
1.22
1.2
1.19
1.17
1.16
1.15
1.14
1.13
1.12
1.12
1.11
1.1
1.09
1.08
1.08
1.07
1.06
1.06
1.06
1.05
1.04
1.05
1.04
1.04
1.04
1.04
1.04
1.04
1.05
1.05
1.05
1.05
1.02
0.76
0.75
0.76
1.03
1.05
1.05
1.05
1.06
1.07
1.07
1.08
1.09
1.1
1.1
1.11
1.12
1.12
1.12
1.13
1.14
1.15
1.16
1.17
1.18
1.19
1.21
1.22
1.23
1.24
1.26
1.27
1.29
1.3
1.32
1.33
1.35
1.35
1.34
1.3
1.29
1.26
1.24
1.21
1.19
1.17
1.16
1.18
1.19
1.17
