12.62
4.31
3.63
3.28
2.99
2.72
2.53
2.38
2.24
2.13
2.03
1.94
1.86
1.81
1.73
1.67
1.62
1.57
1.51
1.46
1.42
1.39
1.35
1.31
1.28
1.26
1.23
1.2
1.18
1.16
1.13
1.11
1.09
1.06
1.05
1.04
1.02
1.0
0.98
0.97
0.96
0.95
0.94
0.92
0.91
0.9
0.89
0.89
0.88
0.87
0.86
0.85
0.84
0.84
0.83
0.82
0.82
0.82
0.82
0.81
0.8
0.81
0.79
0.79
0.79
0.78
0.78
0.77
0.78
0.78
0.77
0.76
0.76
0.76
0.77
0.77
0.77
0.77
0.77
0.76
0.77
0.76
0.77
0.77
0.77
0.77
0.78
0.78
0.77
0.77
0.79
0.79
0.8
0.8
0.81
0.82
0.82
0.82
0.83
0.84
0.85
0.86
0.87
0.87
0.89
0.89
0.9
0.92
0.93
0.95
0.95
0.96
0.98
1.0
1.02
1.04
1.05
1.07
1.09
1.11
1.14
1.16
1.19
1.22
1.25
1.28
1.31
1.35
1.39
1.42
1.47
1.51
1.56
1.61
1.67
1.74
1.79
1.88
1.96
2.04
2.15
2.26
2.41
2.62
2.87
3.19
3.6
4.55
5.79
5.3
5.31
4.39
4.88
5.35
5.36
5.38
6.79
6.81
10.36
10.35
10.33
10.32
10.31
10.3
10.28
10.37
11.41
13.88
13.49
14.85
14.14
10.17
8.67
7.96
7.97
6.21
5.67
5.17
4.76
4.46
