4.88
4.83
4.8
4.76
4.73
4.7
4.66
4.64
4.62
4.59
4.57
4.55
4.53
4.51
4.49
4.48
4.46
4.45
4.44
4.43
4.43
4.42
4.42
4.42
4.43
4.43
4.43
4.44
4.46
4.46
2.24
2.15
2.07
2.0
2.21
2.22
2.2
2.03
2.26
2.29
2.31
2.35
2.38
2.4
2.43
2.45
2.49
2.53
2.54
2.48
2.44
2.4
2.34
2.3
2.25
2.21
2.18
2.12
2.15
2.18
2.23
2.27
2.32
2.38
3.44
3.52
3.62
3.73
3.78
3.72
3.68
3.64
3.61
3.58
3.54
3.52
3.49
3.45
3.44
3.41
3.38
3.36
3.34
3.33
3.32
3.3
3.3
3.27
3.26
3.25
3.25
3.24
3.23
3.22
2.44
2.45
2.45
2.45
2.44
2.43
2.44
2.21
1.85
2.24
2.42
2.45
2.44
2.43
2.44
2.44
2.46
2.47
2.5
2.47
2.38
2.34
2.35
2.37
2.46
2.45
2.45
3.4
3.42
3.44
3.47
3.5
3.53
3.56
3.58
3.63
2.37
2.35
3.75
3.79
2.31
2.32
3.95
3.86
3.77
3.68
3.6
3.45
3.45
3.39
3.29
3.26
3.2
3.15
3.1
3.05
3.01
2.96
2.91
2.88
1.99
1.97
1.94
1.91
1.9
1.87
1.85
1.84
1.83
1.8
1.85
1.96
2.01
2.09
81.83
81.83
1.01
2.43
2.42
2.52
2.51
2.5
2.48
2.47
2.46
2.45
