2.09
2.11
2.16
2.18
2.21
2.25
2.29
2.33
2.37
2.41
2.47
2.52
2.58
2.64
2.72
2.78
2.86
2.93
3.01
3.08
3.17
3.26
3.38
3.47
3.59
3.72
3.85
4.01
4.14
4.33
4.52
4.73
4.98
6.14
6.1
6.1
6.22
6.63
7.12
7.66
8.34
9.11
10.05
14.09
14.09
14.18
14.23
81.83
81.83
15.81
15.82
81.83
5.42
4.54
4.02
3.68
3.38
3.12
2.91
2.74
2.58
2.47
2.37
2.26
2.18
2.11
2.03
1.97
1.91
1.84
1.79
1.73
1.69
1.65
1.61
1.57
1.54
1.51
1.47
1.43
1.42
1.39
1.34
1.33
1.31
1.29
1.26
1.24
1.23
1.2
1.18
1.17
1.16
1.14
1.13
1.11
1.09
1.09
1.07
1.07
1.06
1.05
1.04
1.03
1.02
1.02
1.01
1.0
0.99
0.98
0.98
0.97
0.96
0.97
1.03
1.1
1.18
2.97
3.1
3.23
3.38
3.49
3.46
3.48
3.73
3.95
4.2
4.51
4.85
5.23
5.67
6.23
6.92
7.03
7.03
10.05
12.0
12.03
18.48
18.57
19.73
19.78
14.08
8.05
8.03
8.03
8.04
8.06
8.07
8.09
6.67
6.05
5.53
5.07
4.72
4.41
4.11
3.86
3.66
3.48
3.29
3.12
2.99
2.85
2.75
2.65
2.53
2.54
2.55
2.58
2.61
2.64
2.67
2.74
2.78
2.81
2.83
2.86
2.9
2.94
