3.04
3.07
3.09
3.12
3.15
3.18
3.21
3.26
3.07
3.01
2.95
2.94
3.17
3.22
3.15
3.07
3.01
2.95
2.9
2.82
2.8
2.87
2.92
2.97
3.04
3.0
2.97
2.64
2.64
2.72
2.79
3.1
3.27
3.38
3.48
5.2
5.21
5.25
5.59
5.62
5.57
5.53
3.44
5.45
5.41
4.78
4.74
4.72
4.72
4.98
5.24
5.21
5.19
5.17
4.15
3.85
3.76
3.77
3.8
3.81
3.83
3.86
5.06
5.12
5.13
5.1
5.13
5.13
5.14
5.13
5.14
5.15
4.55
4.39
4.39
4.47
4.4
4.4
4.42
4.44
4.46
4.48
4.42
4.42
5.27
5.3
4.15
4.16
4.58
1.44
1.4
1.37
1.35
1.31
1.29
1.27
1.25
1.22
1.21
1.19
1.03
1.01
0.99
0.94
0.93
0.91
0.89
0.86
0.84
0.82
0.83
0.82
0.82
0.84
0.85
0.87
0.89
0.92
0.93
0.96
0.98
1.0
1.03
1.06
1.1
1.13
1.18
1.22
1.27
1.31
1.36
1.42
1.47
1.53
1.61
1.68
1.76
1.86
1.96
2.09
2.21
2.36
2.53
2.72
2.97
3.25
3.57
3.97
4.51
5.16
6.57
7.6
9.73
12.51
12.5
12.49
12.5
12.5
12.51
12.52
12.53
8.16
8.11
8.13
8.22
8.31
8.44
8.41
7.26
7.3
7.37
5.46
5.17
4.89
4.64
4.4
4.21
4.03
3.86
3.72
