2.57
2.64
2.75
2.82
2.89
2.98
3.07
3.16
3.26
3.36
3.46
3.58
3.71
3.87
4.03
4.22
4.42
4.64
4.89
5.18
5.48
5.86
5.92
5.89
5.89
7.85
8.57
9.47
10.73
10.87
81.83
17.32
17.3
18.55
18.54
6.82
6.82
6.83
6.83
6.83
6.84
6.85
6.86
5.14
4.59
4.08
3.68
3.4
3.12
2.87
2.66
2.5
2.35
2.23
2.1
2.0
1.89
1.81
1.73
1.66
1.59
1.53
1.47
1.42
1.38
1.33
1.29
1.25
1.25
1.24
1.28
1.3
1.32
1.33
1.36
1.37
1.39
1.41
1.5
1.52
1.55
1.57
1.6
1.63
1.66
1.69
1.73
1.77
1.8
4.01
4.03
3.99
3.94
3.89
3.84
3.81
3.77
3.74
3.7
3.67
3.64
3.6
3.58
3.56
3.53
3.51
3.49
3.46
3.45
3.43
3.4
3.39
3.38
3.36
3.35
3.34
3.33
3.33
3.32
3.31
3.31
3.3
3.29
3.29
3.29
3.29
3.29
3.29
3.29
3.29
3.29
3.29
3.3
3.31
3.31
3.16
3.03
3.15
3.04
3.05
3.05
3.07
3.08
3.1
3.18
3.46
3.48
3.51
3.52
3.55
3.58
3.6
3.64
3.67
3.69
3.73
1.58
1.54
1.48
1.46
1.43
1.37
1.36
1.33
1.3
1.2
1.19
1.16
1.13
1.1
1.08
1.06
1.03
0.98
1.0
1.0
1.02
1.04
1.07
1.09
