0.96
0.95
0.96
0.96
0.96
0.96
0.96
0.96
0.96
0.97
0.97
0.97
0.98
0.98
0.99
1.0
1.0
1.0
1.02
1.02
1.03
1.03
1.03
1.04
1.05
1.06
1.07
1.08
1.09
1.1
1.11
1.13
1.14
1.16
1.16
1.18
1.19
1.23
1.24
1.26
1.27
1.3
1.33
1.35
1.39
1.42
1.45
1.47
1.51
1.54
1.59
1.62
1.66
1.7
1.75
1.81
1.89
1.89
1.96
2.04
2.1
2.19
2.26
2.35
2.45
2.54
2.65
2.79
2.93
3.11
3.27
3.45
3.67
3.93
4.43
5.24
5.23
5.51
6.1
6.86
7.85
9.1
11.1
11.07
11.06
11.05
11.05
11.04
11.06
11.05
11.06
6.73
6.6
6.64
6.72
6.8
6.87
6.96
6.92
5.72
5.76
5.84
5.87
4.14
3.92
3.7
3.51
3.34
3.21
3.07
2.94
2.84
2.72
2.63
2.55
2.46
2.4
2.32
2.25
2.18
2.13
2.08
2.03
1.98
1.93
1.89
1.85
1.81
1.78
1.75
1.71
1.68
1.66
1.62
1.6
1.57
1.54
1.53
1.51
1.48
1.46
1.44
1.42
1.41
1.4
1.38
1.37
1.36
1.34
1.33
1.31
1.3
1.3
1.29
1.28
1.27
1.27
1.25
1.24
1.24
1.23
1.23
1.22
1.23
1.22
1.22
1.21
1.21
1.2
1.2
1.19
1.19
1.19
1.19
1.19
1.19
1.19
1.19
1.19
1.19
