0.7
0.7
0.7
0.72
15.34
14.35
13.95
5.47
4.83
4.38
4.04
3.77
3.55
3.34
3.22
3.01
2.9
2.79
2.68
2.59
2.5
2.42
2.38
2.29
2.22
2.17
2.1
2.07
2.02
1.96
1.93
1.88
1.86
1.81
1.79
1.75
1.72
1.69
1.65
1.65
1.62
1.6
1.57
1.56
1.55
1.53
1.51
1.49
1.48
1.47
1.47
1.46
1.44
1.43
1.42
1.41
1.4
1.39
1.38
1.37
1.36
1.35
1.35
1.34
1.34
1.33
1.33
1.32
1.31
1.31
1.31
1.31
1.31
1.32
1.31
1.31
1.31
1.3
1.3
1.31
1.31
1.32
1.31
1.32
1.33
1.34
1.34
1.34
1.35
1.36
1.37
1.38
1.39
1.4
1.41
1.42
1.43
1.44
1.45
1.47
1.48
1.49
1.5
1.52
1.53
1.54
1.57
1.58
1.6
1.62
1.64
1.66
1.68
1.71
1.73
1.76
1.79
1.82
1.86
1.9
1.95
1.98
2.04
2.09
2.12
2.18
2.24
2.3
2.36
2.44
2.51
2.59
2.68
2.79
2.88
3.01
3.14
3.29
3.48
3.71
3.96
4.28
3.7
4.21
4.21
3.79
4.19
4.19
4.19
4.2
4.19
4.19
9.42
9.36
9.31
9.26
9.22
9.2
9.15
9.13
9.1
9.07
9.03
9.01
8.99
8.99
8.98
9.04
10.11
13.48
12.74
12.07
13.49
12.87
8.32
6.56
6.56
5.01
4.39
3.85
