1.72
1.72
1.7
1.69
1.69
1.69
1.68
1.69
1.68
1.71
1.7
1.71
1.69
1.68
1.71
1.72
1.73
1.74
1.73
1.74
1.75
1.77
1.96
2.55
2.57
2.58
2.58
2.6
2.62
2.65
2.66
2.69
2.71
1.51
1.43
1.39
1.4
1.4
1.41
1.45
2.94
2.99
1.39
1.35
1.31
1.32
3.22
3.25
3.31
3.23
3.19
3.13
3.06
3.02
2.97
2.94
2.88
2.84
2.8
2.77
2.73
2.69
2.66
2.63
2.6
2.57
2.55
2.54
2.5
2.48
2.47
2.44
2.42
2.41
2.39
2.38
2.36
2.36
2.34
2.33
1.52
1.49
1.48
1.48
1.51
1.52
1.51
1.5
1.48
1.49
1.49
1.49
1.48
1.49
1.51
2.26
2.36
2.36
2.36
2.36
2.36
2.37
2.37
2.38
2.39
2.39
2.4
2.41
2.42
2.43
2.44
2.12
2.13
2.47
2.48
2.5
2.52
2.53
1.29
1.21
1.17
1.13
1.1
1.07
1.09
1.12
1.15
1.15
1.17
1.18
1.19
1.21
1.22
1.24
1.25
2.06
2.09
2.13
2.16
2.99
2.95
3.17
3.23
3.3
3.36
3.43
3.5
3.58
3.66
3.76
3.85
3.94
4.04
4.05
4.01
3.97
3.92
3.88
2.4
2.55
3.76
2.31
2.24
2.29
2.31
2.29
2.3
2.31
2.5
2.57
3.53
3.52
3.51
3.5
3.49
2.89
2.71
2.69
2.66
2.68
