4.0
4.03
4.05
4.34
4.85
4.89
4.54
4.91
4.45
5.02
3.92
5.1
5.15
5.18
3.97
2.65
4.94
4.32
4.35
4.11
3.88
2.74
3.53
3.35
3.23
3.12
3.0
2.89
2.8
2.7
2.66
2.67
2.69
2.73
2.75
2.76
5.7
5.8
5.91
6.02
6.13
6.25
6.38
6.51
6.75
7.19
3.51
3.44
3.4
3.43
3.51
3.36
3.4
3.48
3.56
3.64
3.72
3.82
3.92
4.03
4.31
4.57
4.7
4.86
5.02
5.18
5.38
5.58
2.11
2.1
2.09
2.07
2.17
2.28
2.41
2.54
2.69
2.89
3.09
3.34
3.4
3.38
3.38
3.38
3.37
3.36
3.35
3.34
3.34
3.34
3.34
3.34
3.34
3.33
3.35
3.35
3.35
3.36
3.36
3.37
3.37
3.38
3.39
3.27
3.01
2.8
2.62
2.46
2.34
2.19
2.08
1.98
1.9
1.81
1.74
1.67
1.61
1.17
1.09
1.06
1.03
1.02
0.98
0.98
0.91
0.95
0.94
0.91
0.9
0.86
0.85
0.85
0.84
0.87
0.88
0.89
0.91
0.91
0.89
0.9
0.9
0.88
0.88
0.86
0.85
0.84
0.83
0.83
0.82
0.8
0.8
0.79
0.78
0.78
0.76
0.76
0.75
0.75
0.74
0.73
0.73
0.72
0.72
0.71
0.71
0.7
0.7
0.7
0.69
0.69
0.69
0.69
0.69
0.69
0.69
0.69
0.68
0.68
0.68
0.68
