1.48
1.48
1.48
1.48
1.49
1.49
1.49
1.49
1.45
1.45
1.45
1.46
1.53
1.6
1.6
1.6
1.61
1.61
1.62
1.63
1.63
1.64
1.65
1.66
1.67
1.69
1.7
1.72
1.72
1.74
1.75
1.77
1.79
1.8
1.82
1.84
1.86
1.88
1.9
1.93
1.95
1.97
2.0
2.03
2.06
2.09
2.12
2.16
2.2
2.23
2.27
2.32
2.36
2.41
2.47
2.52
2.52
2.52
2.51
2.54
2.63
2.71
2.79
2.88
2.95
3.05
3.14
3.24
3.36
3.47
3.61
3.76
3.91
4.09
4.3
4.51
4.74
5.02
5.33
5.7
5.89
5.87
5.86
7.73
7.6
9.39
8.69
10.37
81.83
18.29
17.3
18.53
18.51
20.9
6.8
6.8
6.8
6.8
6.81
6.82
6.84
6.84
5.15
4.61
4.17
3.8
3.5
3.24
3.02
2.83
2.65
2.49
2.36
2.25
2.15
2.04
1.96
1.86
1.79
1.72
1.66
1.61
1.55
1.51
1.45
1.41
1.37
1.34
1.3
1.27
1.26
1.3
1.32
1.34
1.36
1.38
1.4
1.43
1.46
1.55
1.58
1.6
1.63
1.66
1.69
1.73
1.75
1.8
1.84
4.08
4.04
3.99
3.95
3.9
3.86
3.82
3.79
3.75
3.74
3.7
3.67
3.64
3.61
3.59
3.56
3.54
3.52
3.51
3.49
3.47
3.46
3.44
3.43
3.42
3.4
3.4
3.39
3.38
3.38
3.38
