0.57
0.57
0.58
0.57
0.58
0.58
0.59
0.58
0.58
0.58
0.59
0.59
0.59
0.6
0.6
0.61
0.61
0.61
0.62
0.62
0.62
0.62
0.62
0.63
0.63
0.64
0.64
0.65
0.66
0.67
0.67
0.68
0.69
0.7
0.72
0.71
0.72
0.74
0.76
0.77
0.78
0.79
0.8
0.82
0.85
0.85
0.88
0.91
0.93
0.95
0.98
1.02
1.04
1.08
1.11
1.15
1.2
1.25
1.3
1.33
1.39
1.45
1.52
1.59
1.67
1.75
1.85
1.96
2.09
2.23
2.4
2.57
2.79
3.05
3.37
3.75
4.24
5.0
7.53
7.52
7.5
7.5
7.5
9.88
9.89
9.75
9.68
9.89
10.01
10.03
10.05
12.35
12.38
12.41
12.45
12.49
12.53
12.58
11.76
10.98
4.08
3.17
2.81
2.49
2.28
2.07
1.94
1.81
1.72
1.62
1.54
1.48
1.41
1.37
1.3
1.26
1.21
1.18
1.14
1.1
1.07
1.04
1.01
0.99
0.96
0.95
0.91
0.9
0.88
0.86
0.85
0.83
0.81
0.8
0.79
0.78
0.76
0.75
0.74
0.73
0.71
0.71
0.7
0.69
0.68
0.67
0.67
0.67
0.66
0.65
0.66
0.64
0.62
0.62
0.62
0.62
0.61
0.61
0.6
0.6
0.6
0.59
0.58
0.58
0.58
0.57
0.57
0.57
0.57
0.57
0.57
0.57
0.57
0.57
0.57
0.57
0.56
0.57
0.57
0.57
