2.29
2.35
2.41
2.49
2.55
2.49
2.49
2.47
2.46
2.44
2.43
2.4
2.38
2.36
2.35
2.47
2.4
2.38
2.36
2.34
2.32
2.31
2.46
2.67
2.08
2.06
2.97
2.96
1.93
1.92
1.91
1.91
1.95
2.4
2.4
2.08
2.52
2.95
2.97
2.97
2.98
2.98
2.99
2.99
3.0
3.01
3.02
3.04
3.05
3.06
3.08
3.1
3.11
3.14
3.16
3.18
3.21
3.12
3.01
2.89
2.8
2.7
1.24
1.2
1.18
1.14
1.12
1.1
1.08
1.06
1.05
1.01
1.0
0.97
0.94
0.94
0.98
1.0
1.02
1.04
1.06
1.09
1.11
1.13
1.17
1.2
1.22
1.26
1.3
1.34
1.37
1.43
1.47
1.45
1.45
1.45
1.23
1.23
1.26
1.3
1.35
1.4
3.78
3.78
3.79
3.8
3.8
3.81
3.81
3.82
3.83
3.84
3.85
3.86
3.87
3.89
3.91
3.96
4.7
4.72
4.75
4.78
4.82
4.86
4.89
4.93
4.97
5.02
5.06
5.11
5.17
5.23
5.29
5.37
5.44
5.52
5.58
5.66
5.76
5.84
10.1
9.55
9.07
8.91
8.92
7.95
7.63
1.5
1.46
1.4
1.36
1.33
1.27
1.4
1.52
1.53
1.56
1.52
1.49
1.44
1.4
1.37
1.34
1.31
1.28
1.24
1.21
1.2
1.17
1.15
1.13
1.11
1.08
1.1
1.12
1.15
1.18
1.2
1.22
1.24
