1.73
1.74
1.76
1.77
1.8
1.82
1.83
1.85
1.87
1.9
1.93
1.94
1.97
2.0
2.03
2.06
2.09
2.12
2.16
2.2
2.24
2.29
2.32
2.37
2.43
2.48
2.53
2.59
2.66
2.73
2.8
2.87
2.95
3.04
3.12
3.22
3.32
3.44
3.56
3.7
3.86
4.01
4.19
4.38
4.6
4.84
5.11
5.38
5.74
6.13
6.56
15.26
11.45
11.18
11.05
11.06
11.93
11.91
81.83
81.83
81.83
9.47
81.83
81.83
81.83
81.83
81.83
81.83
81.83
81.83
81.83
4.09
3.63
3.27
3.01
2.75
2.56
2.38
2.22
2.1
1.98
1.88
1.78
1.69
1.61
1.53
1.47
1.42
1.36
1.3
1.26
1.21
1.16
1.13
1.08
1.04
1.03
1.0
0.97
0.95
0.93
0.9
0.88
0.87
0.84
0.83
0.83
0.81
0.78
0.77
0.76
0.74
0.72
0.72
0.7
0.7
0.7
0.69
0.68
0.67
0.66
0.66
0.65
0.64
0.64
0.63
0.62
0.62
0.62
0.62
0.61
0.61
0.61
0.61
0.59
0.59
0.59
0.59
0.58
0.58
0.57
0.58
0.58
0.58
0.58
0.58
0.57
0.57
0.57
0.57
0.57
0.57
0.57
0.57
0.57
0.56
0.57
0.57
0.56
0.57
0.57
0.57
0.57
0.57
0.58
0.58
0.58
0.58
0.58
0.58
0.59
0.6
0.6
0.6
0.61
0.61
0.62
0.62
0.63
0.63
