5.25
5.23
5.27
6.45
6.51
7.04
14.52
18.31
18.28
12.98
8.71
7.53
7.4
7.4
7.41
7.23
6.27
5.9
5.93
7.36
7.37
7.41
7.43
3.3
3.08
2.9
2.74
2.59
2.49
2.37
2.28
2.18
2.1
2.01
1.94
1.87
1.82
1.76
1.7
1.66
1.61
1.58
1.58
1.59
1.62
1.64
1.66
1.69
1.72
1.73
1.76
1.8
1.81
1.85
1.87
1.91
1.95
1.98
2.03
2.07
2.11
2.15
2.2
2.26
2.32
2.37
2.45
2.5
2.57
2.65
2.73
2.82
2.91
3.02
3.13
3.25
3.38
3.53
3.69
3.87
4.07
4.3
4.55
4.85
5.17
5.55
5.97
6.46
7.03
7.76
12.56
12.52
12.44
81.83
81.83
11.72
81.83
81.83
10.93
81.83
81.83
81.83
81.83
81.83
81.83
81.83
81.83
5.34
4.82
4.39
4.02
3.72
3.46
3.22
3.03
2.84
2.68
2.53
2.4
2.31
2.2
2.1
2.03
1.94
1.87
1.81
1.74
1.69
1.62
1.57
1.53
1.48
1.43
1.4
1.36
1.32
1.29
1.27
1.24
1.22
1.19
1.17
1.15
1.13
1.12
1.18
1.22
1.25
1.26
1.28
1.32
1.35
1.73
1.77
1.81
1.86
1.91
1.96
6.06
6.0
5.93
4.29
5.82
5.77
5.72
5.69
5.65
5.6
5.57
5.53
5.49
4.8
4.76
4.75
4.71
4.71
5.12
5.3
5.28
5.26
