3.69
5.99
5.98
5.96
5.97
3.11
3.15
3.13
0.77
0.77
6.0
6.15
6.15
6.16
6.17
6.18
6.19
4.23
6.26
6.27
3.79
6.31
4.39
4.57
6.42
6.45
6.39
6.34
3.81
4.84
5.1
1.81
6.58
6.61
4.38
4.05
4.18
6.87
2.22
7.04
7.1
4.33
1.6
1.62
7.44
7.55
1.47
1.44
1.41
1.39
1.36
1.34
1.35
1.37
1.4
1.43
1.47
1.48
1.49
1.49
1.5
1.5
1.5
1.51
1.55
8.92
6.82
4.65
4.93
4.9
9.13
7.32
3.01
81.83
81.83
81.83
81.83
81.83
81.83
81.83
3.71
3.68
3.64
81.83
81.83
81.83
81.83
81.83
81.83
7.04
7.05
7.13
7.18
7.29
10.49
10.55
11.56
11.02
10.92
10.81
12.55
12.49
11.59
12.01
10.89
81.83
81.83
8.5
8.45
8.32
8.19
3.09
8.35
3.3
2.74
9.22
9.54
3.79
3.74
2.49
2.45
2.39
2.35
2.3
2.26
2.21
2.18
2.14
2.11
2.08
2.04
2.01
1.99
1.97
1.93
1.92
1.89
1.87
1.86
1.84
1.82
1.8
1.79
1.78
1.76
1.75
1.74
1.72
1.71
1.7
1.7
1.69
1.67
1.67
1.65
1.66
1.78
3.71
3.86
4.02
4.22
4.25
4.28
4.3
1.31
1.28
1.27
1.92
1.92
4.52
4.56
4.6
4.63
4.58
4.75
4.28
4.26
4.92
4.97
5.04
