0.87
0.87
0.87
0.88
0.87
0.88
0.88
0.88
0.89
0.89
0.89
0.89
0.9
0.9
0.9
0.91
0.91
0.92
0.92
0.92
0.93
0.93
0.94
0.94
0.95
0.96
0.97
0.98
0.98
0.99
1.0
1.0
1.02
1.03
1.03
1.05
1.06
1.07
1.09
1.11
1.12
1.14
1.16
1.18
1.2
1.22
1.24
1.25
1.25
1.23
1.2
1.18
1.15
1.16
1.14
1.12
1.1
1.08
1.07
1.1
1.14
1.16
1.2
1.24
1.27
1.32
1.36
1.42
1.48
1.54
1.6
1.67
1.75
1.84
1.94
2.04
2.17
2.31
2.48
2.68
2.91
3.17
3.48
3.87
4.32
8.39
7.4
7.37
7.67
8.62
8.63
8.62
8.63
11.04
9.9
81.83
11.07
11.08
10.47
10.49
3.95
3.93
3.95
2.95
2.71
2.52
2.35
2.2
2.08
1.96
1.86
1.76
1.68
1.6
1.54
1.48
1.41
1.37
1.31
1.27
1.24
1.18
1.15
1.12
1.08
1.05
1.02
0.98
0.96
0.95
0.93
0.91
0.89
0.86
0.85
0.83
0.83
0.82
0.8
0.8
0.78
0.77
0.76
0.75
0.73
0.73
0.72
0.71
0.7
0.7
0.69
0.68
0.68
0.66
0.67
0.67
0.67
0.66
0.65
0.64
0.64
0.63
0.63
0.63
0.62
0.62
0.61
0.61
0.62
0.61
0.61
0.61
0.61
0.61
0.61
0.61
0.6
0.6
0.6
0.6
