0.54
0.54
0.53
0.53
0.52
0.52
0.52
0.52
0.52
0.52
0.53
0.53
0.53
0.54
0.54
0.54
0.55
0.55
0.55
0.55
0.56
0.56
0.57
0.57
0.58
0.57
0.58
0.59
0.59
0.6
0.6
0.61
0.62
0.63
0.63
0.64
0.65
0.65
0.66
0.67
0.68
0.69
0.7
0.71
0.72
0.74
0.75
0.77
0.78
0.79
0.81
0.82
0.83
0.86
0.89
0.91
0.93
0.96
0.98
1.01
1.05
1.08
1.11
1.15
1.18
2.86
2.83
2.82
2.79
2.77
2.75
2.74
2.73
2.71
2.69
2.68
2.67
2.66
2.65
2.64
2.63
2.62
2.61
2.6
2.6
2.6
2.59
2.59
2.59
2.58
2.59
2.58
2.59
2.59
2.6
2.6
2.6
2.6
2.62
2.63
2.64
2.64
2.66
2.67
2.68
2.69
2.7
2.72
2.73
2.75
2.63
2.35
2.25
2.17
2.08
2.0
1.93
1.85
1.8
1.74
1.7
1.64
1.6
1.55
1.51
1.48
1.44
1.5
1.48
1.42
1.37
1.31
1.27
1.16
1.07
1.08
1.05
1.01
0.98
0.95
0.92
0.9
0.87
0.84
0.83
0.81
0.79
0.77
0.75
0.74
0.73
0.71
0.69
0.68
0.67
0.66
0.65
0.65
0.64
0.62
0.62
0.61
0.6
0.59
0.59
0.58
0.59
0.62
0.64
0.65
0.67
0.69
0.72
0.74
0.78
0.81
7.52
7.83
8.12
7.03
