1.06
1.05
1.05
1.04
1.03
1.03
1.02
1.02
1.02
1.01
1.0
0.99
0.99
0.98
0.97
0.97
0.97
0.96
0.95
0.95
0.95
0.95
0.95
0.95
0.95
0.95
0.95
0.95
0.95
0.95
0.94
0.95
0.95
0.95
0.95
0.95
0.96
0.96
0.97
0.97
0.97
0.98
0.99
1.0
1.0
1.01
1.01
1.01
1.02
1.03
1.04
1.05
1.06
1.07
1.08
1.09
1.11
1.13
1.13
1.15
1.16
1.18
1.19
1.21
1.22
1.25
1.27
1.28
1.3
1.33
1.36
1.37
1.39
1.43
1.45
1.49
1.52
1.55
1.6
1.65
1.69
1.74
1.79
1.84
1.9
1.97
2.03
2.12
2.19
2.28
2.4
2.51
2.64
2.81
2.97
3.19
3.47
3.83
4.2
5.12
16.07
16.06
16.07
16.1
19.32
20.61
19.94
19.93
13.77
6.2
6.19
5.01
4.57
4.2
3.9
3.62
3.4
3.21
3.02
2.86
2.72
2.58
2.47
2.37
2.27
2.18
2.1
2.02
1.95
1.89
1.82
1.77
1.71
1.66
1.63
1.58
1.54
1.5
1.46
1.44
1.39
1.37
1.34
1.31
1.29
1.26
1.24
1.21
1.19
1.18
1.17
1.15
1.13
1.11
1.11
1.1
1.07
1.06
1.06
1.05
1.05
1.04
1.01
1.01
0.98
0.97
0.96
0.97
1.02
1.02
1.08
3.59
3.83
4.47
4.45
4.43
2.37
2.37
4.38
4.36
