3.7
3.7
3.71
3.31
2.84
2.49
2.19
2.19
2.2
2.21
2.3
3.66
3.68
3.69
3.71
3.73
3.75
3.77
3.8
3.83
3.85
3.88
3.92
3.95
3.98
3.96
3.85
3.73
3.61
3.52
3.43
3.33
3.26
3.18
3.09
3.04
2.98
2.91
2.86
2.81
2.75
2.71
2.65
2.61
2.56
2.53
2.49
2.45
2.41
2.38
2.34
2.24
2.22
2.22
2.2
2.18
2.11
2.14
2.13
2.11
2.09
2.08
2.08
2.06
2.05
2.03
2.01
2.0
1.99
1.97
1.98
1.97
1.95
1.94
1.94
1.93
1.92
1.92
1.91
1.9
1.9
1.9
1.9
1.89
1.89
1.89
1.89
1.89
1.89
1.89
1.89
1.9
1.9
1.9
1.9
1.9
1.91
1.92
1.92
1.93
1.94
1.95
1.97
1.97
1.97
1.98
1.99
2.01
2.02
2.03
2.05
2.05
2.07
2.07
2.1
2.11
2.13
2.15
2.17
2.2
2.23
2.25
2.28
2.31
2.34
2.38
2.4
2.44
2.48
2.52
2.56
2.56
2.66
2.66
0.72
0.7
0.69
0.68
0.68
0.67
0.66
0.65
0.65
0.65
0.65
0.67
0.68
0.71
0.73
0.76
0.78
0.81
0.84
0.87
0.92
0.95
1.0
1.05
1.1
1.15
1.21
1.28
1.36
1.47
1.57
1.71
1.84
2.02
2.24
4.54
4.54
4.52
4.52
4.5
8.94
8.9
9.04
9.04
9.04
8.86
