0.96
0.96
1.1
1.02
1.01
1.02
1.04
1.07
1.11
1.13
1.14
1.19
1.46
1.92
1.91
1.92
1.92
1.93
1.87
1.08
1.07
1.95
1.95
1.95
1.97
1.98
1.99
2.01
2.02
1.92
1.84
1.76
1.69
1.63
1.57
1.52
1.47
1.42
0.86
0.82
0.82
0.84
0.85
0.85
0.87
0.88
0.9
0.91
0.91
0.94
0.95
0.97
0.99
1.01
1.02
1.04
1.05
1.03
1.01
1.02
1.04
1.07
1.09
1.12
1.15
1.19
1.24
2.53
2.58
2.62
2.67
10.72
10.64
10.55
9.7
9.6
9.61
8.83
10.25
10.22
9.98
10.11
10.02
9.97
9.92
9.9
9.26
9.26
9.78
8.74
7.33
6.95
6.94
5.2
5.2
5.2
5.22
4.83
4.8
4.79
4.74
4.72
4.7
4.67
4.65
4.64
4.61
4.57
4.57
4.55
2.23
2.21
2.21
2.2
2.19
4.45
4.44
2.49
2.46
2.47
2.5
2.52
4.37
4.37
4.36
4.36
4.35
4.35
4.34
4.33
4.14
4.19
4.16
9.37
7.55
2.12
2.11
2.13
9.28
1.47
1.45
1.5
9.44
9.45
9.45
4.44
4.27
1.9
1.84
1.78
1.72
1.71
1.72
1.74
1.75
1.76
1.78
1.81
1.83
1.84
1.87
1.9
1.92
1.94
1.98
2.01
2.04
2.07
2.09
2.1
2.05
2.0
1.95
1.9
1.86
1.83
1.79
1.75
1.72
1.69
