2.17
2.81
2.79
2.79
2.78
2.78
2.78
2.76
2.78
2.77
2.77
2.77
2.76
2.77
2.77
2.78
2.24
1.94
2.33
2.79
2.81
2.81
2.81
2.83
2.84
2.86
2.88
2.9
0.9
0.87
0.84
0.82
0.79
0.76
0.74
0.74
0.71
0.68
0.68
0.66
0.65
0.64
0.62
0.6
0.59
0.57
0.61
0.62
0.63
0.65
0.66
0.68
0.69
0.71
0.72
0.74
0.75
0.78
0.8
0.83
0.86
0.89
0.92
0.95
0.97
1.02
1.05
1.09
1.26
1.25
1.23
1.23
1.21
1.2
1.19
1.18
1.18
0.96
0.96
1.02
1.07
1.13
1.17
3.53
3.5
3.48
3.48
81.83
9.57
81.83
81.83
6.91
7.2
7.19
8.41
8.56
13.14
16.51
20.39
11.9
9.85
9.37
9.38
9.4
7.93
7.86
9.29
5.08
4.56
4.14
3.73
3.41
3.39
3.39
3.41
3.43
3.45
3.47
3.48
3.5
3.53
3.54
3.57
3.59
3.63
3.66
3.68
3.72
3.75
1.36
1.32
1.31
1.27
1.24
1.2
1.18
1.11
1.2
1.39
1.41
1.44
1.46
1.48
1.51
1.53
1.26
1.25
1.23
1.2
1.19
1.18
1.15
1.14
1.12
1.1
1.09
1.08
1.07
1.06
1.05
1.04
1.02
1.02
1.0
0.99
0.98
0.97
0.96
0.96
0.95
0.94
0.94
0.93
0.98
1.04
1.12
1.19
1.27
3.16
3.16
