1.75
1.72
1.66
1.63
1.58
1.55
1.51
1.48
1.44
1.41
1.38
1.36
1.33
1.31
1.27
1.26
1.23
1.22
1.2
1.18
1.16
1.14
1.12
1.12
1.1
1.09
1.08
1.07
1.06
1.04
1.03
1.02
1.01
1.01
1.0
0.99
0.98
0.97
0.97
0.97
0.95
0.95
0.95
0.95
0.94
0.94
0.93
0.92
0.91
0.92
0.91
0.91
0.91
0.91
0.91
0.92
0.92
0.93
0.91
0.91
0.91
0.91
0.91
0.92
0.92
0.92
0.93
0.93
0.93
0.93
0.94
0.95
0.95
0.95
0.96
0.96
0.97
0.98
0.98
0.99
1.01
1.01
1.01
1.02
1.03
1.04
1.05
1.06
1.08
1.09
1.11
1.12
1.13
1.15
1.17
1.18
1.2
1.21
1.24
1.26
1.28
1.3
1.33
1.36
1.37
1.4
1.44
1.47
1.51
1.54
1.58
1.62
1.67
1.72
1.77
1.83
1.89
1.97
2.04
2.12
2.21
2.29
2.41
2.53
2.68
2.87
3.07
3.3
3.66
4.07
4.73
16.09
16.09
16.09
16.13
19.66
20.66
19.97
19.96
81.83
6.23
6.23
5.01
4.59
4.23
3.93
3.68
3.45
3.25
3.07
2.92
2.78
2.64
2.53
2.42
2.32
2.24
2.16
2.07
2.01
1.94
1.88
1.81
1.76
1.72
1.67
1.63
1.58
1.56
1.5
1.48
1.45
1.41
1.38
1.36
1.33
1.31
1.28
1.27
1.25
