1.14
1.17
1.19
1.21
1.25
1.28
1.32
1.35
1.39
1.44
1.46
1.65
1.7
1.92
2.03
2.11
2.18
6.24
81.83
6.13
6.08
6.04
6.0
5.96
5.93
5.89
5.86
5.2
5.04
5.03
4.99
4.96
5.0
5.73
5.79
5.78
5.77
4.41
4.4
4.4
4.39
4.38
5.75
5.64
5.07
5.0
4.98
4.98
1.48
1.27
1.27
1.27
1.27
1.27
1.27
1.28
1.28
1.29
1.31
1.31
1.32
1.32
1.33
1.34
1.35
1.35
1.36
1.38
1.38
1.38
1.4
1.41
1.42
1.44
1.45
1.47
1.49
1.51
1.53
1.54
1.56
1.59
1.61
1.64
1.66
1.69
1.72
1.74
1.78
1.81
1.83
1.89
1.93
1.97
2.01
2.06
2.12
2.17
2.23
2.29
2.36
2.44
2.51
2.59
2.68
2.78
2.88
2.99
3.1
3.23
3.37
3.53
3.68
3.89
4.11
4.32
4.59
4.88
5.28
6.31
6.29
6.65
7.31
8.1
9.15
10.45
14.35
14.46
14.51
81.83
81.83
81.83
81.83
16.89
16.93
17.81
6.25
5.47
4.98
4.6
4.29
4.02
3.8
3.61
3.42
3.27
3.15
3.04
2.93
2.83
2.74
2.66
2.59
2.52
2.45
2.39
2.34
2.29
2.23
2.18
2.13
2.1
2.07
2.02
1.98
1.95
1.91
1.88
1.85
1.83
1.8
1.77
1.76
1.72
1.71
1.68
1.67
1.65
1.64
1.62
