1.58
1.56
1.55
1.54
1.54
1.54
1.54
1.53
1.52
1.52
1.51
1.51
1.5
1.5
1.5
1.49
1.49
1.49
1.49
1.49
1.48
1.48
1.48
1.48
1.48
1.49
1.49
1.49
1.49
1.5
1.51
1.51
1.51
1.52
1.53
1.54
1.54
1.54
1.55
1.56
1.57
1.59
1.6
1.61
1.63
1.63
1.65
1.66
1.68
1.7
1.71
1.72
1.74
1.77
1.77
1.8
1.82
1.84
1.87
1.89
1.92
1.95
1.98
2.01
2.05
2.08
2.11
2.15
2.19
2.23
2.28
2.33
2.38
2.43
2.49
2.55
2.61
2.68
2.76
2.85
2.93
3.01
3.1
3.21
3.32
3.44
3.56
3.7
3.84
4.01
4.21
4.41
4.64
4.9
5.18
5.52
5.9
6.32
8.81
15.2
11.13
11.08
10.99
14.88
81.83
81.83
81.83
81.83
9.43
9.53
81.83
81.83
81.83
81.83
81.83
81.83
81.83
81.83
81.83
4.2
3.76
3.41
3.15
2.91
2.7
2.52
2.37
2.24
2.12
2.02
1.95
1.84
1.74
1.68
1.59
1.54
1.49
1.43
1.38
1.33
1.29
1.25
1.21
1.17
1.14
1.1
1.07
1.05
1.03
0.99
0.98
0.96
0.94
0.93
0.91
0.9
0.88
0.86
0.86
0.85
0.84
0.82
0.81
0.8
0.78
0.78
0.76
0.76
0.74
0.74
0.73
0.72
0.73
0.72
0.72
0.72
0.71
0.7
0.69
0.69
