1.37
1.37
1.38
1.38
1.38
1.39
1.4
1.4
1.41
1.41
1.41
1.42
1.43
1.43
1.44
1.45
1.46
1.48
1.49
1.5
1.51
1.53
1.54
1.56
1.57
1.59
1.61
1.64
1.66
1.68
1.7
1.74
1.76
5.42
5.32
5.25
5.14
5.04
4.98
5.0
5.03
4.96
4.89
4.88
4.94
5.06
5.18
5.3
5.22
5.16
5.12
5.06
5.0
4.95
4.89
4.85
4.82
4.77
4.72
4.68
4.65
4.63
4.59
4.55
4.39
4.63
4.71
4.7
4.66
4.65
4.6
81.83
81.83
81.83
81.83
81.83
81.83
81.83
81.83
81.83
6.26
6.2
6.11
81.83
81.83
81.83
7.03
12.37
8.07
7.81
7.82
7.95
8.11
11.25
15.41
81.83
81.83
81.83
10.07
9.95
81.83
81.83
81.83
6.25
81.83
12.67
3.62
3.2
2.86
2.6
2.4
2.22
2.08
1.96
1.86
1.77
1.68
1.61
1.55
1.48
1.44
1.39
1.34
1.3
1.26
1.22
1.19
1.16
1.13
1.11
1.08
1.06
1.03
1.01
0.99
0.97
0.96
0.94
0.93
0.91
0.9
0.88
0.87
0.85
0.85
0.84
0.83
0.81
0.8
0.79
0.78
0.77
0.76
0.75
0.75
0.75
0.74
0.73
0.72
0.72
0.71
0.71
0.7
0.7
0.69
0.69
0.68
0.68
0.68
0.69
0.68
0.67
0.67
0.67
0.67
0.67
0.67
0.67
0.67
0.67
