4.41
3.6
4.51
2.33
2.34
3.06
3.06
4.65
4.69
4.55
4.55
3.45
2.01
2.03
4.56
4.64
4.66
3.12
3.13
2.35
2.36
1.75
1.75
2.9
3.22
5.15
5.15
5.54
5.7
2.14
2.14
6.22
6.25
6.34
6.24
6.07
1.91
1.37
1.34
5.9
5.85
5.56
5.63
5.69
5.64
5.61
1.62
0.89
0.94
3.85
1.74
1.55
1.54
5.31
2.02
2.04
2.13
3.9
3.92
3.87
3.95
3.87
2.57
2.51
1.19
1.2
3.56
3.51
2.22
2.21
3.7
3.77
1.3
1.27
1.07
1.08
4.01
3.95
2.24
2.24
3.8
3.76
1.92
1.91
1.93
2.14
1.49
1.5
3.47
3.47
3.45
3.42
3.39
3.36
0.88
0.9
0.86
3.29
3.27
3.26
3.24
1.77
1.79
1.37
3.18
3.18
3.18
3.16
3.16
3.15
3.14
3.13
3.13
3.12
3.12
3.12
3.12
3.17
3.31
3.32
3.32
3.33
3.33
3.34
3.35
3.36
3.37
3.37
3.39
3.41
3.41
3.44
3.45
3.47
3.47
3.49
3.53
3.53
3.55
3.58
3.6
3.62
3.66
3.7
3.74
3.75
1.68
1.9
1.87
1.88
3.79
3.83
2.59
2.6
3.97
4.02
4.09
4.13
2.29
2.54
4.31
4.4
1.37
1.37
1.36
1.36
1.36
4.97
5.09
5.2
5.31
2.23
2.28
1.35
1.36
6.05
6.23
1.98
1.99
2.0
