0.78
0.78
0.78
0.78
0.78
0.79
0.79
0.78
0.78
0.79
0.78
0.79
0.79
0.79
0.79
0.79
0.79
0.79
0.79
0.79
0.79
0.8
0.8
0.8
0.8
0.81
0.81
0.82
0.84
0.89
0.85
0.84
0.86
0.87
0.88
0.89
0.9
0.92
0.91
0.93
0.93
0.95
0.97
0.97
0.98
0.99
1.01
1.03
1.05
1.07
1.09
1.1
1.12
1.15
1.17
1.2
1.23
1.25
1.29
1.32
1.35
1.39
1.42
1.47
1.52
1.56
1.63
1.68
1.74
1.8
1.88
1.96
2.03
2.12
2.23
2.34
2.46
2.6
2.76
4.05
4.03
4.0
3.9
3.88
3.87
3.85
3.84
3.82
3.82
3.81
3.81
3.8
3.8
3.8
3.79
3.79
3.8
3.8
3.81
3.81
3.82
3.83
3.83
3.84
3.85
3.86
3.88
3.89
3.9
3.91
3.93
3.95
3.97
4.0
4.03
4.05
4.09
4.11
6.8
6.77
6.78
7.22
7.25
7.33
7.39
7.47
7.55
5.45
5.35
4.88
4.78
4.8
4.87
4.94
5.01
5.07
5.15
5.23
5.33
5.41
5.52
5.61
5.71
5.82
5.93
6.06
6.18
6.34
6.49
6.65
6.8
6.98
7.17
7.38
7.6
7.82
8.06
8.34
3.02
2.95
2.95
2.95
2.95
2.95
2.95
2.95
2.95
2.96
2.96
2.96
2.97
2.98
3.04
2.73
2.51
2.33
2.17
2.03
1.93
1.86
