0.68
0.69
0.69
0.68
0.69
0.7
0.7
0.7
0.7
0.7
0.7
0.68
0.69
0.68
0.68
0.68
0.68
0.69
0.69
0.69
0.7
0.69
0.69
0.69
0.7
0.7
0.7
0.71
0.71
0.72
0.72
0.73
0.74
0.75
0.77
0.77
0.77
0.78
0.79
0.79
0.81
0.82
0.83
0.85
0.86
0.87
0.88
0.89
0.91
0.93
0.95
0.96
0.98
1.01
1.03
1.05
1.07
1.1
1.13
1.15
1.18
1.21
1.25
1.28
1.31
1.36
1.39
1.44
1.49
1.55
1.6
1.68
1.75
1.83
1.91
2.02
2.13
2.26
2.44
2.66
2.93
3.23
4.2
7.54
8.23
8.27
13.29
13.28
13.27
13.26
13.27
14.41
16.43
17.84
17.14
17.14
10.98
10.95
8.78
3.39
3.37
3.37
3.36
2.45
2.36
2.21
2.09
1.96
1.86
1.77
1.68
1.61
1.52
1.48
1.42
1.36
1.32
1.27
1.22
1.18
1.15
1.12
1.09
1.05
1.02
1.0
0.98
0.95
0.93
0.91
0.9
0.86
0.86
0.84
0.83
0.82
0.81
0.8
0.79
0.78
0.77
0.76
0.75
0.74
0.73
0.72
0.72
0.71
0.7
0.69
0.69
0.68
0.68
0.67
0.66
0.66
0.66
0.65
0.64
0.65
0.64
0.64
0.63
0.63
0.63
0.64
0.63
0.63
0.62
0.62
0.62
0.61
0.61
0.6
0.6
0.6
0.59
0.6
0.6
0.6
