4.87
4.12
3.68
3.32
3.03
2.77
2.56
2.5
2.51
2.52
2.53
2.55
2.54
2.62
6.19
6.23
1.33
1.26
1.22
1.17
1.15
1.11
1.06
1.04
1.06
1.41
1.44
1.46
1.47
1.49
1.51
1.53
1.56
1.57
1.59
1.61
1.65
1.67
1.71
1.73
1.77
1.79
1.84
1.87
1.87
1.85
1.82
1.8
1.78
1.75
1.74
1.73
2.13
2.4
2.48
2.54
2.64
2.66
2.65
2.62
2.61
2.58
2.57
3.43
3.41
3.39
3.37
3.36
3.39
3.38
3.37
3.35
3.34
3.33
3.32
3.31
3.31
3.3
3.29
3.29
3.28
3.25
3.36
3.37
3.36
3.36
3.36
3.36
3.36
3.37
3.38
3.38
3.4
3.41
3.42
3.43
3.44
3.39
3.36
3.4
3.42
3.44
2.01
1.88
1.8
1.73
1.66
1.59
1.54
1.47
1.44
1.39
1.35
1.3
1.26
1.22
1.19
1.16
1.13
1.11
1.08
1.05
1.04
1.01
0.99
0.97
0.96
0.94
0.92
0.9
0.89
0.87
0.86
0.85
0.83
0.82
0.82
0.8
0.8
0.78
0.78
0.77
0.76
0.75
0.74
0.73
0.72
0.72
0.72
0.71
0.71
0.7
0.7
0.69
0.68
0.68
0.67
0.67
0.66
0.66
0.66
0.66
0.65
0.65
0.65
0.65
0.65
0.65
0.65
0.66
0.66
0.66
0.66
0.65
0.66
0.66
0.65
0.65
0.65
0.65
