3.53
3.5
1.91
1.91
81.83
81.83
3.63
3.58
3.08
2.85
2.64
2.54
2.37
2.19
2.07
2.01
2.02
2.02
2.04
0.93
0.88
0.93
2.1
1.92
1.34
1.31
1.29
1.25
1.23
1.2
1.18
1.16
1.17
1.2
1.21
1.23
1.26
1.29
1.32
1.35
1.38
1.41
1.44
1.49
1.53
1.56
1.61
1.67
1.71
1.78
1.84
1.9
1.99
2.07
2.16
2.25
2.37
2.51
7.8
7.55
6.96
5.4
5.39
5.39
2.74
2.71
81.83
12.77
12.19
11.65
11.18
10.78
10.34
9.98
9.65
9.33
9.04
8.75
8.58
8.63
81.83
81.83
10.96
11.1
81.83
11.46
11.36
12.69
12.89
13.13
11.57
12.64
12.43
81.83
81.83
81.83
81.83
81.83
81.83
3.83
3.96
3.87
81.83
81.83
81.83
81.83
2.97
81.83
3.17
5.77
6.21
8.3
8.24
5.16
5.18
6.17
9.54
2.1
1.78
1.76
1.75
1.74
1.73
1.73
1.73
1.72
1.72
1.69
1.65
1.62
1.62
1.65
1.69
1.71
1.75
81.83
7.3
4.99
81.83
2.5
7.91
6.02
5.77
7.62
5.88
7.36
7.28
7.19
5.44
7.02
6.94
6.86
6.78
4.15
6.67
4.62
6.55
6.52
6.43
3.99
4.54
6.61
4.62
4.67
81.83
81.83
81.83
3.64
6.29
3.75
81.83
4.46
1.06
1.19
1.15
1.16
1.19
1.18
1.14
1.16
