1.46
1.46
1.46
1.47
1.47
1.47
1.48
1.49
1.5
1.51
1.51
1.52
1.53
1.53
1.53
1.55
1.55
1.55
1.56
1.58
1.59
1.6
1.61
1.63
1.65
1.66
1.66
1.68
1.71
1.72
1.73
1.76
1.79
1.8
1.82
1.85
1.87
1.9
1.93
1.96
1.99
2.02
2.06
2.09
2.11
2.16
2.21
2.25
2.3
2.35
2.4
2.47
2.54
2.6
2.66
2.74
2.52
2.49
2.45
2.42
2.4
2.39
2.37
2.35
2.33
2.31
2.29
2.28
2.26
2.24
2.24
2.22
2.2
2.2
2.18
2.17
2.17
2.18
2.51
2.51
2.5
2.49
2.49
2.49
2.5
2.47
2.45
2.29
2.23
2.2
2.16
2.13
2.11
2.08
2.06
2.04
2.02
2.0
1.98
1.96
1.94
1.93
1.92
1.9
1.89
1.88
1.86
1.85
1.84
1.82
1.82
1.81
1.8
1.79
1.78
1.77
1.77
1.76
1.75
1.75
1.74
1.73
1.29
1.6
1.76
2.36
2.35
2.36
2.35
1.97
2.36
1.1
1.09
1.11
2.37
2.38
2.38
2.39
1.95
2.39
2.28
2.18
2.1
2.02
1.96
1.89
1.83
1.84
1.87
1.88
1.9
1.92
1.94
0.69
0.66
0.68
0.7
5.57
81.83
81.83
1.74
81.83
81.83
4.82
8.37
1.18
1.15
81.83
1.43
1.46
7.21
9.41
4.05
3.79
3.78
3.78
3.78
3.77
3.71
3.69
