0.78
0.79
0.79
0.78
0.79
0.78
0.79
0.79
0.79
0.79
0.79
0.79
0.79
0.8
0.81
0.81
0.81
0.82
0.82
0.82
0.83
0.84
0.84
0.84
0.85
0.86
0.86
0.87
0.88
0.89
0.89
0.9
0.92
0.93
0.93
0.95
0.96
0.98
0.99
1.0
1.02
1.02
1.04
6.24
6.1
6.11
9.49
8.61
9.84
81.83
9.98
5.43
5.39
5.31
5.28
5.42
5.55
5.68
5.84
6.0
6.18
6.35
6.55
6.77
7.0
7.24
7.53
7.82
8.14
8.12
8.06
8.01
5.08
5.02
4.99
4.96
4.93
3.91
3.92
3.9
3.88
5.03
5.14
5.12
5.12
5.08
5.06
5.07
5.06
5.07
5.26
7.46
6.4
81.83
6.22
6.21
7.51
7.53
7.52
6.91
6.92
6.93
6.95
7.63
7.01
7.03
7.05
7.76
7.8
7.83
4.22
4.07
3.48
3.28
3.29
3.31
3.33
3.36
3.39
3.3
3.2
3.1
3.01
2.93
0.69
0.67
0.66
0.64
0.62
0.6
0.6
0.59
0.58
0.57
0.56
0.54
0.54
0.54
0.53
0.52
0.51
0.52
0.53
0.54
0.56
0.56
0.55
0.57
0.58
0.62
0.63
0.62
0.63
0.62
0.61
0.61
0.62
0.63
0.65
0.67
0.69
0.71
0.72
0.74
0.77
0.78
0.81
0.84
0.88
0.9
0.94
0.99
1.03
1.08
1.13
1.19
1.25
1.32
1.39
3.63
