1.76
1.82
1.87
1.94
2.0
2.08
2.16
2.24
2.33
2.42
2.55
2.67
2.8
2.96
3.12
3.29
3.5
3.74
4.04
4.32
4.68
5.17
6.3
6.38
7.21
8.33
9.97
14.38
14.54
14.53
81.83
81.83
81.83
16.13
81.83
81.83
17.82
18.11
7.09
6.23
5.69
5.27
4.93
4.64
4.38
4.18
4.0
3.84
3.69
3.55
3.44
3.33
3.23
3.14
3.06
2.98
2.9
2.82
2.75
2.7
2.65
2.6
2.54
2.49
2.47
2.41
2.37
2.33
2.31
2.27
2.23
2.21
2.18
2.14
2.08
2.08
2.05
2.02
2.0
1.98
1.96
1.95
1.93
1.92
1.89
1.88
1.88
1.86
1.85
1.83
1.82
1.81
1.8
1.79
1.87
2.0
3.76
3.92
4.07
4.24
4.3
4.3
4.51
4.77
5.03
5.33
5.68
6.07
6.5
7.02
7.63
7.83
7.8
10.29
11.68
11.94
12.83
19.66
19.39
20.49
22.89
8.77
8.75
8.75
8.76
8.77
8.78
7.12
6.09
5.31
4.71
4.23
3.83
3.5
3.24
3.07
3.12
3.14
3.16
3.18
3.23
3.25
3.27
3.3
3.32
3.34
3.36
3.4
5.27
5.82
5.86
5.74
5.57
1.38
1.35
1.3
1.26
1.22
1.19
1.16
1.13
1.11
1.08
1.06
1.04
1.02
0.99
0.98
0.97
0.95
0.94
0.92
0.91
0.89
0.88
0.88
0.87
0.86
0.84
0.83
