1.47
1.51
1.55
1.61
1.65
1.7
1.76
1.82
1.89
1.99
2.0
1.99
1.98
1.97
1.96
1.94
1.93
1.92
1.91
1.91
1.9
1.9
1.89
1.89
1.88
1.88
1.87
1.87
1.87
1.86
1.86
1.86
1.86
1.86
1.87
1.87
1.87
1.88
1.88
1.88
1.89
1.89
1.9
1.9
1.9
1.91
1.92
1.93
1.94
1.95
1.86
1.78
1.7
1.63
1.58
1.5
1.46
1.4
1.35
1.3
1.26
1.22
1.19
1.15
1.13
1.1
1.07
1.04
1.03
0.99
0.97
0.95
0.93
0.92
0.89
0.88
0.87
0.86
0.85
0.83
0.81
0.81
0.79
0.77
0.77
0.77
0.78
0.8
0.82
0.82
0.82
2.65
2.63
2.57
2.55
2.53
2.51
2.5
2.51
2.53
2.56
2.42
2.44
2.44
2.39
2.38
2.36
2.34
2.33
2.32
2.32
4.31
4.34
4.05
4.04
3.98
3.98
4.01
4.04
3.97
3.8
3.81
3.81
3.84
3.89
3.89
3.94
3.97
4.75
4.78
4.8
4.39
4.34
4.95
4.05
3.97
5.09
5.14
3.94
4.14
4.78
4.34
4.32
4.13
3.96
3.8
3.45
2.74
2.74
3.31
3.21
3.11
3.02
2.94
2.86
2.78
2.71
2.71
2.73
2.76
2.8
2.84
2.83
6.19
6.31
6.45
6.6
6.85
7.39
7.27
7.16
3.61
3.56
3.55
3.56
3.52
3.52
3.56
3.65
3.74
