2.3
2.31
2.32
2.34
2.35
2.36
2.39
2.39
2.41
2.46
2.46
2.48
2.5
2.53
1.36
1.37
1.46
1.44
1.44
1.43
1.45
1.23
1.22
1.3
1.47
1.47
1.48
1.52
3.16
1.53
1.54
3.03
2.98
2.94
2.88
2.83
2.82
2.78
2.74
2.72
2.68
2.65
2.62
2.6
2.58
2.55
2.53
2.51
2.5
2.49
2.46
2.44
2.42
2.41
2.4
2.4
1.62
1.6
1.59
1.59
1.58
1.56
1.55
1.54
1.53
1.53
1.55
1.55
1.54
1.53
1.52
1.52
1.51
1.54
1.52
1.53
1.54
1.55
1.53
1.53
1.53
1.54
1.54
1.55
1.57
1.58
1.61
2.36
2.37
2.38
2.4
2.41
2.42
2.43
2.46
2.46
2.48
2.5
2.52
1.27
1.21
1.18
1.19
1.21
1.22
1.23
1.28
2.72
2.79
2.85
1.11
1.09
1.08
1.08
3.07
3.09
3.06
3.0
2.95
2.9
2.85
2.8
2.76
2.72
2.67
2.65
2.61
2.58
2.55
2.51
2.49
2.46
2.44
2.41
2.39
2.38
2.35
2.33
2.3
2.28
2.27
2.26
2.24
2.22
2.22
2.21
2.19
2.19
2.18
2.17
2.16
2.15
1.37
1.37
1.37
1.36
1.37
1.37
1.36
1.35
1.36
1.37
1.38
1.37
1.36
1.36
1.37
1.38
1.63
2.26
2.26
2.27
2.28
2.28
2.29
2.3
2.31
2.31
2.32
2.33
