3.13
2.22
1.76
1.46
1.23
1.05
0.93
0.83
0.76
0.7
0.65
0.6
0.55
0.54
0.54
0.54
0.54
0.54
0.55
0.55
0.56
0.56
0.57
0.57
0.57
0.58
0.59
0.59
0.6
0.61
0.61
0.62
0.62
0.63
0.64
0.77
0.81
0.79
0.76
0.74
0.73
0.73
0.75
0.76
0.77
0.78
0.79
0.81
0.83
0.84
0.86
0.87
0.89
0.9
0.93
0.93
0.96
0.99
1.0
1.03
1.06
1.1
1.1
1.37
1.37
1.37
1.37
1.35
1.34
1.35
1.35
1.32
1.31
1.34
3.95
3.95
3.89
3.77
3.82
3.82
3.81
3.8
3.78
3.77
3.81
3.71
3.67
3.67
3.71
3.29
3.29
4.19
4.38
3.83
4.66
3.9
4.61
4.17
3.99
4.0
3.99
4.0
4.02
4.13
3.97
3.95
3.99
4.51
4.61
4.66
4.72
4.83
4.98
5.04
5.07
5.11
4.99
4.9
4.94
4.99
5.06
5.13
3.34
3.32
5.16
5.14
5.03
4.92
3.67
3.58
3.52
3.46
1.22
1.22
1.2
1.18
1.15
1.14
1.12
1.11
1.09
1.08
1.06
1.06
1.05
1.02
0.84
0.8
0.79
0.78
0.77
0.76
0.75
0.74
0.74
0.74
0.74
0.73
0.73
0.72
0.7
0.7
0.63
0.63
0.61
0.62
0.63
0.62
0.61
0.62
0.62
0.62
0.62
0.62
0.61
0.62
0.61
0.61
0.62
0.62
