0.65
0.66
0.64
0.64
0.65
0.64
0.64
0.63
0.63
0.62
0.62
0.62
0.62
0.61
0.62
0.62
0.61
0.61
0.61
0.61
0.61
0.6
0.61
0.6
0.6
0.6
0.6
0.6
0.61
0.61
0.6
0.6
0.61
0.61
0.61
0.62
0.62
0.62
0.62
0.63
0.63
0.64
0.65
0.64
0.64
0.64
0.65
0.65
0.66
0.67
0.67
0.69
0.69
0.7
0.7
0.72
0.72
0.73
0.75
0.75
0.75
0.77
0.78
0.8
0.83
0.83
0.83
0.85
0.86
0.88
0.9
0.92
0.93
0.95
0.97
0.99
1.02
1.04
1.07
1.11
1.15
1.18
1.22
1.27
1.3
1.34
1.39
1.45
1.52
1.58
1.65
1.73
1.82
2.13
2.58
6.43
6.39
6.36
6.32
6.31
5.5
5.46
5.45
5.46
5.48
6.2
6.28
6.28
6.27
4.93
4.91
4.91
4.9
4.9
6.17
6.16
5.5
5.5
5.55
5.57
5.67
1.95
1.8
1.79
1.8
1.82
1.82
1.83
1.83
1.83
1.84
1.85
1.87
1.88
1.89
1.91
1.92
1.93
1.94
1.96
1.98
1.99
2.01
2.04
2.06
2.08
2.11
2.15
2.17
2.2
2.23
2.27
2.3
2.33
2.37
2.42
2.46
2.49
2.54
2.58
2.64
2.7
2.76
2.81
2.88
2.94
3.03
3.11
3.19
3.28
3.37
3.47
3.57
3.68
3.81
3.95
4.09
4.25
4.43
4.61
