1.03
1.03
1.03
1.03
1.02
1.03
1.02
1.02
1.02
1.02
1.02
1.03
1.03
1.04
1.04
1.04
1.04
1.04
1.05
0.99
0.91
0.84
0.8
0.75
0.76
0.76
0.76
0.77
0.78
0.79
0.79
0.8
0.81
0.82
0.83
0.82
0.83
0.83
0.84
0.85
0.86
0.88
0.89
0.91
0.91
0.92
0.94
0.95
0.98
0.98
1.0
1.02
1.04
1.06
1.07
1.09
1.11
1.14
1.17
1.19
1.22
1.24
1.28
1.32
1.35
1.39
1.43
1.47
1.51
1.56
1.61
1.67
1.73
1.78
1.86
1.94
2.02
2.11
2.21
2.31
2.44
2.59
2.76
2.95
3.17
3.43
7.78
7.75
7.73
7.7
6.73
6.71
7.98
7.96
7.93
7.95
7.94
8.01
10.35
9.11
10.36
10.37
10.38
9.76
9.78
3.25
3.24
3.26
2.28
2.15
1.99
1.84
1.73
1.63
1.53
1.45
1.39
1.32
1.26
1.2
1.14
1.09
1.04
0.99
0.96
0.93
0.89
0.87
0.84
0.81
0.79
0.76
0.74
0.72
0.71
0.7
0.68
0.66
0.66
0.64
0.63
0.62
0.61
0.6
0.6
0.58
0.57
0.57
0.55
0.56
0.56
0.55
0.54
0.53
0.54
0.53
0.52
0.51
0.51
0.51
0.51
0.5
0.49
0.49
0.49
0.48
0.49
0.48
0.48
0.48
0.48
0.48
0.47
0.47
0.48
0.47
0.47
0.47
0.46
0.46
