1.33
1.27
1.26
1.31
2.83
2.79
2.76
2.72
2.69
2.67
2.64
2.62
2.6
2.58
2.56
2.54
2.51
2.5
2.49
2.48
2.45
2.44
1.68
1.66
1.67
1.64
1.65
1.65
1.63
1.61
1.59
1.58
1.58
1.59
1.6
1.6
1.6
1.59
1.59
1.6
1.6
1.59
1.61
1.61
1.61
1.6
1.58
1.59
1.59
1.6
1.63
1.66
1.64
1.6
1.64
1.61
1.62
1.63
1.68
2.01
2.51
2.52
2.53
2.56
2.59
2.61
2.63
2.64
2.66
2.69
2.72
2.74
2.77
2.82
2.85
2.89
2.92
2.97
3.01
3.05
3.11
3.05
2.99
2.95
1.68
1.68
2.79
2.75
2.7
2.67
2.62
2.59
2.55
2.52
2.51
2.47
2.45
2.42
2.41
2.38
2.37
2.33
2.31
1.76
1.72
1.71
1.71
1.71
1.69
1.26
1.24
1.23
1.22
1.21
1.19
1.19
1.22
1.21
1.22
1.21
1.2
1.21
1.22
1.23
1.21
1.21
1.22
1.64
2.08
2.08
1.94
1.89
4.59
4.6
4.61
4.62
4.62
4.64
4.65
4.67
4.68
10.85
10.05
9.42
7.79
7.32
6.95
6.59
6.26
5.97
5.7
5.46
5.22
5.02
4.98
5.04
5.08
5.12
8.39
8.37
8.48
8.58
11.17
7.0
6.83
6.67
6.51
6.37
6.23
6.1
5.99
5.89
5.78
5.69
5.59
5.5
5.42
5.34
5.26
5.23
