1.21
1.21
1.2
1.2
1.2
1.19
1.19
1.18
1.18
1.19
1.19
1.2
1.2
1.19
1.18
1.19
1.18
1.19
1.2
1.2
1.2
1.21
1.21
1.21
1.22
1.23
1.23
1.24
1.24
1.25
1.26
1.27
1.27
1.28
1.29
1.31
1.32
1.33
1.36
1.35
1.37
1.37
1.39
1.41
1.43
1.45
1.47
1.49
1.5
1.53
1.55
1.58
1.6
1.64
1.67
1.69
1.73
1.76
1.8
1.84
1.88
1.92
1.96
2.01
2.07
2.13
2.2
2.25
2.34
2.41
2.5
2.58
2.68
2.83
2.93
3.07
3.25
3.43
3.68
3.97
4.32
4.79
5.52
10.5
10.58
15.54
15.54
15.53
15.53
19.33
18.8
20.1
19.39
5.61
4.65
4.03
3.54
3.17
2.88
2.63
2.41
2.25
2.1
1.96
1.84
1.74
1.64
1.57
1.49
1.41
1.36
1.3
1.25
1.19
1.14
1.11
1.06
1.02
0.99
0.95
0.93
0.9
0.89
0.86
0.83
0.82
0.8
0.79
0.77
0.74
0.74
0.73
0.71
0.69
0.68
0.68
0.67
0.67
0.66
0.64
0.64
0.63
0.62
0.62
0.62
0.61
0.61
0.6
0.59
0.58
0.58
0.57
0.57
0.57
0.57
0.56
0.56
0.56
0.56
0.55
0.55
0.54
0.55
0.55
0.54
0.54
0.54
0.53
0.53
0.54
0.53
0.53
0.52
0.52
0.52
0.52
0.52
0.52
0.52
0.52
