1.0
0.99
0.99
0.98
0.98
0.97
0.97
0.96
0.97
0.96
0.96
0.95
0.95
0.96
0.96
0.96
0.96
0.96
0.96
0.96
0.96
0.94
0.95
0.94
0.95
0.97
0.95
0.96
0.96
0.97
0.97
0.98
0.98
0.99
1.0
1.01
1.02
1.02
1.03
1.04
1.04
1.05
1.06
1.08
1.08
1.1
1.11
1.12
1.14
1.15
1.16
1.18
1.2
1.22
1.23
1.25
1.27
1.29
1.32
1.34
1.36
1.39
1.4
1.43
1.47
1.49
1.52
1.56
1.61
1.65
1.68
1.73
1.78
1.84
1.9
1.96
2.03
2.11
2.18
2.29
2.37
2.48
2.6
2.74
2.9
3.09
3.41
3.82
4.48
8.01
8.02
8.01
8.1
8.2
13.15
13.12
13.11
13.1
13.09
13.11
16.74
16.24
17.65
17.12
16.91
3.15
3.15
2.2
2.03
1.81
1.64
1.5
1.38
1.28
1.19
1.12
1.04
0.97
0.92
0.88
0.83
0.8
0.76
0.73
0.69
0.66
0.65
0.63
0.61
0.58
0.57
0.55
0.54
0.51
0.5
0.5
0.48
0.48
0.47
0.46
0.45
0.43
0.43
0.42
0.42
0.41
0.41
0.39
0.38
0.38
0.38
0.38
0.38
0.37
0.36
0.36
0.36
0.36
0.35
0.34
0.34
0.33
0.33
0.33
0.33
0.32
0.31
0.3
0.31
0.31
0.3
0.3
0.3
0.3
0.3
0.3
0.3
0.3
0.31
0.3
