0.53
0.53
0.54
0.55
0.55
0.55
0.56
0.56
0.56
0.57
0.57
0.58
0.58
0.59
0.59
0.6
0.61
0.61
0.62
0.62
0.63
0.64
0.64
0.65
0.66
0.69
0.7
0.69
0.68
0.66
0.64
0.61
0.61
0.63
0.64
0.65
0.66
0.67
0.69
0.69
0.86
0.88
0.9
0.9
0.92
0.93
0.91
0.91
0.93
0.95
0.98
1.0
1.04
1.06
1.09
1.13
1.16
1.19
1.28
1.22
1.24
1.44
1.43
1.42
1.5
1.57
1.67
1.77
1.86
2.0
2.14
2.31
3.24
3.56
8.07
8.06
9.04
12.07
12.07
16.45
16.57
15.35
16.54
12.01
12.01
4.28
3.79
3.62
3.65
3.07
2.59
2.24
1.99
1.79
1.66
1.53
1.42
1.32
1.24
1.17
1.11
1.04
0.99
0.94
0.9
0.86
0.83
0.79
0.76
0.73
0.7
0.67
0.66
0.64
0.62
0.6
0.59
0.57
0.56
0.54
0.53
0.52
0.51
0.5
0.49
0.48
0.48
0.47
0.47
0.46
0.46
0.45
0.45
0.44
0.44
0.43
0.42
0.41
0.41
0.4
0.4
0.39
0.39
0.38
0.38
0.38
0.37
0.37
0.37
0.37
0.35
0.35
0.36
0.36
0.35
0.34
0.34
0.34
0.34
0.33
0.33
0.33
0.33
0.33
0.33
0.33
0.33
0.33
0.33
0.33
0.33
0.34
0.34
0.33
0.34
0.34
0.34
0.34
0.34
0.33
