0.64
0.65
0.65
0.66
0.66
0.67
0.67
0.68
0.68
0.68
0.69
0.7
0.71
0.71
0.72
0.72
0.73
0.73
0.73
0.76
5.04
4.91
4.79
4.67
4.56
4.45
4.34
4.26
4.18
4.09
4.01
3.94
3.87
3.79
3.72
3.67
3.58
3.62
3.7
6.22
6.26
81.83
7.45
7.35
7.27
7.18
4.86
7.03
6.96
6.33
3.03
2.99
2.97
2.95
2.93
2.96
3.09
3.24
3.38
3.57
3.75
3.96
4.2
4.49
4.89
5.24
5.66
6.14
6.13
6.11
6.09
6.08
6.07
6.06
6.06
6.05
6.05
6.05
6.05
6.05
6.05
6.06
6.07
4.3
3.65
3.36
3.3
3.31
3.32
3.34
3.35
3.36
3.38
3.39
3.42
3.43
3.45
3.33
3.17
3.02
2.88
2.77
2.67
2.56
2.56
2.59
2.61
2.64
2.66
6.21
6.26
6.49
6.41
6.49
6.56
7.46
7.55
7.65
7.77
7.89
8.0
8.13
8.23
8.12
8.0
7.86
7.73
7.62
6.54
6.43
6.32
6.25
4.25
4.2
4.15
4.12
4.1
4.06
4.02
3.95
3.74
3.71
3.67
3.69
3.82
3.95
3.89
3.87
3.84
3.81
3.79
3.77
3.75
3.73
3.71
3.77
4.03
4.37
4.8
5.89
5.87
5.86
5.85
5.84
5.83
5.83
5.82
5.81
5.81
5.81
5.81
5.82
5.83
5.83
5.84
5.85
5.87
5.7
5.15
4.71
