1.41
1.41
1.41
1.41
1.41
1.42
1.41
1.41
1.4
1.41
1.41
1.41
1.42
1.42
1.43
1.42
1.43
1.44
1.44
1.45
1.46
1.47
1.48
1.49
1.5
1.5
1.51
1.53
1.53
1.54
1.56
1.58
1.6
1.61
1.63
1.65
1.67
1.69
1.7
1.73
1.75
1.77
1.8
1.83
1.85
1.88
1.92
1.95
1.98
2.03
2.07
2.11
2.16
2.2
2.25
2.31
2.37
2.44
2.49
2.58
2.65
2.74
2.83
2.93
3.03
3.17
3.3
3.46
3.64
3.87
4.11
4.41
4.77
5.3
5.99
7.57
12.53
12.24
12.43
12.4
9.73
9.7
9.67
9.65
9.65
9.64
9.63
9.62
9.61
9.62
9.62
9.62
9.64
6.75
5.42
4.5
3.9
3.71
3.75
3.77
2.49
2.29
2.11
1.95
1.83
1.73
1.63
1.52
1.46
1.39
1.31
1.25
1.19
1.14
1.11
1.05
1.01
0.98
0.95
0.91
0.88
0.86
0.82
0.81
0.79
0.75
0.74
0.73
0.71
0.69
0.67
0.67
0.65
0.65
0.63
0.62
0.61
0.61
0.6
0.59
0.58
0.57
0.57
0.56
0.56
0.55
0.54
0.54
0.53
0.53
0.52
0.52
0.53
0.51
0.52
0.5
0.53
0.57
0.57
0.55
0.49
0.49
0.48
0.48
0.48
0.47
0.48
0.48
0.47
0.48
0.47
0.47
0.48
0.47
0.46
0.48
0.46
0.48
0.48
0.47
