10.6
12.04
12.03
12.03
12.05
21.54
23.76
24.07
13.65
11.61
10.77
10.13
1.29
1.26
1.25
1.67
1.55
1.55
1.55
1.56
1.56
1.57
1.58
1.57
1.52
1.39
1.4
1.52
1.42
1.62
1.63
1.81
1.73
1.72
1.79
1.9
1.52
1.54
1.98
1.76
1.71
1.7
1.71
1.76
1.8
1.9
2.11
2.19
2.1
2.17
2.06
2.35
2.38
3.48
3.43
3.38
1.9
1.87
3.24
3.19
3.16
3.13
3.09
3.06
3.03
3.0
2.97
2.94
2.92
2.89
2.88
2.87
2.84
2.82
2.8
2.79
2.78
1.99
1.97
1.96
1.95
1.94
1.93
1.92
1.9
1.89
1.88
1.89
1.9
1.89
1.88
1.88
1.88
1.88
1.88
1.88
1.88
1.89
1.89
1.89
1.87
1.88
2.65
2.68
2.68
2.69
2.7
2.71
2.72
2.73
2.73
2.58
2.16
2.13
2.1
1.89
1.91
2.29
2.3
2.3
2.67
2.71
2.73
2.76
2.79
3.06
3.1
3.14
3.17
3.21
3.26
3.28
3.22
3.14
3.08
3.01
2.95
2.88
2.85
2.79
2.75
2.69
2.65
2.61
2.57
2.53
2.5
2.47
2.45
1.88
1.57
1.55
1.53
1.53
1.51
1.48
1.43
1.43
1.3
1.29
1.32
1.33
1.36
1.34
1.33
1.3
1.29
1.28
1.28
1.28
1.28
1.27
1.25
1.25
1.24
1.23
1.23
1.24
1.25
1.25
