1.1
1.12
1.14
1.15
1.17
1.2
1.21
1.24
1.28
1.29
1.34
1.36
1.4
1.43
1.48
1.53
1.57
1.62
1.67
1.73
1.81
1.88
1.97
2.07
2.17
2.3
2.45
2.62
2.92
3.19
3.52
4.02
5.04
4.12
3.21
4.1
3.71
4.12
4.15
4.16
4.16
4.17
4.24
9.21
9.19
9.16
9.14
9.12
9.1
9.1
9.08
9.07
9.07
9.06
10.01
12.62
12.21
12.25
13.64
12.9
12.87
8.09
7.13
6.75
6.76
5.51
5.05
4.69
4.37
4.08
3.84
3.63
3.45
3.29
3.15
3.01
2.87
2.75
2.64
2.54
2.45
2.37
2.29
2.22
2.16
2.08
2.03
1.98
1.93
1.88
1.83
1.78
1.74
1.69
1.67
1.63
1.6
1.57
1.53
1.5
1.48
1.45
1.43
1.42
1.38
1.37
1.35
1.34
1.32
1.31
1.3
1.28
1.27
1.25
1.22
1.23
1.22
1.22
1.21
1.29
1.35
1.4
1.55
1.73
1.81
1.89
1.98
3.59
3.59
3.56
3.55
3.57
3.53
3.52
3.5
3.49
3.5
3.57
3.74
3.73
3.73
3.72
3.72
3.72
3.72
3.72
3.72
3.72
3.53
3.25
2.82
3.73
3.74
3.47
3.18
2.94
2.7
2.46
2.33
2.12
1.99
1.89
1.79
1.71
1.63
1.57
1.5
1.44
1.4
1.34
1.3
1.26
1.21
1.17
1.14
1.11
1.08
1.06
1.03
1.02
