4.4
4.41
4.43
4.44
4.46
2.24
2.13
2.05
2.24
2.26
2.26
2.27
2.28
2.09
1.99
1.89
1.81
1.74
1.67
1.61
1.56
1.51
1.54
1.56
1.58
1.59
1.61
1.63
1.65
1.66
1.7
1.71
1.96
2.85
2.9
2.94
2.99
3.04
3.1
3.16
3.21
3.29
3.36
3.43
3.5
3.59
3.64
3.59
3.55
3.5
3.47
3.42
3.38
3.36
3.32
2.05
2.09
2.07
2.05
1.99
1.98
1.94
1.99
2.14
3.08
2.28
1.98
1.96
1.97
2.01
1.87
1.83
1.97
1.99
2.12
2.09
2.19
2.21
2.2
2.19
2.19
2.19
2.19
2.18
2.17
2.18
2.17
2.18
2.17
2.16
2.17
2.19
2.21
2.22
2.21
2.0
1.97
2.27
2.29
3.07
3.09
3.09
3.11
3.14
3.16
3.17
1.85
1.82
3.26
3.28
3.31
3.34
3.38
3.4
3.44
3.49
3.52
3.57
3.62
3.61
3.52
3.45
3.37
3.11
3.24
3.12
3.11
3.06
3.0
2.95
2.91
2.86
2.81
2.77
2.73
1.91
1.88
1.86
1.84
1.83
1.81
1.78
1.76
1.75
1.74
1.7
1.78
1.87
1.94
2.05
2.14
2.22
2.28
2.27
2.26
2.25
2.23
2.22
2.22
2.21
2.37
2.36
2.35
2.34
2.34
2.33
2.32
2.32
2.32
2.32
2.31
2.31
2.32
2.32
2.32
2.27
2.03
2.32
2.32
1.15
