0.66
0.67
0.67
0.67
0.68
0.68
0.68
0.68
0.67
0.67
0.66
0.66
0.66
0.66
0.66
0.66
0.66
0.66
0.67
0.67
0.68
0.68
0.68
0.68
0.69
0.7
0.7
0.71
0.71
0.72
0.72
0.73
0.74
0.74
0.75
0.74
0.75
0.76
0.77
0.78
0.79
0.8
0.82
0.82
0.83
0.84
0.86
0.87
0.89
0.91
0.92
0.93
0.95
0.97
0.99
1.01
1.04
1.06
1.09
1.11
1.13
1.16
1.19
1.22
1.27
1.31
1.33
1.38
1.43
1.47
1.52
1.58
1.64
1.7
1.76
1.84
1.92
2.02
2.14
2.26
2.39
2.54
9.69
6.8
6.78
6.76
6.75
6.67
5.72
5.71
5.71
6.95
6.93
6.93
6.94
6.93
6.97
9.34
9.35
9.36
9.37
9.38
9.4
8.78
8.78
8.81
8.88
8.87
2.41
2.26
2.26
2.26
2.3
2.23
2.24
2.24
2.25
1.64
1.33
1.3
1.26
1.2
1.16
1.12
1.08
1.04
1.01
0.98
0.96
0.93
0.9
0.87
0.85
0.83
0.81
0.8
0.78
0.77
0.74
0.73
0.73
0.72
0.7
0.7
0.68
0.68
0.67
0.66
0.66
0.65
0.64
0.63
0.63
0.62
0.61
0.6
0.59
0.6
0.59
0.59
0.59
0.58
0.58
0.58
0.57
0.57
0.57
0.57
0.56
0.56
0.56
0.55
0.55
0.55
0.55
0.54
0.54
0.54
0.53
0.53
