2.87
2.89
2.91
2.93
2.94
2.96
2.98
2.91
1.86
1.23
1.18
1.14
1.11
1.07
0.89
0.87
0.84
0.81
0.79
0.77
0.75
0.73
0.72
0.7
0.72
0.73
0.74
0.75
0.76
0.77
0.79
0.81
0.82
0.83
0.86
0.87
0.89
0.91
0.94
0.96
0.99
1.02
1.05
1.07
1.11
1.14
1.19
1.21
1.27
1.32
1.37
1.42
1.47
1.54
1.61
1.68
1.77
1.87
1.97
2.12
3.67
3.65
3.64
3.64
3.62
3.6
3.61
3.6
3.58
3.58
3.58
3.58
3.58
3.58
3.57
3.57
3.57
3.58
3.59
3.59
3.6
3.6
3.62
3.62
3.63
3.64
3.65
3.67
3.28
3.08
2.91
2.75
2.61
2.47
2.35
2.29
1.89
1.84
1.5
1.31
1.25
1.24
1.24
1.25
1.25
1.26
1.27
1.28
1.29
1.28
1.3
1.29
5.88
5.77
5.63
5.51
5.41
5.31
5.21
5.13
5.04
4.96
4.88
4.92
5.04
7.82
7.93
7.25
9.71
9.79
9.68
8.26
9.46
9.37
9.27
9.19
9.12
9.04
8.15
8.1
8.08
7.28
8.71
8.71
8.4
8.59
8.54
8.46
8.42
8.38
8.34
8.3
7.65
7.72
8.22
7.01
5.75
5.74
5.39
5.38
3.67
3.66
3.65
3.65
3.64
8.13
3.29
3.27
3.25
3.24
3.22
3.21
3.19
3.17
3.16
3.17
3.16
3.14
3.13
3.1
