0.48
0.48
0.48
0.48
0.47
0.48
0.48
0.47
0.48
0.48
0.48
0.48
0.48
0.47
0.47
0.48
0.48
0.48
0.48
0.48
0.48
0.49
0.49
0.49
0.49
0.49
0.5
0.5
0.5
0.51
0.51
0.52
0.52
0.52
0.53
0.53
0.55
0.55
0.56
0.56
0.57
0.57
0.58
0.58
0.59
0.6
0.61
0.62
0.63
0.64
0.65
0.66
0.67
0.69
0.69
0.71
0.72
0.74
0.75
0.77
0.8
0.82
0.83
0.86
0.89
0.91
0.94
0.98
1.02
1.05
1.09
1.14
1.18
1.23
1.29
1.35
1.42
1.49
1.58
1.67
1.78
1.9
2.04
2.21
2.41
2.65
2.95
3.31
3.77
4.38
5.24
5.86
6.12
9.78
9.77
9.77
9.61
9.77
9.78
5.18
3.9
3.77
3.01
2.6
2.28
2.05
2.04
2.04
1.72
1.42
1.41
1.49
1.2
1.14
1.08
1.04
0.98
0.94
0.89
0.86
0.82
0.79
0.77
0.73
0.73
0.7
0.69
0.65
0.65
0.64
0.61
0.6
0.59
0.57
0.58
0.56
0.55
0.49
0.51
81.83
81.83
81.83
81.83
0.48
81.83
81.83
0.48
0.46
0.44
0.44
0.45
81.83
81.83
81.83
81.83
0.43
0.42
0.41
0.42
0.41
0.4
81.83
0.43
81.83
81.83
0.38
0.39
0.4
0.38
0.39
0.39
0.39
0.38
0.38
0.37
0.37
0.34
0.35
0.35
0.37
