3.8
3.78
3.76
3.75
3.73
3.71
3.7
3.69
3.68
3.67
3.66
3.65
3.65
3.64
3.64
3.63
3.63
3.63
3.63
3.63
3.64
3.64
2.06
1.99
2.01
2.01
2.02
2.03
2.04
2.05
2.05
2.06
2.07
2.08
2.08
2.1
2.11
2.12
2.14
2.15
2.16
2.18
2.2
2.22
2.23
2.26
2.28
2.31
2.33
2.35
2.38
2.41
2.44
2.47
2.5
2.53
2.56
2.59
2.62
2.67
2.71
2.76
2.8
2.86
2.92
2.97
3.02
3.09
3.14
1.48
3.29
3.37
3.44
3.53
3.62
3.73
3.84
3.95
4.07
4.19
4.34
1.41
1.37
1.35
0.89
0.88
1.3
1.28
1.27
1.25
1.24
1.23
1.2
1.21
1.21
1.21
1.2
1.21
1.22
1.21
1.22
1.21
1.2
1.21
1.25
1.25
1.3
3.77
6.04
6.1
6.1
3.91
3.92
2.21
2.74
1.66
6.15
5.88
5.77
5.38
5.61
5.21
1.19
1.24
4.26
4.01
3.8
3.6
3.44
3.29
3.15
3.03
2.91
2.8
2.72
2.62
2.55
2.47
2.39
2.33
2.27
2.2
2.15
2.09
2.05
2.01
1.96
1.92
1.87
1.85
1.81
1.78
1.75
1.71
1.69
1.66
1.63
1.61
1.58
1.56
1.54
1.52
1.5
1.47
1.46
1.45
1.44
1.43
1.41
1.39
1.38
1.37
1.35
1.34
1.33
1.32
1.31
1.31
1.3
1.29
