1.0
1.0
1.0
1.01
1.01
1.01
1.01
1.01
1.0
1.0
1.01
1.01
1.01
1.01
1.01
1.02
1.02
1.02
1.02
1.03
1.03
1.04
1.04
1.04
1.05
1.06
1.06
1.07
1.08
1.09
1.1
1.11
1.12
1.13
1.15
1.15
1.16
1.19
1.2
1.22
1.23
1.24
1.26
1.28
1.3
1.32
1.35
1.37
1.39
1.41
1.44
1.47
1.5
1.52
1.56
1.59
1.64
1.67
1.72
1.74
1.8
1.85
1.91
1.97
2.04
2.11
2.18
2.26
2.37
2.46
2.58
2.75
2.86
3.05
3.27
3.54
3.86
4.29
8.94
9.48
9.53
14.58
14.55
14.53
14.54
14.54
18.08
17.74
19.08
18.37
81.83
4.63
3.66
3.3
2.98
2.7
2.47
2.29
2.12
1.96
1.85
1.74
1.64
1.55
1.49
1.4
1.34
1.27
1.24
1.18
1.13
1.08
1.04
1.0
0.97
0.93
0.91
0.88
0.85
0.83
0.82
0.8
0.77
0.76
0.74
0.73
0.71
0.7
0.68
0.68
0.67
0.66
0.64
0.64
0.63
0.62
0.61
0.61
0.6
0.6
0.6
0.59
0.58
0.57
0.57
0.56
0.56
0.55
0.55
0.56
0.55
0.54
0.54
0.54
0.53
0.53
0.53
0.53
0.52
0.52
0.52
0.52
0.52
0.51
0.51
0.51
0.5
0.5
0.5
0.5
0.5
0.5
0.5
0.5
0.5
0.5
0.5
0.5
0.5
0.5
