2.54
2.53
2.53
2.54
2.56
2.57
2.59
2.59
2.61
2.61
1.41
1.33
1.33
1.34
1.34
1.35
1.4
2.8
2.82
2.88
1.21
81.83
2.99
2.99
3.03
3.07
3.12
3.16
3.2
3.14
3.08
3.02
2.97
2.92
2.86
2.82
2.77
2.72
2.69
2.64
2.6
2.56
2.54
2.51
2.47
2.45
2.43
2.4
2.37
2.36
2.33
2.31
2.28
2.28
2.26
2.23
2.22
2.21
2.2
1.65
1.37
1.36
1.35
1.34
1.33
1.33
1.34
1.37
1.36
1.35
1.34
1.35
1.35
1.35
1.34
1.34
1.81
2.09
2.2
2.2
2.2
2.2
2.2
2.21
2.22
2.22
2.22
2.23
2.24
2.25
2.26
2.27
2.28
2.29
1.97
1.97
2.32
2.33
2.35
2.36
2.38
2.4
1.39
1.06
1.03
0.99
0.97
0.92
0.92
0.93
0.97
0.99
1.0
1.01
1.02
1.04
1.04
1.06
1.08
1.1
1.11
1.38
2.0
2.04
2.85
2.84
3.1
3.17
3.23
3.3
3.36
3.45
3.53
3.63
3.73
3.82
3.93
3.94
3.89
3.85
3.81
3.78
3.75
2.29
2.46
2.46
2.28
2.26
2.25
2.23
2.23
2.24
2.22
2.26
2.36
3.47
3.46
3.45
3.44
3.42
2.82
2.64
2.64
2.67
2.67
2.66
2.65
2.64
2.64
2.66
2.49
2.37
2.38
2.39
2.41
2.42
2.43
2.45
2.46
2.48
