0.36
0.37
0.37
0.37
0.37
0.39
0.39
0.4
0.4
0.4
0.4
0.4
0.41
0.41
0.46
0.53
0.53
0.54
0.54
0.54
0.55
0.55
0.55
0.55
0.55
0.55
0.56
0.57
0.57
0.58
0.59
0.59
0.6
0.61
0.62
0.62
0.64
0.65
0.66
0.67
0.68
0.69
0.7
0.72
0.73
0.74
0.76
0.78
0.79
0.81
0.82
0.85
0.88
0.89
0.92
0.95
0.97
1.01
1.05
1.08
1.12
1.16
1.21
1.26
1.32
1.38
1.44
1.52
1.61
1.7
1.79
1.92
2.07
2.23
2.45
2.69
3.0
3.38
3.86
4.5
5.36
6.67
7.11
11.01
11.01
10.75
10.74
6.92
5.31
4.2
3.47
3.26
2.63
2.29
2.01
1.85
1.7
1.54
1.47
1.36
1.35
1.33
1.35
1.35
1.37
1.33
1.29
1.24
1.18
1.13
1.09
1.06
1.02
0.99
0.95
0.93
0.93
0.94
0.9
0.88
0.81
0.78
0.76
0.73
0.72
0.7
0.7
0.68
0.67
0.66
0.64
0.63
0.62
0.61
0.6
0.6
0.6
0.58
0.58
0.58
0.57
0.57
0.56
0.55
0.54
0.54
0.53
0.52
0.53
0.51
0.51
0.49
0.5
0.56
0.58
0.62
0.67
0.72
0.77
0.82
0.89
0.57
0.56
0.56
0.55
0.55
0.55
0.55
0.54
0.53
0.53
0.53
0.53
0.5
0.53
0.54
0.54
0.54
0.54
0.55
