1.46
1.47
3.51
3.5
3.5
3.54
3.55
3.57
3.6
3.61
3.65
3.69
1.07
1.07
1.91
1.89
1.89
3.69
3.69
3.74
3.78
2.85
3.87
3.91
3.96
4.01
1.65
2.19
1.33
1.31
1.31
1.47
4.46
4.52
4.61
4.7
4.78
4.88
1.28
1.24
2.16
2.7
5.48
5.58
1.92
1.88
1.87
2.5
6.25
1.88
4.91
5.1
3.24
6.88
6.87
4.77
1.08
1.05
7.09
5.08
5.07
1.57
1.55
3.35
7.55
7.58
7.67
7.75
7.84
3.32
3.32
3.4
3.38
3.04
5.47
7.43
7.19
5.37
5.34
6.99
3.62
3.58
3.2
4.04
3.93
81.83
81.83
81.83
81.83
4.94
4.96
3.62
6.24
6.15
81.83
81.83
81.83
5.87
5.87
81.83
81.83
81.83
81.83
81.83
81.83
3.46
3.45
81.83
81.83
81.83
81.83
81.83
81.83
2.86
2.85
81.83
81.83
20.61
20.59
20.56
20.57
16.08
16.09
16.21
7.09
6.44
1.15
1.21
7.23
1.54
1.54
1.88
1.86
1.84
1.7
1.61
1.59
1.59
1.6
1.61
1.62
1.63
1.63
1.63
1.65
1.66
1.68
1.69
1.67
1.67
1.58
1.14
1.87
4.08
4.08
4.08
4.09
4.1
4.12
4.13
4.14
4.15
4.15
7.35
6.94
4.57
7.73
3.97
7.59
7.55
6.79
6.69
6.7
6.2
6.12
5.92
5.85
5.83
5.98
6.14
