1.05
1.04
1.02
1.02
1.02
1.05
1.05
1.06
1.06
1.06
1.07
1.07
1.08
1.09
1.09
1.1
1.11
1.11
1.12
1.14
1.14
1.12
1.09
1.05
1.02
0.99
0.96
0.93
0.9
0.88
0.86
0.84
0.83
0.78
0.76
0.76
0.76
0.77
0.78
0.79
0.79
0.81
0.84
0.86
1.08
1.06
1.05
1.03
1.02
1.01
1.0
0.98
0.98
0.97
0.95
0.94
0.93
0.92
0.92
0.9
0.91
0.95
0.99
1.04
1.09
1.13
1.19
1.28
1.37
1.44
1.97
2.2
2.19
2.19
2.19
2.31
2.77
3.93
3.9
4.38
5.32
20.46
20.56
19.48
16.04
16.04
7.71
7.24
5.6
4.67
4.0
3.46
3.07
2.74
2.48
2.28
2.1
1.95
1.83
1.72
1.61
1.53
1.46
1.39
1.33
1.27
1.2
1.16
1.12
1.07
1.03
0.99
0.72
0.69
0.66
0.63
0.63
0.62
0.6
0.53
0.54
0.54
0.55
0.55
0.55
0.56
0.56
0.56
0.56
0.57
0.58
0.58
0.58
0.59
0.59
0.6
0.6
0.61
0.61
0.62
0.63
0.63
0.64
0.64
0.66
0.67
0.68
0.69
0.7
0.7
0.7
0.72
0.72
0.74
0.75
0.76
0.78
0.8
0.81
0.82
0.84
0.87
0.89
0.9
0.93
0.96
0.98
1.01
1.04
1.07
1.1
1.14
3.35
3.34
3.32
3.31
3.3
3.28
3.27
3.03
