1.32
1.31
1.31
1.3
1.3
1.3
1.3
1.3
1.3
1.3
1.3
1.31
1.3
1.31
1.31
1.31
1.31
1.31
1.31
1.32
1.33
1.33
1.33
1.34
1.35
1.35
1.35
1.37
1.38
1.39
1.39
1.41
1.43
1.43
1.45
1.47
1.49
1.56
1.53
1.53
1.54
1.56
1.58
1.61
1.64
1.66
1.68
1.7
1.73
1.76
1.79
1.82
1.86
1.88
1.93
1.96
2.0
2.04
2.09
2.14
2.2
2.26
2.32
2.38
2.45
2.51
2.59
2.67
2.76
2.86
2.96
3.08
3.21
7.5
5.19
5.17
5.14
5.12
5.03
4.99
4.95
5.07
5.4
5.84
6.28
6.85
11.46
10.66
10.62
11.41
11.46
10.08
10.05
6.91
6.9
6.9
6.91
6.9
6.9
4.39
4.14
4.14
4.16
4.18
4.22
4.24
4.27
4.31
4.34
3.91
3.9
3.9
3.65
3.45
3.28
3.12
2.96
2.82
2.7
2.59
2.49
2.09
2.06
2.01
1.95
1.88
1.82
1.77
1.72
1.67
1.63
1.6
1.56
1.52
1.48
1.45
1.43
1.4
1.37
1.35
1.32
1.31
1.28
1.26
1.24
1.22
1.2
1.18
1.18
1.16
1.15
1.13
1.12
1.1
1.09
1.08
1.07
1.06
1.05
1.04
1.03
1.02
1.01
1.0
0.99
0.98
0.97
0.97
0.97
0.96
0.95
0.95
0.95
0.94
0.93
0.93
0.93
0.92
0.92
0.92
