2.22
2.3
2.4
2.51
2.62
2.76
2.88
3.06
3.23
3.42
3.63
3.9
4.21
4.53
4.93
6.3
6.31
6.77
7.72
9.03
10.84
14.27
14.53
81.83
81.83
81.83
16.21
81.83
16.99
17.89
17.95
7.06
6.2
5.66
5.26
4.91
4.62
4.37
4.15
3.98
3.81
3.67
3.53
3.42
3.32
3.21
3.12
3.04
2.96
2.88
2.81
2.75
2.68
2.63
2.58
2.52
2.48
2.43
2.4
2.35
2.32
2.28
2.26
2.22
2.19
2.16
2.12
2.09
2.07
2.04
2.02
1.99
1.97
1.96
1.94
1.92
1.9
1.89
1.87
1.85
1.84
1.83
1.82
1.82
1.81
1.8
1.8
1.83
1.95
3.7
3.84
3.99
4.16
4.29
4.28
4.37
4.65
4.9
5.19
5.53
5.87
6.31
6.77
7.36
7.82
7.8
7.77
9.43
10.61
12.78
19.54
19.24
20.48
20.48
8.74
8.74
8.74
8.73
8.75
8.76
7.07
6.05
5.29
4.68
4.21
3.81
3.48
3.22
3.1
3.1
3.12
3.13
3.15
3.22
3.24
3.26
3.28
3.3
3.33
3.36
3.37
5.74
5.81
5.83
5.73
5.56
1.36
1.34
1.28
1.25
1.22
1.18
1.15
1.12
1.1
1.07
1.05
1.03
1.02
0.99
0.97
0.97
0.95
0.93
0.91
0.9
0.89
0.87
0.87
0.85
0.85
0.84
0.83
0.82
0.83
0.81
0.81
0.8
0.8
0.8
