4.24
4.16
4.07
3.99
3.92
3.86
3.79
3.73
3.66
3.7
3.78
6.19
7.73
81.83
7.49
7.4
6.55
7.24
6.24
7.07
7.01
3.12
3.09
3.05
3.03
3.0
3.01
3.11
3.26
3.41
3.58
3.78
3.99
4.24
4.5
4.92
5.27
5.67
6.14
6.21
6.2
6.19
6.17
6.16
6.15
6.14
6.13
6.13
6.12
6.12
6.12
6.13
6.13
6.13
4.28
3.57
3.4
3.39
3.4
3.41
3.42
3.43
3.44
3.46
3.47
3.49
3.51
3.46
3.29
3.13
2.99
2.86
2.74
2.63
2.6
2.65
2.66
2.69
2.73
6.23
6.28
6.34
6.48
6.49
6.56
6.62
7.53
7.62
7.73
7.85
7.95
8.08
8.2
6.35
8.12
7.94
7.85
7.73
7.61
6.5
6.41
6.31
6.23
4.24
4.2
4.15
4.13
4.08
4.04
4.01
3.75
3.72
3.68
3.68
3.82
3.95
3.9
3.88
3.84
3.82
3.8
3.77
3.75
3.73
3.72
3.8
4.06
4.39
4.78
5.32
5.87
5.85
5.84
5.83
5.82
5.81
5.8
5.79
5.79
5.79
5.79
5.78
5.79
5.8
5.81
5.81
5.82
5.84
5.37
4.87
4.31
3.95
3.63
3.36
3.15
2.93
2.76
2.62
2.54
2.56
2.57
2.58
2.61
2.63
6.35
6.4
6.46
6.52
6.58
6.63
1.44
1.41
1.37
1.33
1.3
1.27
1.23
1.21
1.18
1.18
