2.09
2.09
2.11
2.12
2.12
2.13
2.14
2.15
2.17
2.19
2.21
2.22
2.23
2.25
2.27
2.3
2.32
2.34
2.35
2.38
2.4
2.43
2.45
2.48
2.51
2.54
2.58
2.61
2.65
2.69
2.73
2.78
2.82
2.87
2.92
2.97
3.04
3.1
1.62
1.56
3.29
3.37
3.44
3.52
3.61
3.7
3.81
3.92
4.03
4.16
4.28
1.42
0.96
0.9
1.33
1.33
1.31
1.3
1.27
1.26
1.26
1.21
1.23
1.23
1.23
1.23
1.23
1.23
1.23
1.24
1.24
1.24
1.22
1.25
1.26
1.3
3.8
3.78
5.79
6.1
6.1
3.93
3.91
2.18
1.71
1.73
5.34
6.16
5.83
5.74
5.38
1.19
5.04
4.67
4.38
4.11
3.88
3.67
3.49
3.33
3.19
3.05
2.93
2.81
2.72
2.63
2.54
2.47
2.39
2.3
2.25
2.19
2.13
2.07
2.02
1.97
1.93
1.89
1.86
1.81
1.78
1.74
1.71
1.68
1.65
1.62
1.6
1.57
1.54
1.52
1.5
1.47
1.46
1.44
1.44
1.42
1.4
1.38
1.37
1.35
1.34
1.33
1.31
1.31
1.29
1.28
1.27
1.26
1.25
1.24
1.23
1.22
1.21
1.21
1.22
1.22
1.21
1.21
1.2
1.19
1.19
1.19
1.18
1.18
1.18
1.18
1.18
1.18
1.18
1.18
1.17
1.18
1.18
1.18
1.18
1.18
1.19
1.19
1.19
1.2
