2.5
2.52
2.34
2.17
2.02
1.89
1.79
1.69
1.61
1.58
1.58
1.59
1.61
1.61
1.64
1.65
1.66
1.67
5.13
5.17
5.2
5.27
5.51
5.41
5.45
5.51
5.55
6.46
6.48
6.55
6.73
6.84
6.94
7.06
7.17
5.25
5.28
7.07
6.89
6.79
6.69
6.56
5.56
5.48
5.4
5.35
5.29
5.22
5.16
3.3
3.29
3.25
3.23
3.22
3.19
3.17
3.15
3.13
3.12
3.06
2.89
2.87
2.85
2.83
2.83
2.91
3.11
3.11
3.09
3.08
3.07
3.06
3.05
3.04
3.04
3.04
3.03
3.03
3.03
3.09
5.24
5.24
5.25
5.25
5.26
5.27
5.27
5.29
5.3
5.32
5.34
5.35
5.36
5.39
5.4
5.43
5.46
5.49
5.29
5.01
4.78
4.57
4.39
4.21
4.05
3.92
3.79
3.65
3.54
3.43
3.33
3.24
3.14
3.07
2.99
2.92
2.85
2.78
2.72
2.65
2.61
2.55
2.5
2.53
2.58
2.63
2.69
5.38
5.32
5.28
4.88
8.36
5.26
3.7
3.61
3.51
3.48
3.45
3.55
3.65
3.76
3.88
4.0
4.15
4.29
4.46
4.62
1.75
1.76
1.75
1.73
1.72
1.72
1.7
1.7
1.68
1.67
1.67
2.61
2.6
2.59
2.59
2.67
3.53
3.54
4.36
4.39
4.39
4.39
4.39
4.38
4.39
4.39
4.39
4.4
4.38
4.44
4.51
4.53
4.53
