3.32
5.33
5.37
81.83
5.38
4.54
4.43
4.31
4.24
4.14
4.12
4.17
4.25
4.31
5.67
5.71
5.74
5.79
5.76
5.78
5.81
4.8
4.66
5.27
4.84
4.83
4.88
4.51
4.52
4.66
4.65
6.32
6.34
6.6
6.78
6.88
5.44
6.94
6.27
5.22
5.83
5.94
6.02
5.24
5.18
4.8
4.7
4.63
4.62
4.62
2.75
2.74
2.72
2.7
2.69
2.69
2.66
2.64
2.63
2.52
2.5
2.48
2.46
2.43
2.39
2.5
2.62
2.76
2.93
3.11
3.32
3.56
3.84
4.17
4.54
5.02
5.56
6.28
7.16
8.58
10.41
14.19
14.18
14.16
14.15
14.16
14.17
14.16
9.81
9.7
9.8
9.9
10.04
8.8
8.84
6.87
6.29
5.81
5.38
5.02
4.72
4.43
4.19
3.97
3.78
3.61
3.46
3.32
3.19
3.07
2.96
2.85
2.77
2.68
2.59
2.52
2.44
2.39
2.32
2.27
2.21
2.16
2.11
2.06
2.01
1.98
1.94
1.9
1.86
1.83
1.8
1.77
1.76
1.72
1.69
1.67
1.64
1.63
1.6
1.59
1.56
1.54
1.54
1.53
1.51
1.49
1.48
1.47
1.45
1.44
1.42
1.42
1.4
1.39
1.38
1.37
1.37
1.36
1.36
1.35
1.34
1.33
1.32
1.32
1.32
1.32
1.31
1.31
1.31
1.31
1.3
1.3
1.3
1.84
3.64
3.64
3.63
3.63
3.65
3.99
