1.58
1.58
1.58
1.58
1.58
1.58
1.58
1.58
1.76
1.76
1.76
1.76
1.77
1.77
1.77
1.77
1.78
1.78
1.79
2.36
2.35
2.36
2.37
2.38
2.4
2.4
2.42
2.44
2.44
2.47
2.47
2.5
2.51
2.54
2.56
2.57
2.6
2.64
2.65
2.68
2.71
2.73
2.77
2.8
2.84
2.87
2.91
2.96
3.0
3.07
3.01
2.94
81.83
17.26
17.4
18.54
18.75
81.83
81.83
8.86
8.53
8.18
7.88
7.6
6.77
7.21
7.28
8.11
8.16
8.22
8.28
8.35
8.41
8.49
8.57
8.64
8.72
8.81
8.89
8.89
8.85
8.8
6.48
6.44
5.0
4.96
4.91
4.87
4.82
4.78
4.74
4.7
4.66
4.64
4.6
4.59
4.55
4.52
4.5
4.48
4.46
4.44
4.43
4.42
4.4
4.39
4.38
4.37
4.36
4.35
4.35
4.35
4.35
4.36
4.36
4.37
4.39
4.39
4.4
4.42
4.43
4.44
2.12
2.07
2.0
1.98
2.18
2.2
2.07
2.06
2.28
2.24
2.31
2.34
2.38
2.41
2.43
2.47
2.51
2.53
2.49
2.44
2.4
2.36
2.31
2.28
2.25
2.21
2.17
2.12
2.16
2.21
2.26
2.31
2.37
2.6
3.63
3.74
3.83
3.78
3.74
3.7
3.67
3.63
3.6
3.57
3.54
3.53
3.5
3.46
3.45
3.43
3.41
3.39
3.38
3.37
3.35
3.35
3.34
3.33
