1.68
1.73
1.8
1.88
1.97
2.07
2.17
2.28
2.41
2.57
2.76
2.95
3.15
3.43
3.74
4.16
4.59
5.17
5.92
7.52
7.51
7.49
7.49
7.48
7.48
7.48
7.48
7.49
7.5
7.5
7.51
7.53
7.53
7.56
7.58
7.6
7.62
3.3
3.24
3.18
3.14
3.13
3.19
3.25
3.29
3.37
3.42
3.49
3.57
3.61
3.6
3.52
3.44
3.17
3.18
3.25
3.14
2.97
2.85
2.74
2.67
2.61
2.65
2.72
2.76
2.8
2.84
2.88
2.94
81.83
81.83
81.83
81.83
81.83
3.15
3.14
81.83
81.83
81.83
81.83
81.83
81.83
81.83
6.15
6.1
6.03
5.99
5.95
5.89
5.83
5.77
5.76
5.72
5.68
5.68
5.84
1.52
1.51
1.5
1.49
1.48
1.48
1.47
1.47
1.46
1.46
1.46
1.45
1.45
1.44
1.44
1.44
1.44
1.44
1.44
1.44
1.44
1.44
1.44
1.44
1.45
1.45
1.46
1.46
1.47
1.46
1.47
1.47
1.48
1.49
1.49
1.5
1.51
1.52
1.53
1.54
1.54
1.56
1.57
1.58
1.6
1.62
1.63
1.64
1.66
1.67
1.69
1.7
1.72
1.74
1.77
1.79
1.81
1.83
1.85
1.89
1.92
1.94
1.98
2.01
2.05
2.08
2.12
2.16
2.21
2.26
2.3
2.36
2.42
2.47
2.54
2.61
2.67
2.75
2.84
2.92
3.01
3.11
3.21
3.33
