1.92
1.89
1.87
1.88
1.94
2.01
2.07
2.55
4.73
4.69
4.65
4.61
4.58
4.56
4.53
4.5
4.47
4.43
4.11
4.39
4.37
4.35
4.33
4.31
4.3
4.28
4.26
4.26
3.95
4.24
4.09
4.13
4.23
3.92
4.23
4.23
4.03
3.99
3.91
3.87
1.64
1.63
1.61
1.63
1.63
1.63
1.64
1.65
1.65
1.66
1.66
1.68
1.69
1.7
1.69
1.7
1.71
1.73
1.74
1.76
1.76
1.78
1.8
1.82
1.83
1.84
1.87
1.88
1.91
1.92
1.94
1.97
2.01
2.03
2.06
2.1
2.11
2.15
2.18
2.22
2.26
2.3
2.35
2.38
2.43
2.48
2.53
2.59
2.65
2.72
2.79
2.87
2.95
3.03
3.12
3.23
3.3
3.41
3.53
3.65
3.78
3.93
4.11
4.28
4.46
4.66
4.89
5.14
6.48
6.46
6.42
6.39
6.37
6.34
6.32
6.3
6.28
6.27
6.81
7.77
9.33
13.12
15.71
15.72
18.07
17.89
17.88
6.3
5.53
5.03
4.63
4.36
4.11
3.91
3.71
3.56
3.43
2.62
3.18
1.52
1.48
1.45
1.42
1.39
1.37
1.33
1.31
1.28
1.27
1.24
1.22
1.2
1.18
1.16
1.14
1.12
1.11
1.1
1.09
1.07
1.05
1.05
1.04
1.02
1.01
1.01
1.0
0.98
0.97
0.96
0.95
0.94
0.95
0.95
0.94
0.93
0.92
0.92
0.91
0.91
