3.78
4.02
4.29
4.61
4.97
5.41
5.88
6.46
7.19
8.02
12.47
12.37
12.89
81.83
81.83
81.83
81.83
10.83
81.83
81.83
81.83
81.83
81.83
81.83
81.83
81.83
81.83
5.65
5.15
4.76
4.44
4.13
3.87
3.64
3.45
3.28
3.11
2.95
2.82
2.69
2.58
2.48
2.38
2.32
2.23
2.16
2.09
2.03
1.97
1.9
1.85
1.8
1.75
1.72
1.67
1.63
1.59
1.55
1.52
1.5
1.46
1.44
1.41
1.38
1.36
1.35
1.33
1.31
1.29
1.28
1.29
1.32
1.36
1.39
1.44
1.48
1.93
1.98
2.04
2.12
6.08
4.47
5.97
5.93
5.88
5.84
5.79
5.76
5.72
5.7
5.45
4.98
4.95
4.93
4.91
5.28
5.5
5.49
5.48
5.51
5.6
5.59
5.58
5.57
5.56
4.54
4.52
5.56
5.56
5.56
4.82
4.82
4.79
4.82
4.82
5.48
5.5
5.51
1.33
1.23
1.1
1.04
1.06
1.07
1.08
1.08
1.09
1.1
1.1
1.11
1.12
1.12
1.13
1.14
1.15
1.15
1.18
1.18
1.2
1.2
1.23
1.23
1.24
1.26
1.28
1.29
1.32
1.33
1.35
1.37
1.39
1.41
1.44
1.47
1.5
1.54
1.56
1.6
1.65
1.68
1.72
1.77
1.81
1.86
1.9
1.95
2.02
2.07
2.15
2.21
2.29
2.36
2.46
2.55
2.67
2.79
2.91
3.06
3.22
3.38
