0.6
0.6
0.62
0.62
0.63
0.64
0.65
0.66
0.67
0.68
0.68
0.69
0.71
0.72
0.74
0.75
0.77
0.78
0.86
0.91
0.96
6.01
6.12
6.06
6.01
6.8
6.94
6.88
6.88
7.67
3.37
3.32
3.27
3.23
3.19
3.14
3.1
3.06
3.03
3.0
2.97
2.93
2.91
2.89
2.86
2.84
2.81
2.79
2.77
2.75
2.73
2.72
2.7
2.7
2.69
2.67
2.66
2.65
2.64
2.62
2.62
2.62
2.62
2.61
2.6
2.6
2.61
2.61
2.61
2.6
2.61
2.61
2.61
2.62
2.62
2.63
2.64
2.65
2.65
0.89
0.82
0.8
0.8
0.77
0.77
0.75
0.76
0.78
0.81
0.83
0.83
0.84
0.86
0.86
0.88
0.9
0.92
0.93
0.94
0.96
0.98
1.0
1.01
1.04
1.07
1.09
1.11
1.14
1.17
1.2
1.23
1.26
1.3
1.35
1.38
1.43
1.48
1.53
1.59
1.64
1.72
1.78
1.85
1.93
2.03
2.13
2.25
2.39
2.53
2.71
2.8
2.79
2.78
2.78
2.77
2.76
2.76
2.75
2.74
2.74
2.73
2.72
2.73
2.72
2.74
2.73
2.73
2.74
2.74
2.75
2.75
2.76
2.77
2.78
2.78
2.79
2.8
2.82
2.83
2.85
2.86
2.87
2.88
2.91
2.92
2.94
2.96
2.98
3.01
3.04
3.06
1.37
1.32
3.15
3.18
2.23
3.25
3.29
3.33
1.91
