5.68
5.56
5.45
5.32
5.22
5.1
5.01
4.92
4.83
4.76
4.67
4.6
4.52
4.59
4.69
7.46
7.63
81.83
9.32
9.44
9.33
7.9
7.94
9.05
8.96
8.86
8.8
8.71
7.84
7.79
7.73
81.83
6.95
8.42
8.36
8.17
8.26
8.21
8.14
8.09
8.06
8.02
8.0
7.37
7.38
7.93
7.09
7.89
5.44
5.42
5.1
5.1
5.1
5.09
3.39
3.39
3.39
3.38
3.39
4.76
4.01
3.03
3.02
3.0
2.99
2.98
2.97
2.97
2.97
2.95
2.94
2.92
2.92
2.9
2.9
2.89
2.9
2.91
2.93
2.91
2.9
2.91
2.91
2.91
2.9
2.91
2.91
2.92
2.93
2.95
2.96
2.98
2.98
3.0
3.01
3.03
2.99
3.01
2.95
2.83
3.08
3.1
3.11
3.14
81.83
81.83
81.83
81.83
81.83
81.83
81.83
81.83
8.69
8.73
8.76
8.8
6.88
7.05
8.93
6.4
8.83
4.32
7.71
9.04
9.1
4.65
4.05
3.85
3.75
3.76
3.81
3.81
3.81
3.8
3.86
4.11
4.17
7.47
8.64
7.17
7.18
10.96
10.96
10.94
6.9
4.82
4.98
81.83
81.83
1.74
1.7
81.83
81.83
5.52
81.83
81.83
81.83
81.83
81.83
81.83
81.83
81.83
1.98
1.96
1.95
1.95
1.95
1.95
1.95
1.97
2.69
1.6
1.57
2.65
2.65
2.64
2.63
2.63
2.63
2.62
