1.35
1.38
2.37
2.93
4.61
4.69
4.77
4.86
1.31
1.3
2.34
5.29
5.42
5.52
5.67
1.93
1.92
2.53
3.95
1.91
6.31
3.52
3.51
2.29
2.29
1.12
1.09
3.58
5.34
5.38
5.13
7.31
7.36
3.34
3.35
7.57
7.64
7.73
7.83
7.92
3.36
3.46
3.42
3.06
5.49
5.46
7.37
7.22
7.13
7.09
3.65
81.83
81.83
4.36
3.96
3.96
5.37
81.83
81.83
81.83
4.96
3.64
3.84
6.18
6.18
81.83
81.83
81.83
81.83
81.83
81.83
81.83
81.83
81.83
81.83
3.43
3.43
81.83
81.83
81.83
81.83
81.83
81.83
2.83
2.82
81.83
81.83
81.83
20.59
20.57
20.54
20.52
16.09
16.11
1.11
1.13
6.4
6.4
7.2
1.89
1.86
1.84
1.82
1.76
1.59
1.57
1.55
1.57
1.58
1.57
1.59
1.6
1.61
1.62
1.63
1.64
1.65
1.52
1.59
1.61
1.32
1.52
1.84
4.03
4.04
4.05
4.06
4.06
4.07
4.08
4.09
4.1
4.12
7.24
7.35
4.54
4.5
3.86
3.87
7.47
7.47
7.56
6.69
6.21
6.13
5.91
5.84
5.81
5.83
5.99
6.15
6.35
6.53
2.03
2.02
2.01
1.89
1.9
81.83
81.83
81.83
81.83
81.83
81.83
81.83
81.83
81.83
81.83
81.83
2.36
2.34
2.37
2.42
81.83
81.83
2.49
81.83
81.83
81.83
81.83
