1.14
1.13
1.11
1.09
1.08
1.06
1.05
1.04
1.04
1.02
1.01
1.0
0.99
0.98
0.97
0.97
0.96
0.95
0.94
0.93
0.92
0.91
0.91
0.9
0.9
0.9
0.86
0.85
0.84
0.85
0.91
0.92
0.95
0.95
0.94
0.94
0.94
0.95
0.94
0.95
0.95
0.94
0.95
0.94
0.95
0.94
0.95
0.95
0.95
0.95
0.95
0.96
0.97
0.97
0.97
0.97
0.97
0.97
0.99
1.0
1.01
1.0
1.02
1.02
1.03
1.03
1.05
1.05
1.07
1.07
1.09
1.1
1.11
1.13
1.14
1.16
1.17
1.18
1.18
1.18
1.17
1.15
1.14
1.14
1.19
1.21
1.23
1.26
1.28
1.3
1.34
1.37
1.41
1.44
1.45
4.41
4.36
4.31
4.28
4.44
4.44
4.31
3.07
3.04
2.74
2.32
2.28
2.28
2.28
2.38
2.49
2.62
2.61
2.59
2.58
2.58
2.57
2.56
2.55
2.54
2.5
2.54
2.83
2.81
2.81
2.81
2.81
4.13
5.9
7.85
21.43
18.0
18.01
9.62
8.02
6.6
5.59
4.85
4.26
3.78
3.42
2.46
2.44
2.43
2.42
2.41
2.4
2.4
2.39
2.38
2.39
2.38
2.38
2.38
2.37
2.38
2.38
2.37
2.37
2.38
1.15
1.01
0.99
0.95
0.93
0.91
0.88
0.86
0.85
0.84
0.81
0.79
0.78
0.78
0.81
0.82
0.84
0.85
0.86
0.88
