0.89
0.89
0.89
0.89
0.89
0.89
0.89
0.89
0.89
0.89
0.89
0.89
0.89
0.88
0.89
0.89
0.9
0.91
0.91
0.92
0.92
0.93
0.93
0.94
0.95
0.95
0.96
0.97
0.97
0.98
0.99
1.0
1.01
1.02
1.04
1.05
1.06
1.08
1.09
1.11
1.11
1.12
1.14
1.16
1.18
1.2
1.22
1.25
1.27
1.29
1.31
1.34
1.37
1.39
1.43
1.45
1.5
1.53
1.57
1.62
1.68
1.71
1.77
1.83
1.9
1.96
2.04
2.13
2.23
2.32
2.43
2.56
2.72
2.89
3.11
3.39
3.74
4.21
4.81
9.24
9.21
9.15
9.11
9.07
9.03
9.0
6.33
6.3
6.27
6.26
6.25
6.23
6.23
6.22
6.21
6.22
6.21
6.21
6.21
6.21
6.21
6.23
6.23
6.24
6.26
6.28
6.35
5.21
4.73
4.35
4.03
3.74
3.5
3.29
3.11
2.96
2.79
2.65
2.54
2.43
2.33
2.23
2.16
2.08
2.01
1.94
1.89
1.84
1.77
1.73
1.68
1.63
1.59
1.55
1.51
1.47
1.45
1.41
1.39
1.35
1.34
1.31
1.28
1.26
1.23
1.22
1.2
1.18
1.16
1.15
1.13
1.11
1.11
1.09
1.08
1.07
1.06
1.04
1.03
1.02
1.01
1.01
1.01
0.99
1.0
0.99
0.98
0.97
0.97
0.97
1.07
1.14
1.21
5.48
5.46
5.44
5.41
5.4
5.37
4.58
