10.34
10.59
10.57
10.08
10.09
11.74
11.5
81.83
10.37
9.88
9.76
7.9
7.85
7.79
7.63
7.55
2.46
2.49
7.85
2.32
2.32
8.72
9.01
9.36
9.73
4.54
1.87
1.83
1.79
1.77
1.73
1.71
1.68
1.65
1.63
1.6
1.58
1.56
1.55
1.52
1.5
1.48
1.46
1.45
1.43
1.41
1.4
1.4
1.39
1.38
1.36
1.35
1.34
1.33
1.32
1.31
1.3
1.29
1.29
1.28
1.28
1.28
1.27
1.26
1.26
1.25
1.25
1.24
1.24
1.24
1.23
1.23
1.23
1.24
1.24
1.23
1.22
1.23
1.23
1.24
1.24
1.25
4.21
4.26
4.32
4.37
4.41
4.49
4.56
4.63
4.7
1.65
1.65
4.8
4.72
4.65
4.61
4.63
4.71
1.03
1.03
1.03
1.05
3.94
3.41
3.36
3.34
3.3
3.26
3.16
3.13
3.1
3.08
3.08
3.17
3.31
3.45
3.62
3.8
4.01
4.25
4.51
6.09
6.06
6.05
6.03
6.02
5.99
5.98
5.97
5.97
5.95
5.94
5.93
3.47
3.45
3.43
3.41
3.41
3.46
3.72
4.02
4.39
4.86
5.52
17.62
17.66
81.83
14.28
13.13
12.23
11.97
10.72
10.08
9.55
9.06
8.63
8.23
7.87
7.55
7.25
6.98
6.72
6.49
6.3
6.3
6.39
9.27
9.03
8.76
8.74
8.76
8.88
81.83
9.13
9.13
10.46
10.47
9.18
9.19
