2.37
2.38
2.75
2.77
2.8
2.81
2.84
2.78
3.14
3.16
3.2
3.23
3.26
3.3
3.26
3.19
3.12
3.04
2.97
2.91
2.84
2.79
2.74
2.68
2.63
2.59
2.55
2.5
1.57
1.53
1.5
1.5
1.49
1.44
1.4
1.28
1.23
1.23
1.26
1.26
1.26
1.26
1.24
1.23
1.23
1.2
1.2
1.2
1.19
1.17
1.13
1.13
1.13
1.14
1.14
1.14
1.14
1.14
1.13
1.14
1.14
1.04
1.02
1.0
0.99
0.98
0.98
0.99
0.99
1.01
1.03
1.04
1.05
1.06
1.08
1.11
1.12
1.12
1.1
0.61
0.62
0.62
0.61
0.62
2.07
2.07
2.08
1.19
1.17
1.65
2.0
1.99
2.01
1.3
1.3
1.33
1.61
1.52
1.44
1.45
1.47
1.48
1.49
1.5
1.52
1.54
1.55
1.56
1.57
1.59
1.61
1.63
1.62
1.58
1.58
1.62
1.64
1.65
1.66
1.69
2.9
2.97
3.03
2.95
2.93
2.91
2.91
2.89
3.01
3.13
3.23
3.53
3.51
3.48
3.39
3.37
3.4
3.36
3.34
3.32
3.3
3.27
3.26
3.25
3.22
3.21
3.2
3.2
3.18
3.17
3.15
3.14
3.14
3.14
3.05
3.09
3.12
1.92
1.91
2.11
2.38
2.39
2.39
2.4
2.39
2.37
2.37
2.38
2.37
2.4
2.42
2.43
2.45
2.46
2.47
2.47
2.49
3.26
3.27
2.63
