1.12
1.12
1.11
1.11
1.11
1.11
1.11
1.11
1.11
1.11
1.12
1.12
1.12
1.12
1.13
1.13
1.13
1.13
1.14
1.14
1.15
1.14
1.15
1.16
1.17
1.17
1.18
1.18
1.19
1.2
1.21
1.22
1.23
1.25
1.26
1.27
1.28
1.3
1.31
1.33
1.34
1.35
1.38
1.39
1.41
1.42
1.44
1.46
1.49
1.52
1.53
1.55
1.59
1.62
1.64
1.68
1.72
1.75
1.78
1.83
1.87
1.92
1.97
2.03
2.07
2.13
2.2
2.27
2.35
2.42
2.49
2.59
2.7
2.8
2.92
3.06
3.2
3.35
3.52
3.72
3.95
4.2
4.48
4.83
5.22
5.7
17.9
10.55
10.53
10.43
10.53
81.83
81.83
81.83
81.83
81.83
8.9
8.99
81.83
81.83
81.83
81.83
81.83
8.1
81.83
81.83
81.83
81.83
81.83
7.28
7.33
3.88
3.67
3.46
3.27
3.12
2.97
2.83
2.7
2.61
2.51
2.41
2.33
2.25
2.17
2.1
2.03
1.97
1.92
1.87
1.81
1.77
1.72
1.69
1.66
1.69
1.58
1.54
1.51
1.48
1.46
1.43
1.41
1.37
1.35
1.33
1.31
1.29
1.28
1.26
1.24
1.23
1.21
1.2
1.19
1.18
1.16
1.16
1.14
1.13
1.12
1.11
1.11
1.11
1.09
1.08
1.07
1.07
1.07
1.06
1.06
1.06
1.05
1.05
1.04
1.04
1.04
1.03
1.03
1.03
