1.6
1.61
1.63
1.64
1.64
1.66
1.68
1.7
1.71
1.72
1.74
1.76
1.78
1.8
1.83
1.85
1.88
1.9
1.93
1.95
1.99
2.01
2.04
2.09
2.11
4.07
4.73
5.12
5.14
5.14
5.01
4.79
4.61
4.61
4.63
4.68
81.83
3.87
3.88
81.83
4.08
8.18
81.83
81.83
81.83
13.48
9.69
14.07
13.99
6.28
6.24
6.21
6.12
6.12
6.2
13.51
13.45
5.34
5.33
81.83
81.83
81.83
81.83
4.45
4.47
4.55
4.66
4.67
81.83
81.83
81.83
81.83
81.83
81.83
81.83
81.83
81.83
81.83
81.83
81.83
81.83
81.83
81.83
81.83
81.83
81.83
81.83
81.83
81.83
81.83
81.83
81.83
2.91
2.89
2.95
2.98
3.0
3.02
3.06
3.09
3.11
3.15
3.19
3.02
2.94
2.88
2.87
3.12
3.17
3.07
3.01
2.96
2.92
2.87
2.68
2.68
2.68
2.67
2.92
3.0
2.98
2.95
2.66
2.63
2.66
2.74
2.83
3.26
3.37
3.47
5.33
5.34
5.55
5.62
5.58
5.54
3.42
3.46
5.43
5.19
4.77
4.75
4.73
4.93
5.28
5.23
5.22
5.2
4.35
4.03
3.79
3.8
3.83
3.84
3.87
3.89
3.92
5.18
5.18
4.75
4.99
5.19
5.2
5.2
5.21
5.22
4.74
4.54
4.5
4.5
4.49
4.48
4.5
4.54
4.55
4.57
5.31
5.34
5.36
5.41
