1.24
1.25
1.25
1.24
1.25
1.24
1.25
1.24
1.24
1.24
1.25
1.25
1.26
1.26
1.27
1.28
1.28
1.29
1.3
1.3
1.32
1.31
1.32
1.33
1.34
1.35
1.36
1.37
1.38
1.4
1.4
1.42
1.43
1.41
1.37
1.32
1.29
1.27
1.24
1.2
1.2
1.2
1.6
1.62
1.65
1.67
1.7
1.73
1.75
1.79
1.82
1.85
1.9
1.93
1.98
2.02
2.06
2.03
2.01
1.99
1.97
1.94
1.92
1.92
2.51
2.64
2.73
2.75
2.73
2.71
2.68
2.66
2.67
2.68
2.66
2.65
2.63
2.61
2.6
2.59
2.59
2.59
2.58
2.57
2.56
2.56
2.55
2.54
2.54
2.5
2.52
2.61
2.61
2.6
2.61
2.61
2.61
2.6
2.6
2.61
2.61
2.62
2.63
2.64
2.65
2.67
2.68
2.69
2.7
2.71
2.64
2.61
2.65
2.67
2.68
2.71
2.74
2.76
2.77
2.81
5.04
1.27
1.24
1.21
1.16
1.13
1.1
1.07
1.04
1.02
1.0
0.98
0.96
0.94
0.92
0.89
0.89
0.87
0.86
0.85
0.83
0.82
0.81
0.8
0.78
0.77
0.76
0.75
0.74
0.73
0.72
0.71
0.7
0.7
0.69
0.68
0.68
0.68
0.68
0.67
0.67
0.66
0.65
0.65
0.64
0.63
0.63
0.62
0.62
0.62
0.62
0.62
0.61
0.61
0.6
0.6
0.61
0.6
0.6
0.6
