81.83
81.83
9.26
5.66
5.23
4.86
4.56
4.26
4.04
3.81
3.62
3.49
3.3
3.15
3.02
2.89
2.78
2.68
2.59
2.49
2.42
2.33
2.28
2.21
2.15
2.08
2.03
1.98
1.93
1.89
1.84
1.8
1.75
1.73
1.69
1.65
1.63
1.6
1.57
1.54
1.53
1.5
1.48
1.45
1.43
1.41
1.39
1.39
1.39
1.48
1.53
1.58
1.63
2.11
2.19
2.26
4.62
6.11
6.07
6.03
5.98
5.95
5.9
5.86
5.83
5.13
5.11
5.09
5.06
5.07
5.54
5.63
5.63
5.61
5.74
5.72
5.71
5.71
5.7
5.69
4.52
5.69
5.7
5.7
4.97
4.97
4.93
4.95
4.96
5.58
5.63
1.39
1.23
1.19
1.19
1.2
1.2
1.21
1.22
1.22
1.23
1.24
1.24
1.26
1.26
1.26
1.28
1.29
1.3
1.3
1.32
1.33
1.35
1.37
1.37
1.38
1.4
1.41
1.44
1.45
1.48
1.5
1.53
1.54
1.57
1.6
1.64
1.66
1.69
1.73
1.76
1.8
1.85
1.86
1.91
1.96
2.01
2.06
2.12
2.18
2.24
2.31
2.38
2.47
2.55
2.64
2.74
2.85
2.95
3.09
3.22
3.37
3.53
3.71
3.91
4.16
4.4
4.68
5.03
6.39
6.31
6.28
6.25
6.23
6.21
6.19
6.18
6.17
6.17
6.16
6.16
6.15
6.16
6.16
6.16
6.16
6.17
6.17
6.19
1.94
