5.06
5.06
5.04
5.05
5.05
5.05
5.05
5.06
5.08
5.08
5.1
5.31
5.81
6.57
8.01
81.83
81.83
12.83
11.91
11.05
10.38
9.78
9.27
8.79
8.37
7.97
7.63
7.37
7.4
10.03
6.47
6.25
6.28
6.34
6.4
6.47
6.54
6.61
6.69
6.76
6.85
4.1
4.0
3.95
4.25
4.31
4.38
4.45
4.51
4.59
4.68
4.76
4.85
4.96
4.88
4.8
4.75
1.31
1.26
1.23
1.21
1.21
1.18
1.18
1.17
1.16
1.14
1.14
1.13
1.12
1.1
1.09
1.09
1.07
1.07
1.06
1.05
1.05
1.04
1.03
1.03
1.03
1.03
1.02
1.02
1.01
1.0
1.0
0.99
0.99
0.99
0.99
1.0
0.99
0.99
1.0
0.99
0.99
1.0
1.0
1.0
1.0
1.01
1.01
1.01
1.01
1.01
1.02
1.03
1.03
1.03
1.03
1.04
1.05
1.05
1.06
1.07
1.08
1.09
1.1
1.11
1.12
1.13
1.14
1.14
1.17
1.18
1.18
1.2
1.22
1.23
1.25
1.29
1.38
2.2
2.15
2.11
2.08
2.04
2.0
1.97
1.94
1.9
1.88
1.84
1.82
1.8
1.78
1.76
1.74
1.71
1.69
1.67
1.65
1.63
1.62
1.6
1.59
1.58
1.57
1.56
1.54
1.54
1.52
1.51
1.5
1.49
1.48
1.47
1.46
1.46
1.45
1.45
1.44
1.43
1.43
1.43
1.43
1.43
1.42
