1.26
1.24
1.22
1.21
1.19
1.17
1.18
1.16
1.15
1.15
1.14
1.12
1.12
1.11
1.11
1.1
1.09
1.09
1.08
1.07
1.07
1.07
1.06
1.05
1.05
1.05
1.05
1.05
1.05
1.05
1.04
1.05
1.04
1.04
1.05
1.05
1.05
1.04
1.05
1.05
1.06
1.05
1.06
1.07
1.07
1.06
1.06
0.97
0.9
0.85
0.8
0.75
0.72
0.69
0.65
0.62
0.61
0.58
0.56
0.54
0.52
0.51
0.49
0.48
0.46
0.45
0.46
0.47
0.47
0.48
0.48
0.47
0.46
0.47
0.47
0.48
0.49
0.5
0.51
0.52
0.52
0.53
0.54
0.55
0.56
0.57
0.58
0.59
0.62
0.62
0.64
0.65
0.66
0.68
0.71
0.73
0.76
0.78
0.82
0.85
0.89
0.92
0.97
1.01
1.06
1.12
1.2
1.26
1.33
1.43
1.52
1.63
1.77
6.07
6.04
6.05
6.99
7.92
8.72
8.74
8.73
8.72
8.72
8.7
8.82
8.81
8.83
8.83
8.83
6.44
5.58
4.89
4.81
4.8
4.78
4.78
4.77
4.75
4.75
4.73
4.74
4.74
4.73
4.74
4.75
4.76
4.77
4.78
4.79
2.75
2.64
2.56
2.49
2.41
2.34
2.26
2.21
2.15
2.1
2.05
1.99
1.95
1.9
1.88
1.84
1.8
1.76
1.74
1.7
1.66
1.65
1.62
1.6
1.57
1.55
1.53
1.51
1.49
1.47
1.45
