1.1
1.1
1.1
1.11
1.11
1.11
1.11
1.12
0.97
0.93
1.13
1.13
1.14
1.14
1.14
1.14
1.15
1.16
1.16
1.17
1.17
1.18
1.19
1.2
1.22
1.22
1.23
1.24
1.25
1.27
1.28
1.3
1.31
1.32
1.33
1.35
1.37
1.39
1.41
1.43
1.45
1.47
1.49
1.52
1.54
1.57
1.6
1.57
1.54
1.53
1.5
1.48
1.47
1.45
1.41
1.45
1.47
1.51
1.55
1.61
1.64
1.7
1.75
1.82
1.88
1.94
2.03
2.1
2.18
2.28
2.39
2.51
2.64
2.79
2.96
3.17
3.4
3.67
3.97
4.33
8.7
8.67
8.63
7.68
7.69
8.93
8.91
8.88
8.89
8.98
11.29
81.83
11.3
11.32
11.33
4.16
3.2
2.84
2.51
2.25
2.04
1.85
1.7
1.58
1.48
1.38
1.3
1.22
1.16
1.1
1.04
0.99
0.94
0.9
0.87
0.82
0.8
0.77
0.73
0.71
0.69
0.66
0.64
0.64
0.61
0.6
0.59
0.57
0.56
0.54
0.53
0.53
0.52
0.51
0.51
0.5
0.49
0.48
0.47
0.46
0.46
0.45
0.44
0.44
0.44
0.42
0.43
0.43
0.42
0.42
0.41
0.4
0.41
0.4
0.4
0.39
0.39
0.39
0.38
0.39
0.38
0.38
0.38
0.38
0.38
0.37
0.37
0.38
0.39
0.38
0.39
0.39
0.39
0.39
0.39
0.38
0.39
0.38
0.39
0.38
