1.93
1.93
1.93
1.93
1.93
1.92
1.93
1.94
1.94
1.95
1.95
1.96
1.97
1.98
1.98
1.99
1.99
1.98
1.87
1.77
1.69
1.62
1.56
1.51
1.44
1.4
1.35
1.3
1.27
1.23
1.18
1.15
1.13
1.1
1.06
1.04
1.03
0.99
0.97
0.96
0.94
0.91
0.89
0.88
0.87
0.85
0.84
0.82
0.8
0.79
0.8
0.82
0.84
0.87
0.88
0.9
2.91
2.69
2.72
2.65
2.6
2.57
2.55
2.53
2.51
2.52
2.51
2.51
2.45
2.44
2.44
2.41
2.39
2.38
2.35
2.35
2.33
2.32
4.34
4.36
4.05
2.97
3.96
3.97
3.98
4.03
4.0
3.82
3.81
3.82
3.85
3.91
3.89
3.93
3.98
4.74
4.78
4.47
4.83
4.25
4.94
4.98
3.9
5.07
5.13
5.17
4.1
4.83
2.67
2.6
3.68
3.7
3.71
3.66
2.7
2.71
3.3
3.19
3.09
3.01
2.91
2.84
2.75
2.68
2.66
2.7
2.73
2.76
2.82
2.83
6.08
6.21
6.34
6.47
6.64
7.22
7.19
7.2
3.58
3.53
3.51
3.5
3.6
3.47
3.49
3.58
3.67
3.77
3.87
3.99
4.12
4.38
4.71
4.87
5.05
5.24
5.45
5.67
5.92
6.21
2.29
2.27
2.26
2.25
2.24
2.36
2.55
2.74
2.96
3.25
3.57
3.6
3.59
3.58
3.57
3.57
3.56
3.56
3.56
3.55
