1.03
1.03
1.03
1.03
1.03
1.04
1.04
1.05
1.05
1.06
1.06
1.07
1.07
1.08
1.08
1.09
1.09
1.1
1.11
1.12
1.12
1.13
1.14
1.15
1.17
1.18
1.19
1.2
1.2
1.21
1.23
1.25
1.27
1.28
1.3
1.3
1.32
1.34
1.37
1.39
1.42
1.43
1.46
1.49
1.52
1.55
1.59
1.62
1.66
1.7
1.74
1.79
1.84
1.88
1.94
1.99
2.06
2.12
2.21
2.29
2.38
2.48
2.59
2.73
2.88
3.05
3.27
3.48
3.81
4.28
8.82
8.05
8.86
8.91
13.94
13.93
13.92
13.91
13.91
13.98
17.43
17.23
18.43
17.72
3.97
3.08
2.76
2.42
2.16
1.94
1.77
1.63
1.52
1.41
1.33
1.24
1.18
1.1
1.05
0.98
0.94
0.89
0.85
0.8
0.77
0.75
0.71
0.69
0.66
0.64
0.62
0.62
0.6
0.58
0.56
0.55
0.54
0.53
0.51
0.5
0.49
0.48
0.48
0.47
0.46
0.45
0.45
0.44
0.44
0.43
0.42
0.42
0.42
0.41
0.41
0.4
0.39
0.39
0.39
0.38
0.38
0.38
0.37
0.37
0.37
0.37
0.36
0.36
0.36
0.36
0.35
0.35
0.36
0.35
0.35
0.35
0.35
0.35
0.36
0.35
0.34
0.34
0.35
0.35
0.35
0.34
0.35
0.35
0.35
0.35
0.35
0.35
0.36
0.35
0.35
0.35
0.35
0.35
0.35
0.35
