3.86
3.89
3.93
3.96
3.99
4.02
4.06
4.11
4.15
1.53
1.49
1.47
1.43
1.41
1.38
1.33
1.35
1.59
1.62
1.65
1.67
1.69
1.73
1.76
1.8
1.83
1.87
1.92
1.95
2.0
2.04
2.09
2.15
2.2
2.27
2.33
2.4
2.41
2.39
2.37
2.34
2.33
2.32
2.3
2.26
2.26
2.25
2.23
2.22
2.2
2.19
2.17
2.17
2.17
2.12
2.27
2.5
4.53
4.52
4.51
4.5
3.41
3.39
3.35
3.41
3.36
3.3
3.21
3.23
3.22
4.47
4.48
4.48
4.49
4.5
4.36
3.89
3.91
3.93
3.94
3.95
3.97
4.56
4.05
4.05
4.07
4.08
4.09
4.12
4.83
4.87
4.91
4.94
4.99
5.04
5.08
5.13
5.18
5.23
5.28
5.34
3.64
5.47
5.55
5.53
5.41
5.3
5.13
5.08
4.99
4.89
3.71
3.67
1.41
1.42
1.4
1.38
1.36
1.34
1.34
1.32
1.3
1.3
1.29
1.28
1.27
1.25
1.24
1.23
1.22
1.21
1.2
1.2
1.18
1.19
1.17
1.0
0.95
0.95
0.94
0.94
0.94
0.93
0.92
0.92
0.91
0.91
0.9
0.88
0.9
0.91
0.9
1.02
1.21
1.42
1.21
1.21
1.21
1.21
1.21
1.21
1.21
1.21
1.21
1.22
1.22
1.22
1.22
1.23
1.24
1.24
1.25
1.26
1.26
1.27
1.27
1.29
1.29
1.3
1.31
