2.42
2.68
2.91
2.91
2.91
1.35
2.9
2.88
2.9
2.86
2.9
2.89
2.89
2.28
2.9
2.9
2.9
2.9
2.89
2.91
2.92
2.92
2.47
2.32
2.27
2.28
2.29
2.29
2.3
2.4
2.34
2.3
2.35
2.36
2.37
2.81
3.16
3.17
3.2
3.23
2.86
3.28
3.31
2.6
3.37
3.4
3.44
3.47
2.28
3.55
3.59
3.63
3.67
3.57
3.38
2.36
3.16
3.04
2.71
2.33
2.24
2.17
2.17
2.19
2.22
2.23
2.25
2.26
1.19
1.1
1.97
2.05
2.03
1.99
1.95
1.91
1.87
1.83
1.51
1.3
1.76
1.73
1.71
1.69
1.66
1.63
1.62
1.6
1.59
1.57
1.55
1.53
1.52
1.5
1.49
1.47
1.46
1.5
1.56
1.63
1.67
1.74
4.87
4.84
4.82
2.63
2.6
2.6
2.6
2.78
3.01
2.64
2.64
2.94
3.34
5.06
5.9
7.09
8.72
10.66
14.43
14.4
14.31
8.94
4.93
4.79
4.73
3.76
3.53
3.52
3.56
3.57
3.58
3.58
3.59
3.6
3.39
3.18
2.98
2.81
2.66
2.53
2.41
2.29
2.19
2.15
2.16
2.18
2.2
3.77
3.81
3.84
3.88
3.92
3.96
4.01
4.06
4.1
4.0
3.91
3.83
3.74
3.67
3.59
3.52
3.46
3.4
3.34
3.28
3.23
3.18
3.13
3.08
3.04
2.99
2.96
2.92
2.88
2.85
2.81
