1.38
1.38
1.37
1.38
1.38
1.38
1.39
1.38
1.39
1.38
1.38
1.38
1.38
1.38
1.39
1.4
1.41
1.41
1.41
1.42
1.42
1.43
1.44
1.45
1.46
1.47
1.47
1.49
1.49
1.51
1.52
1.53
1.55
1.57
1.59
1.6
1.61
1.63
1.65
1.66
1.68
1.71
1.73
1.76
1.79
1.81
1.84
1.88
1.9
1.94
1.98
2.03
2.06
2.12
2.16
2.22
2.26
2.33
2.38
2.45
2.51
2.59
2.67
2.77
2.86
2.97
3.1
3.21
3.38
3.55
3.77
4.02
4.32
4.68
5.15
5.88
8.11
12.97
13.0
12.98
10.31
10.3
10.27
10.24
10.23
10.22
10.22
10.21
10.2
10.2
10.22
10.21
8.98
7.06
5.83
4.92
4.33
4.35
4.38
3.12
2.84
2.62
2.45
2.28
2.14
2.01
1.89
1.79
1.7
1.62
1.54
1.48
1.4
1.36
1.3
1.26
1.22
1.17
1.14
1.1
1.07
1.04
1.0
0.99
0.99
0.99
0.92
0.89
0.87
0.85
0.83
0.82
0.81
0.79
0.78
0.76
0.74
0.74
0.73
0.72
0.71
0.7
0.7
0.68
0.68
0.67
0.67
0.65
0.65
0.64
0.63
0.64
0.63
0.63
0.62
0.61
0.62
0.61
0.6
0.6
0.59
0.59
0.58
0.58
0.57
0.58
0.58
0.57
0.56
0.57
0.57
0.57
0.57
0.57
0.57
0.57
0.57
0.57
0.57
0.57
