2.42
2.41
2.41
2.4
2.4
2.32
2.33
2.31
2.31
2.31
2.31
2.32
2.31
2.32
2.32
2.32
2.33
2.33
2.34
2.34
2.34
2.35
2.36
2.35
2.37
2.38
2.04
1.94
1.86
1.87
1.86
1.88
1.9
1.92
1.92
2.56
2.58
2.61
2.63
2.66
2.7
2.72
2.75
2.78
2.81
2.85
2.9
2.87
2.98
1.77
1.7
3.14
3.17
3.25
3.18
3.13
3.06
3.02
2.97
2.94
2.88
2.84
2.78
2.77
2.74
2.7
2.67
2.64
2.61
2.58
2.57
2.54
2.51
2.49
1.66
1.64
1.64
1.62
1.61
1.6
1.59
1.58
1.56
1.56
1.55
1.54
1.54
1.54
1.53
1.52
1.5
1.49
1.49
1.5
1.51
1.53
1.52
1.5
1.49
1.49
1.5
1.49
1.67
1.69
1.69
1.69
1.69
1.7
1.71
1.72
1.72
1.73
1.74
2.32
2.33
2.34
2.35
2.36
2.38
2.39
2.4
2.42
2.44
2.46
2.47
2.5
2.52
2.55
2.57
2.59
2.63
2.65
2.68
2.7
2.74
2.78
2.81
2.85
2.9
2.94
2.99
3.04
3.08
3.02
2.95
3.51
16.93
18.77
81.83
81.83
8.91
8.63
8.29
7.99
7.72
6.81
7.26
7.33
8.16
8.23
7.12
8.34
8.42
8.49
8.56
8.64
8.73
8.81
8.89
8.99
8.98
8.93
8.89
6.57
6.53
5.11
5.08
5.02
4.98
4.92
