17.55
17.39
18.6
18.61
6.88
6.88
6.88
6.88
6.88
6.89
6.9
6.91
5.26
4.66
4.11
3.71
3.39
3.12
2.88
2.67
2.5
2.36
2.24
2.11
2.0
1.9
1.81
1.73
1.66
1.6
1.54
1.48
1.42
1.38
1.33
1.28
1.28
1.31
1.32
1.34
1.36
1.38
1.39
1.41
1.44
1.5
1.53
1.56
1.58
1.6
1.64
1.66
1.69
1.73
1.75
1.79
1.82
4.02
4.08
4.03
3.98
3.94
3.89
3.84
3.8
3.77
3.74
3.7
3.67
3.63
3.6
3.57
3.54
3.52
3.51
3.48
3.46
3.44
3.42
3.4
3.38
3.38
3.37
3.35
3.34
3.33
3.32
3.31
3.3
3.3
3.27
3.28
3.28
3.28
3.28
3.27
3.27
3.28
3.28
3.28
3.29
3.3
3.3
3.31
3.28
3.24
3.04
3.03
3.04
3.04
3.06
3.08
3.08
3.43
3.45
3.47
3.5
3.51
3.54
3.57
3.6
3.63
3.66
3.69
1.53
1.48
1.44
1.4
1.36
1.33
1.3
1.27
1.17
1.14
1.11
1.09
1.07
1.05
1.02
1.0
0.96
0.97
0.97
0.97
0.98
1.0
1.02
1.05
1.07
1.11
1.12
1.15
1.2
1.22
1.26
1.3
1.34
1.38
1.43
1.49
1.55
1.61
1.69
1.77
1.84
1.91
2.01
2.1
2.24
2.36
2.51
2.68
2.89
7.39
7.36
6.55
6.51
6.5
6.51
6.52
