1.57
1.54
1.52
1.48
1.43
1.28
1.28
1.32
1.3
1.31
1.29
1.28
1.28
1.28
1.27
1.26
1.26
1.24
1.22
1.18
1.17
1.16
1.17
1.17
1.17
1.16
1.18
1.18
1.18
1.2
1.06
1.05
1.03
1.03
1.03
1.03
1.03
1.04
1.06
1.07
1.09
1.1
1.12
1.12
1.14
0.73
0.64
0.62
0.62
0.62
0.64
2.08
2.08
2.09
2.08
1.21
1.2
2.04
2.01
2.0
2.02
1.32
1.33
1.48
1.73
1.62
1.47
1.47
1.48
1.49
1.49
1.51
1.53
1.54
1.55
1.56
1.57
1.59
1.61
1.63
1.64
1.6
1.59
1.61
1.63
1.64
1.65
1.67
2.83
2.89
2.95
3.02
2.96
2.94
2.9
2.88
2.9
3.0
3.1
3.2
3.45
3.5
3.47
3.44
3.41
3.38
3.33
3.32
3.3
3.27
3.26
3.25
3.22
3.21
3.19
3.17
3.17
3.16
3.14
3.14
3.14
3.12
3.11
3.11
3.07
3.11
1.89
1.87
1.98
2.35
2.35
2.34
2.34
2.35
2.35
2.35
2.36
2.35
2.36
2.36
2.38
2.4
2.4
2.42
2.43
2.44
2.77
3.23
2.64
2.58
2.51
2.58
3.0
2.58
2.49
2.59
2.09
2.08
2.04
2.03
2.1
2.13
2.14
2.12
3.75
3.78
3.83
3.88
3.87
3.78
3.7
3.63
3.56
3.5
3.43
3.36
3.3
3.26
3.2
3.15
