0.67
0.67
0.68
0.68
0.68
0.68
0.69
0.69
0.69
0.69
0.69
0.7
0.71
0.71
0.72
0.72
0.73
0.73
0.74
0.74
0.75
0.76
0.76
0.78
0.78
0.79
0.79
0.81
0.82
0.83
0.84
0.85
0.86
0.86
0.88
0.9
0.91
0.93
0.94
0.96
0.99
1.01
1.02
1.05
1.08
1.09
1.12
1.15
1.18
1.21
1.27
2.59
2.58
2.56
2.53
2.5
2.48
2.46
2.44
2.42
2.41
2.39
2.37
2.36
2.35
2.33
2.32
2.31
2.35
2.51
4.21
4.2
4.19
4.18
4.16
4.16
4.14
4.13
4.13
4.12
4.12
4.12
4.13
4.13
4.12
4.12
4.13
4.14
4.14
4.16
4.18
4.2
4.62
5.25
81.83
81.83
12.22
11.92
10.75
10.13
9.56
9.06
8.64
8.23
7.87
7.54
7.24
6.97
6.71
6.53
6.56
9.26
9.35
5.68
5.54
5.48
5.55
5.61
5.69
5.76
5.82
5.91
5.99
6.07
6.17
6.25
6.35
6.46
6.57
3.44
3.41
3.34
3.33
3.65
3.73
3.82
3.89
3.99
4.09
4.2
4.31
4.43
4.39
4.34
4.3
4.26
4.23
4.2
4.16
4.12
4.1
4.23
4.7
5.52
5.83
6.46
6.44
6.41
6.36
5.07
5.13
5.17
6.28
6.26
6.23
6.23
1.8
1.76
1.76
1.75
1.76
1.75
1.75
1.75
1.75
1.75
1.76
1.39
1.15
1.11
