0.55
0.55
0.55
0.55
0.55
0.55
0.54
0.54
0.54
0.53
0.54
0.53
0.53
0.53
0.53
0.52
0.52
0.52
0.52
0.53
0.53
0.53
0.53
0.53
0.52
0.53
0.52
0.53
0.52
0.52
0.53
0.53
0.53
0.53
0.53
0.53
0.54
0.54
0.54
0.55
0.55
0.55
0.55
0.55
0.56
0.56
0.57
0.57
0.58
0.58
0.59
0.6
0.6
0.6
3.98
4.01
4.05
4.08
81.83
4.18
4.18
4.1
3.96
81.83
81.83
81.83
81.83
81.83
81.83
81.83
81.83
10.29
4.54
4.55
8.65
8.89
5.61
10.52
6.03
5.42
5.22
5.11
5.13
5.19
5.17
5.17
5.46
5.51
8.9
10.35
11.93
12.34
12.33
12.33
81.83
3.06
81.83
81.83
81.83
6.9
6.92
81.83
3.28
3.28
3.25
3.25
3.05
2.81
3.49
3.78
3.92
3.89
3.86
3.84
3.82
3.8
3.78
3.75
3.73
3.72
3.7
3.69
3.67
3.66
3.66
1.31
1.31
1.28
1.23
1.2
1.17
1.14
1.11
1.1
1.08
1.05
1.03
1.01
0.99
0.99
0.97
0.95
0.93
0.91
0.91
0.89
0.87
0.86
0.85
0.84
0.83
0.81
0.81
0.8
0.79
0.79
0.77
0.77
0.77
0.76
0.75
0.74
0.73
0.73
0.72
0.72
0.71
0.7
0.7
0.69
0.69
0.69
0.68
0.68
0.68
0.68
0.67
0.68
0.68
0.68
