3.07
3.1
3.12
3.14
3.17
3.19
3.23
3.24
3.27
3.3
3.34
3.37
3.4
3.44
3.48
3.53
3.57
3.62
3.67
1.0
0.95
0.91
0.9
0.89
0.86
0.85
0.86
0.89
0.92
0.94
0.94
0.96
0.98
0.98
0.81
0.8
0.79
0.81
0.82
0.84
0.87
0.89
0.91
0.94
0.96
0.99
1.02
1.05
1.08
1.12
1.15
1.2
1.23
1.28
1.33
1.39
1.45
1.51
1.59
2.15
2.26
2.37
2.52
2.66
2.84
3.03
3.27
3.59
3.95
4.41
4.93
5.64
6.52
7.76
8.66
10.47
12.55
12.54
12.28
5.48
3.2
2.82
2.81
2.82
2.37
2.24
1.84
1.75
1.76
1.58
1.52
1.52
1.56
1.57
1.58
1.59
1.6
1.61
1.62
1.63
1.63
1.65
1.66
1.67
1.68
1.68
1.63
1.58
1.53
1.49
1.46
1.41
1.37
1.33
1.31
1.27
1.24
1.21
1.2
1.17
1.15
1.13
1.1
1.08
1.07
1.05
1.04
1.02
1.01
1.0
0.98
0.97
0.95
0.94
0.92
0.92
0.91
0.9
0.89
0.88
0.87
0.86
0.86
0.85
0.84
0.84
0.84
0.83
0.82
0.81
0.81
0.8
0.8
0.79
0.79
0.79
0.78
0.78
0.77
0.77
0.77
0.77
0.76
0.76
0.76
0.76
0.75
0.75
0.75
0.75
0.75
2.3
2.3
2.3
2.3
2.31
2.32
2.32
2.33
2.35
