1.17
1.19
1.14
1.14
1.14
1.15
1.15
1.15
1.14
1.13
1.14
1.13
1.13
1.13
1.13
1.13
1.14
1.13
1.14
1.14
1.14
1.14
1.14
1.14
1.15
1.15
1.15
1.16
1.17
1.17
1.19
1.19
1.2
1.21
1.22
1.23
1.23
1.24
1.25
1.26
1.28
1.3
1.31
1.32
1.34
1.34
1.37
1.39
1.4
1.43
1.45
1.47
1.5
1.53
1.54
1.57
1.59
1.63
1.66
1.68
1.72
1.75
1.79
1.83
1.88
1.93
1.99
2.04
2.1
2.16
2.24
5.36
6.09
6.27
6.62
4.25
4.21
4.18
4.16
4.12
4.05
4.03
4.01
3.95
4.04
4.28
4.53
4.9
5.24
5.69
10.5
9.67
9.64
9.61
10.42
10.46
9.08
9.06
9.05
5.9
5.9
5.9
5.9
5.9
5.9
5.92
5.93
5.94
3.31
3.18
3.17
3.2
3.21
3.24
3.28
3.3
3.33
3.36
3.39
3.38
3.21
3.01
3.01
3.03
2.97
2.86
2.75
2.65
2.57
2.49
2.42
2.36
2.28
2.22
2.16
2.1
2.05
1.99
1.95
1.91
1.86
1.83
1.79
1.76
1.73
1.69
1.66
1.64
1.5
1.42
1.4
1.38
1.4
1.38
1.35
1.33
1.31
1.31
1.3
1.28
1.27
1.25
1.24
1.23
1.22
1.21
1.2
1.19
1.18
1.18
1.17
1.16
1.15
1.15
1.14
1.13
1.13
1.12
1.11
1.11
