2.01
2.03
2.05
2.08
2.11
2.14
2.14
2.14
2.15
2.12
2.11
1.96
1.94
2.03
1.9
1.84
1.68
1.61
1.56
1.5
1.46
1.41
0.96
1.04
1.0
1.07
1.09
1.11
1.12
1.15
1.15
1.18
1.18
1.19
1.21
1.22
1.23
1.25
1.29
1.32
1.32
1.3
1.33
81.83
81.83
81.83
81.83
81.83
81.83
81.83
81.83
81.83
81.83
81.83
81.83
81.83
81.83
81.83
81.83
81.83
81.83
81.83
81.83
81.83
81.83
2.43
2.42
4.49
4.44
3.79
4.07
4.39
4.37
4.36
4.34
4.35
4.33
5.51
5.52
5.57
5.57
8.16
9.94
12.76
13.77
17.25
7.76
6.7
6.44
6.45
6.45
6.46
5.96
5.13
4.97
4.97
4.99
6.41
6.43
6.45
6.47
6.5
2.33
2.2
2.1
2.0
1.9
1.82
1.75
1.68
1.62
1.55
1.5
1.46
1.42
1.37
1.32
1.29
1.24
1.22
1.19
1.15
1.12
1.09
1.06
1.04
1.03
1.0
0.98
0.96
0.95
0.94
0.92
0.91
0.89
0.87
0.86
0.86
0.85
0.84
0.83
0.82
0.81
0.8
0.79
0.78
0.77
0.77
0.76
0.8
0.81
0.85
0.88
0.91
0.96
1.0
1.05
1.09
1.14
1.21
1.27
1.35
1.43
1.54
1.65
1.8
1.97
2.18
2.43
2.74
3.16
3.73
4.54
5.77
7.66
12.7
15.25
11.4
81.83
81.83
