2.26
2.26
2.27
2.28
1.94
1.94
2.3
2.31
2.32
2.33
1.13
1.12
1.16
2.35
2.39
2.28
2.28
2.28
2.3
2.32
2.28
2.19
2.12
2.06
2.01
1.95
1.89
1.82
1.75
1.78
1.8
1.81
1.83
1.85
1.88
1.92
1.95
1.97
2.19
3.01
3.06
3.12
3.19
3.25
3.31
3.4
3.46
3.55
3.63
3.74
3.83
3.87
3.83
3.78
3.74
3.71
3.67
3.64
3.52
2.16
2.19
3.02
2.92
2.89
2.87
2.86
2.98
3.23
3.4
3.38
3.36
3.35
3.34
3.33
3.32
2.56
2.53
2.54
2.54
2.56
2.55
2.54
2.54
2.54
2.53
2.53
2.54
2.54
2.54
2.55
2.56
2.54
2.53
2.55
2.95
3.34
3.35
3.37
3.39
3.4
3.41
3.43
3.44
3.46
3.49
3.51
1.89
1.89
1.92
1.93
81.83
1.89
1.89
1.93
1.96
1.94
1.95
3.95
1.93
1.92
3.69
3.61
3.51
3.45
3.38
3.31
3.24
3.18
3.12
3.07
3.01
2.98
2.03
1.99
1.96
1.94
1.91
1.87
1.86
1.84
1.81
1.79
1.83
1.89
1.95
2.0
2.07
2.13
2.19
2.28
2.17
2.2
2.3
2.34
4.29
4.26
4.23
4.22
4.19
4.17
4.16
4.15
4.13
4.11
4.11
4.09
4.09
4.08
4.07
4.07
4.07
4.06
4.07
4.07
4.08
4.09
4.1
4.11
2.22
2.02
