0.55
0.56
0.56
0.56
0.56
0.57
0.57
0.58
0.58
0.59
0.59
0.59
0.6
0.61
0.61
0.62
0.63
0.63
0.64
0.65
0.66
0.67
0.67
0.68
0.69
0.7
0.72
0.72
0.73
0.75
0.77
0.78
0.8
0.82
0.84
0.85
0.87
0.9
1.75
1.72
1.7
1.67
1.64
1.43
1.41
1.41
1.48
1.54
1.52
1.51
1.49
1.47
1.47
1.45
1.44
1.42
1.41
1.41
1.4
1.39
1.38
1.37
1.36
1.34
1.34
1.33
1.33
1.33
1.33
1.32
1.31
1.31
1.31
1.3
1.3
1.29
1.29
1.29
1.29
1.29
1.28
1.29
1.29
1.29
1.29
1.29
1.29
1.29
1.29
1.3
1.3
1.3
1.31
1.31
1.32
1.32
1.33
1.34
1.34
1.34
1.35
1.3
1.24
1.18
1.13
1.09
1.04
1.01
0.97
0.93
0.89
0.87
0.83
0.81
0.8
0.83
0.83
0.84
0.85
0.86
0.88
0.89
0.9
0.91
0.93
0.95
0.98
0.98
1.0
1.02
1.05
1.07
1.08
1.11
1.14
1.17
1.19
1.22
1.26
1.29
1.32
1.37
1.41
1.44
1.5
1.55
1.6
1.65
1.72
1.79
1.86
1.93
1.92
1.9
1.9
1.88
1.87
1.86
1.85
1.85
1.84
1.84
1.84
1.83
1.82
1.83
1.82
1.82
1.82
1.82
1.82
1.81
1.81
1.81
1.82
1.82
1.82
1.82
1.82
1.83
