3.71
3.61
3.52
3.43
3.34
3.27
3.19
3.12
3.06
3.06
3.11
3.18
3.24
81.83
81.83
5.86
5.85
5.41
4.25
4.14
4.01
3.97
3.97
4.06
4.15
4.27
2.23
2.21
2.19
2.17
2.15
2.13
2.11
2.1
2.1
2.21
2.96
3.05
3.04
3.01
3.0
2.98
2.99
3.93
3.91
3.89
3.93
4.69
4.69
4.72
4.71
4.69
4.68
4.67
4.67
4.67
4.66
4.64
4.65
4.75
4.75
4.75
4.76
4.77
4.77
4.78
4.8
4.82
4.82
4.74
3.48
3.07
2.87
2.68
2.52
2.39
2.28
2.17
2.06
1.98
1.9
1.82
1.76
1.69
1.64
1.58
1.55
1.5
1.45
1.4
1.37
1.33
1.28
1.26
1.22
1.2
1.18
1.15
1.12
1.12
1.09
1.07
1.05
1.03
1.04
1.03
1.03
1.04
1.05
1.06
1.08
1.09
1.11
1.12
1.14
1.15
1.16
1.18
1.2
1.21
1.23
1.25
1.28
1.3
1.32
1.35
1.39
1.41
1.44
1.48
1.52
1.56
1.59
1.64
1.69
1.72
1.78
1.83
1.9
1.97
2.04
2.12
2.22
2.31
2.42
2.57
2.68
2.87
3.09
3.33
3.67
4.13
4.89
21.86
22.09
22.05
81.83
15.9
13.1
8.34
7.45
6.94
6.45
6.05
5.69
5.36
5.08
4.83
4.61
4.4
4.2
4.02
3.86
3.73
3.6
3.48
3.36
3.24
3.15
3.06
