1.66
1.63
1.61
1.59
1.57
1.56
1.54
1.52
1.5
1.48
1.46
1.45
1.44
1.42
1.42
1.42
1.41
1.4
1.38
1.37
1.36
1.35
1.34
1.34
1.33
1.32
1.32
1.31
1.31
1.3
1.3
1.3
1.29
1.28
1.28
1.28
1.27
1.27
1.27
1.27
1.28
1.28
1.28
1.28
1.3
4.19
4.23
4.28
4.34
4.34
4.34
4.5
4.57
4.15
1.68
1.66
4.88
4.86
4.77
4.69
4.62
1.06
1.05
1.05
1.07
4.0
3.99
4.02
3.42
3.38
3.34
3.3
3.22
3.17
3.14
3.11
3.09
3.11
3.22
3.34
3.5
3.66
3.83
4.02
4.24
4.48
6.1
6.07
6.04
6.03
6.01
6.0
5.98
5.97
5.96
5.95
5.93
5.92
3.46
3.44
3.43
3.42
3.4
3.48
3.7
4.0
4.33
4.75
5.32
17.6
17.6
17.66
81.83
81.83
12.86
11.96
11.91
10.5
9.89
9.34
8.89
8.49
8.08
7.72
7.43
7.09
6.84
6.59
6.37
6.3
6.31
6.38
9.14
8.88
8.65
8.65
8.77
8.86
81.83
9.04
9.03
9.38
10.49
9.21
9.2
10.48
10.32
10.15
9.99
8.86
8.85
81.83
81.83
81.83
81.83
81.83
81.83
81.83
81.83
2.58
2.56
81.83
81.83
81.83
81.83
81.83
81.83
81.83
81.83
81.83
1.6
1.59
81.83
1.77
1.72
81.83
81.83
81.83
81.83
81.83
