1.1
1.1
1.1
1.1
1.11
1.11
1.11
1.11
1.11
1.12
1.12
1.13
1.12
1.13
1.13
1.13
1.17
1.16
1.16
1.16
1.16
1.17
1.19
1.19
1.2
1.21
1.23
1.24
1.24
1.26
1.28
1.28
1.3
1.32
1.35
1.37
1.39
1.4
1.42
1.44
1.48
1.5
1.52
1.55
1.57
1.61
1.65
1.68
1.72
1.76
1.81
1.85
1.9
1.97
2.01
2.07
2.12
2.19
2.26
2.32
2.42
2.49
2.59
2.69
2.81
2.94
3.06
3.22
3.38
3.57
3.76
4.0
4.26
7.51
7.48
7.45
7.43
7.39
7.27
7.55
7.54
7.51
81.83
81.83
81.83
81.83
81.83
81.83
9.15
9.1
81.83
81.83
17.71
10.79
10.79
10.93
14.22
14.08
81.83
81.83
12.96
12.86
5.78
3.67
3.19
2.88
2.61
2.39
2.23
2.09
1.98
1.87
1.79
1.72
1.64
1.58
1.52
1.46
1.42
1.37
1.32
1.28
1.25
1.21
1.2
1.16
1.13
1.1
1.08
1.06
1.04
1.01
0.99
0.97
0.95
0.93
0.92
0.91
0.89
0.88
0.86
0.85
0.84
0.83
0.82
0.81
0.8
0.79
0.78
0.77
0.76
0.75
0.75
0.74
0.73
0.73
0.73
0.72
0.71
0.71
0.7
0.7
0.69
0.69
0.7
0.69
0.69
0.68
0.68
0.68
0.68
0.68
0.68
0.68
0.68
0.68
0.68
0.68
0.68
0.68
