0.97
0.97
0.97
0.97
0.98
0.99
0.98
0.97
0.97
0.97
0.98
0.97
0.98
0.98
0.99
1.0
0.99
0.99
1.0
1.01
1.01
1.01
1.02
1.03
1.04
1.04
1.04
1.05
1.06
1.07
1.08
1.09
1.11
1.11
1.12
1.13
1.14
1.16
1.17
1.18
1.2
1.22
1.24
1.27
1.28
1.29
1.32
1.34
1.37
1.4
1.4
1.44
1.47
1.5
1.53
1.56
1.61
1.65
1.69
1.73
1.77
1.83
1.89
1.95
2.02
2.07
2.16
2.23
2.32
2.41
2.53
2.66
2.82
3.0
3.22
3.48
3.69
4.15
8.81
8.76
8.7
8.66
8.6
8.56
8.16
8.47
8.43
5.76
5.74
5.71
5.7
5.68
5.67
5.65
5.64
5.64
5.63
5.62
5.62
5.62
5.62
5.62
5.62
5.62
5.64
5.65
5.66
5.67
5.69
5.77
4.85
4.31
3.96
3.69
3.45
3.23
3.04
2.87
2.73
2.6
2.49
2.37
2.28
2.19
2.11
2.02
1.95
1.89
1.83
1.76
1.71
1.66
1.61
1.57
1.53
1.5
1.45
1.42
1.39
1.36
1.31
1.3
1.28
1.27
1.23
1.2
1.18
1.17
1.15
1.13
1.1
1.09
1.08
1.06
1.04
1.03
1.02
1.01
1.0
0.99
0.98
0.97
0.96
0.95
0.95
0.95
0.94
0.93
0.93
0.92
0.92
0.92
0.9
0.9
0.9
0.9
0.89
0.89
0.88
0.89
