3.63
3.61
3.6
3.54
3.56
3.54
3.53
3.53
3.52
3.51
3.5
3.49
3.48
3.48
3.47
3.47
3.47
3.46
3.47
3.47
3.46
3.47
3.3
2.73
2.71
2.74
2.77
2.77
2.77
2.46
2.37
2.77
2.24
2.24
2.84
2.86
2.89
2.89
2.91
2.88
2.84
2.78
2.8
2.9
2.91
2.93
3.95
4.0
4.04
4.08
4.13
4.17
4.23
4.29
2.87
4.39
4.45
2.83
4.33
4.25
4.17
4.03
4.03
3.95
3.89
3.84
3.77
3.71
3.67
3.61
3.55
3.51
3.46
2.57
2.54
2.5
2.48
2.45
2.43
2.41
2.36
2.43
2.51
2.58
1.59
1.64
3.0
3.02
3.1
3.08
3.06
3.04
3.03
2.77
2.75
3.0
3.0
2.99
2.98
2.97
2.96
2.96
2.87
2.85
2.86
2.85
2.84
2.84
2.84
2.85
2.84
2.85
2.85
2.85
2.86
2.87
2.87
2.87
2.89
2.52
2.34
2.35
2.37
2.38
2.37
2.38
3.0
3.01
3.04
3.04
3.07
3.09
3.12
3.14
3.17
3.21
2.42
2.1
3.31
3.3
3.36
2.01
2.02
3.51
3.53
3.56
3.48
3.41
3.32
3.26
3.2
3.14
3.08
3.03
2.98
2.92
1.84
1.82
1.8
1.77
1.74
1.73
1.71
1.68
1.67
1.65
1.61
1.62
1.61
1.6
1.58
1.57
1.56
1.54
1.53
1.5
1.51
1.5
1.48
1.47
