0.87
0.87
0.87
0.87
0.88
0.88
0.89
0.89
0.9
0.91
0.92
0.92
0.93
0.94
0.94
0.95
0.96
0.97
0.97
0.99
1.0
1.01
1.02
1.02
1.03
1.05
1.06
1.08
1.1
1.12
1.12
1.13
1.16
1.17
1.2
1.22
1.24
1.27
1.29
1.32
1.35
1.38
1.4
1.43
1.46
1.51
1.55
1.59
1.64
1.68
1.74
1.8
1.85
1.91
1.99
2.06
2.13
2.23
2.2
2.19
2.17
1.73
1.72
2.12
2.13
2.12
2.11
2.1
2.07
2.07
2.37
2.61
1.08
1.05
81.83
2.81
2.81
2.81
2.81
2.81
2.81
2.8
2.81
2.81
2.82
2.82
2.83
2.83
2.83
2.83
2.85
2.85
2.86
2.87
2.88
2.9
2.91
2.93
1.32
1.32
1.37
1.69
1.58
1.52
1.5
1.49
1.48
1.46
1.46
1.43
1.42
1.44
1.66
1.48
1.47
1.68
1.66
1.65
2.67
2.62
2.56
1.62
1.59
1.47
1.46
1.43
1.43
1.41
1.41
1.41
1.38
1.36
1.36
1.41
1.44
1.47
1.51
1.54
1.59
1.62
1.67
1.72
1.76
1.82
1.66
1.66
1.69
1.77
1.81
4.23
4.2
4.18
4.16
4.14
4.12
4.1
4.07
4.06
4.05
4.04
4.03
4.02
4.0
3.99
3.68
3.68
3.99
3.98
3.98
3.98
3.98
3.96
3.91
3.99
3.99
4.0
4.01
4.02
4.03
4.04
