2.23
2.15
2.08
2.02
1.96
1.9
1.86
1.8
1.76
1.73
1.69
1.66
1.63
1.59
1.55
1.52
1.49
1.48
1.45
1.42
1.4
1.37
1.36
1.34
1.33
1.3
1.29
1.27
1.25
1.24
1.23
1.21
1.2
1.19
1.17
1.16
1.15
1.15
1.15
1.14
1.13
1.12
1.11
1.11
1.1
1.09
1.09
1.08
1.08
1.07
1.07
1.06
1.07
1.06
1.06
1.06
1.05
1.06
1.18
4.16
4.12
4.08
4.05
4.02
3.98
3.96
3.93
3.9
3.87
3.87
4.02
4.26
4.53
4.82
5.17
5.57
6.03
6.61
7.27
8.14
9.16
10.53
15.23
15.35
81.83
81.83
81.83
13.78
81.83
81.83
81.83
81.83
81.83
81.83
7.63
6.67
5.95
5.32
4.85
4.43
4.09
3.8
3.74
3.76
3.79
3.82
4.07
2.72
2.57
2.47
2.36
2.27
2.18
2.1
2.04
1.96
1.9
1.84
1.79
1.74
1.7
1.66
1.61
1.57
1.54
1.49
1.45
1.41
1.39
1.36
1.33
1.3
1.28
1.25
1.24
1.21
1.2
1.18
1.16
1.14
1.12
1.11
1.1
1.09
1.07
1.06
1.04
1.05
1.02
1.04
1.02
1.01
1.01
0.98
0.99
0.99
0.98
0.97
0.97
0.96
0.96
0.95
0.95
0.96
0.95
0.95
0.95
0.94
0.93
0.96
0.95
0.93
0.9
0.93
0.92
0.92
0.92
0.92
0.93
0.93
