2.19
2.17
2.17
2.17
2.16
2.15
2.15
2.15
2.14
2.14
2.14
2.15
2.15
2.14
2.14
2.14
2.16
2.16
2.17
2.18
2.18
2.18
2.19
2.19
2.2
2.2
2.21
2.23
2.24
2.26
2.27
2.29
2.31
2.33
2.35
2.37
2.34
2.27
2.24
2.68
2.73
2.75
2.78
6.8
9.06
9.11
81.83
81.83
12.69
12.88
16.15
81.83
16.38
16.52
81.83
16.03
81.83
8.59
7.49
7.15
6.85
5.91
6.36
6.38
6.42
7.22
6.52
6.44
7.35
7.39
7.44
7.51
7.56
7.61
7.68
7.75
7.82
7.89
7.96
7.93
7.89
5.54
5.52
4.2
4.05
4.01
3.97
3.93
3.89
3.86
3.82
3.79
3.76
3.73
3.71
3.69
3.66
3.64
3.62
3.6
3.59
3.56
3.56
3.55
3.53
3.52
3.51
3.5
3.49
3.48
3.47
3.47
3.47
3.47
3.48
3.47
3.47
3.48
3.5
3.51
3.52
3.53
3.55
3.55
3.56
3.58
3.61
3.62
3.64
3.65
3.68
3.71
3.73
3.76
3.79
3.83
3.87
3.9
3.95
3.98
4.03
4.07
4.13
1.5
1.45
1.45
1.43
1.42
1.4
1.37
1.35
1.32
1.62
1.5
1.45
1.73
1.83
1.88
1.82
2.02
2.08
2.08
2.05
2.04
2.03
2.01
1.99
1.98
1.96
1.95
1.94
1.93
1.92
1.91
1.91
1.89
1.88
1.86
2.02
2.2
