1.39
1.39
1.4
1.4
1.41
1.41
1.42
1.43
1.44
1.45
1.46
1.47
1.47
1.48
1.49
1.5
1.5
1.52
1.53
1.55
1.56
1.58
1.6
1.62
1.63
1.65
1.67
1.69
1.72
1.74
1.76
1.79
1.82
1.84
1.88
1.89
1.93
1.96
2.0
2.04
2.08
2.12
2.16
2.21
2.27
2.33
2.38
2.44
2.51
2.57
2.63
3.89
3.85
3.81
3.78
3.75
3.73
3.71
3.69
3.66
3.65
3.63
3.61
3.59
3.58
3.58
3.56
3.55
0.75
0.74
0.74
0.72
0.72
0.71
0.71
0.7
0.71
0.73
0.73
0.73
0.73
0.73
0.74
0.73
0.73
0.73
0.73
0.74
0.73
0.72
0.72
0.71
0.7
0.69
0.7
0.71
0.72
1.53
1.54
1.54
1.55
1.55
1.56
1.57
1.59
1.59
1.6
1.62
1.64
1.65
1.65
1.68
1.68
1.7
1.72
1.74
1.76
1.78
1.81
1.83
1.85
1.88
1.91
1.95
1.98
2.01
2.04
2.09
2.12
2.17
2.22
2.25
2.32
2.37
2.43
2.36
2.54
2.61
2.6
2.57
2.54
2.51
2.47
1.87
1.85
1.83
1.82
1.8
1.79
1.77
1.76
1.75
1.75
1.74
1.74
1.73
1.72
1.77
1.92
2.12
1.21
0.93
0.9
0.95
2.19
2.19
2.19
2.18
2.17
2.17
2.17
2.18
2.17
2.18
2.18
2.18
2.18
2.19
2.19
2.19
