1.09
1.09
1.15
1.49
1.51
1.54
1.56
1.59
1.62
1.63
1.66
1.7
1.72
1.75
1.79
1.83
1.87
1.9
1.94
1.95
1.92
1.89
1.87
1.85
1.83
1.81
1.8
2.45
2.52
2.61
2.71
2.75
2.74
2.71
2.69
2.67
2.66
3.51
3.49
3.47
3.45
3.49
3.48
3.46
3.45
3.44
3.43
3.42
3.41
3.4
3.4
3.39
3.39
3.38
3.35
3.45
3.46
3.46
3.45
3.46
3.46
3.46
3.46
3.48
3.49
3.5
3.51
3.52
3.54
3.55
3.45
3.5
3.52
3.54
2.09
1.98
1.9
1.81
1.75
1.67
1.61
1.55
1.5
1.45
1.41
1.37
1.31
1.28
1.24
1.2
1.18
1.15
1.12
1.09
1.06
1.04
1.02
1.01
0.98
0.97
0.95
0.93
0.91
0.89
0.88
0.86
0.85
0.83
0.82
0.82
0.81
0.79
0.78
0.77
0.76
0.75
0.74
0.73
0.73
0.72
0.72
0.71
0.71
0.7
0.7
0.69
0.68
0.68
0.68
0.68
0.67
0.67
0.67
0.66
0.66
0.66
0.67
0.66
0.66
0.66
0.66
0.67
0.66
0.67
0.67
0.67
0.67
0.67
0.67
0.66
0.67
0.66
0.66
0.67
0.67
0.67
0.66
0.67
0.67
0.67
0.68
0.68
0.69
0.69
0.7
0.7
0.71
0.71
0.72
0.72
0.72
0.73
0.74
0.74
0.75
0.76
0.77
0.78
0.8
0.8
