1.1
1.11
3.43
3.44
3.47
3.52
3.54
3.58
3.61
3.65
3.68
3.73
3.76
3.82
3.88
3.92
3.98
4.04
4.12
4.15
4.22
4.29
4.36
4.44
4.52
4.61
4.69
4.79
4.89
5.02
5.1
5.22
5.35
5.48
5.62
5.78
5.94
6.11
6.27
6.46
6.66
6.9
8.31
8.14
8.07
8.04
8.33
8.69
9.12
9.56
2.13
2.1
2.09
2.1
2.09
2.1
2.09
2.1
2.11
2.71
2.7
2.69
2.69
2.68
2.68
2.64
2.65
2.66
2.77
2.77
2.77
2.77
2.78
2.78
2.79
2.8
2.8
2.81
2.82
2.82
2.84
2.85
2.87
2.88
2.9
2.9
2.91
2.93
2.95
2.98
3.0
3.02
3.03
3.05
3.08
3.12
3.14
3.16
3.2
3.23
3.26
3.27
3.21
3.23
3.29
3.33
3.38
3.42
3.47
3.53
3.59
3.63
3.69
3.76
3.82
3.89
3.96
4.03
4.12
4.21
4.29
4.38
4.49
4.6
4.72
4.84
4.96
5.1
5.26
0.87
0.87
0.84
0.86
0.86
0.84
0.84
0.83
0.82
0.81
0.8
0.81
0.8
0.8
0.79
0.79
0.84
0.82
0.82
0.82
0.81
0.8
0.81
0.81
0.82
0.83
0.83
0.82
0.82
0.82
0.83
0.82
0.82
0.82
0.83
0.83
0.82
0.81
0.8
0.81
0.81
0.82
0.83
0.84
0.85
0.85
0.86
0.86
0.87
0.87
0.86
