2.59
2.52
2.46
2.4
2.34
2.29
2.24
2.19
2.14
2.1
2.06
2.02
1.98
1.95
1.92
1.88
1.85
1.83
1.8
1.78
1.76
1.73
1.71
1.69
1.67
1.64
1.63
1.61
1.59
1.57
1.55
1.54
1.53
1.52
1.52
1.51
1.49
1.48
1.47
1.46
1.45
1.44
1.43
1.43
1.42
1.41
1.4
1.4
1.39
1.39
1.39
1.38
1.38
1.38
1.38
1.37
1.39
1.38
1.39
1.39
1.39
1.39
1.39
1.39
1.39
1.39
1.38
1.39
1.39
1.39
1.4
1.4
1.4
1.41
1.42
1.43
1.44
1.44
1.46
1.46
1.48
1.49
1.5
1.51
1.53
1.54
1.55
1.56
1.58
1.59
1.61
1.64
1.65
1.67
1.69
1.72
1.72
1.75
1.78
1.8
1.83
1.86
1.89
1.93
1.96
1.99
2.04
5.0
5.03
3.8
3.78
4.69
4.8
4.63
4.55
4.52
4.6
4.64
81.83
3.8
3.8
4.04
4.04
81.83
81.83
81.83
13.55
13.82
14.02
13.91
6.41
6.21
6.19
6.1
6.08
6.14
13.53
13.42
13.44
11.93
81.83
5.3
5.3
5.37
81.83
81.83
4.54
4.53
4.69
4.48
4.47
81.83
81.83
81.83
81.83
81.83
81.83
81.83
81.83
81.83
81.83
81.83
81.83
81.83
81.83
81.83
3.35
81.83
81.83
81.83
3.16
3.14
81.83
81.83
81.83
2.97
2.98
3.01
3.04
3.07
