0.53
0.54
0.54
0.54
0.54
0.54
0.54
0.54
0.55
0.55
0.55
0.55
0.55
0.55
0.55
0.55
0.55
0.56
0.56
0.56
0.57
0.57
0.57
0.58
0.57
0.58
0.59
0.59
0.59
0.59
0.6
0.61
0.61
0.62
0.62
0.63
0.64
0.66
0.67
0.67
0.68
0.7
0.7
0.71
0.73
0.81
3.08
3.05
2.64
3.34
3.73
3.74
3.75
2.48
3.51
3.66
3.58
3.45
3.33
3.24
3.25
3.28
2.07
3.34
81.83
81.83
81.83
3.11
2.52
2.56
2.77
2.8
81.83
6.39
12.72
9.71
12.61
8.45
5.39
5.07
5.04
5.02
5.01
4.93
4.97
5.05
81.83
5.78
81.83
8.18
11.3
4.27
8.81
4.14
4.24
81.83
81.83
81.83
81.83
81.83
81.83
3.49
3.6
81.83
3.76
81.83
81.83
3.58
81.83
81.83
81.83
81.83
3.34
81.83
81.83
3.22
3.19
3.17
3.16
3.11
3.11
3.07
3.05
2.98
3.0
2.98
2.95
2.95
2.92
2.89
2.88
2.87
2.84
2.83
2.82
2.8
2.79
2.78
2.77
2.75
2.74
2.73
2.73
2.72
2.71
2.73
81.83
81.83
81.83
3.06
3.15
81.83
3.14
3.06
3.04
3.02
2.98
3.28
3.26
3.24
3.21
3.19
3.18
3.16
3.15
3.13
3.33
3.41
3.41
3.4
3.39
3.39
3.2
6.13
6.11
6.09
5.52
4.11
4.08
6.06
