1.5
1.5
1.5
1.5
1.5
1.51
1.51
1.52
1.52
1.53
1.53
1.53
1.55
1.55
1.56
1.57
1.57
1.58
1.59
1.6
1.61
1.61
1.62
1.63
1.65
1.66
1.68
1.69
1.71
1.72
1.74
1.75
1.79
1.81
1.83
1.86
1.88
1.9
1.93
1.96
1.75
1.7
1.67
1.63
1.59
1.58
1.56
1.53
1.5
1.48
1.47
1.45
1.43
1.4
1.38
1.36
1.34
1.33
1.31
1.29
1.28
1.27
1.25
1.24
1.24
1.22
1.21
1.21
1.21
1.23
1.36
1.44
1.51
1.55
1.52
1.51
1.5
1.5
1.5
1.49
1.48
1.49
1.5
1.58
1.48
1.47
1.43
1.4
1.22
1.2
1.19
1.17
1.16
1.14
1.13
1.11
1.1
1.08
1.07
1.06
1.05
1.05
1.04
1.03
1.02
1.01
1.01
1.0
0.98
0.98
0.97
0.96
0.96
0.95
0.95
0.95
0.94
0.94
0.93
0.93
0.92
0.92
0.91
0.92
0.91
0.92
0.92
0.92
0.92
0.92
0.92
0.92
0.92
0.92
0.93
0.92
0.93
0.93
0.94
0.94
0.95
0.95
0.95
0.96
0.97
0.97
0.98
0.98
0.99
1.0
1.01
1.01
1.01
1.02
1.03
1.04
1.05
1.06
1.09
1.34
1.36
1.79
1.8
1.82
1.84
1.86
1.88
1.85
1.81
1.79
1.51
1.51
1.72
1.14
0.69
0.68
0.97
1.61
1.59
1.58
