6.03
6.05
6.07
6.1
6.12
6.16
6.17
5.7
5.6
5.64
6.33
6.35
6.4
5.37
5.35
6.55
5.3
6.66
6.71
6.79
6.63
4.95
4.82
4.72
4.6
4.48
4.4
4.44
4.42
4.33
4.25
4.24
4.28
4.35
4.42
4.49
4.62
4.55
4.48
4.4
4.34
4.27
4.21
4.15
4.1
4.05
4.01
3.95
3.91
3.87
3.82
3.79
3.75
3.71
3.49
3.52
3.67
3.82
3.79
3.77
3.75
3.73
3.7
3.71
81.83
81.83
81.83
81.83
81.83
81.83
81.83
81.83
81.83
81.83
81.83
81.83
81.83
81.83
5.19
5.12
81.83
81.83
81.83
5.96
10.95
7.02
6.88
6.81
6.8
6.93
6.94
14.34
10.1
8.45
81.83
81.83
81.83
81.83
8.98
81.83
81.83
81.83
81.83
5.28
81.83
11.79
5.59
5.6
5.61
5.62
5.21
2.52
2.36
2.22
2.11
1.99
1.88
1.79
1.73
1.67
1.6
1.55
1.49
1.44
1.4
1.36
1.32
1.28
1.25
1.22
1.2
1.17
1.14
1.11
1.09
1.07
1.05
1.03
1.02
1.0
0.99
0.97
0.95
0.93
0.92
0.91
0.9
0.88
0.87
0.86
0.85
0.84
0.83
0.82
0.81
0.8
0.8
0.79
0.78
0.77
0.76
0.76
0.76
0.75
0.75
0.76
0.75
0.75
0.74
0.74
0.74
0.73
0.73
0.72
0.72
0.72
0.72
0.72
0.72
0.72
