81.83
81.83
2.88
81.83
81.83
81.83
81.83
3.77
81.83
81.83
3.68
3.71
3.68
3.64
3.66
81.83
81.83
81.83
4.58
5.87
5.49
5.45
5.45
5.6
5.62
81.83
8.55
81.83
81.83
81.83
81.83
7.78
81.83
81.83
81.83
81.83
81.83
11.18
11.58
11.45
15.13
14.7
81.83
6.47
4.3
5.25
4.87
4.68
4.71
4.74
4.82
5.48
4.42
4.43
5.53
5.55
5.56
5.59
5.61
5.63
5.66
5.68
5.72
5.74
5.78
5.82
5.86
5.9
5.95
5.98
6.03
6.01
3.62
2.14
2.09
2.06
2.04
2.01
1.98
1.96
1.94
1.92
1.9
1.88
1.87
1.84
1.83
1.81
1.8
1.79
1.77
1.77
1.76
1.75
1.73
1.73
1.72
1.71
1.71
1.7
1.69
1.67
1.68
1.67
1.67
1.66
1.66
1.66
1.66
1.67
1.67
1.67
1.66
1.66
1.65
1.66
1.67
1.67
1.67
1.68
1.69
1.69
1.71
1.71
1.72
1.73
1.74
1.75
1.76
1.77
1.78
1.79
1.8
1.82
1.83
1.86
1.86
1.87
1.9
1.92
1.94
1.96
1.99
2.02
2.04
2.06
2.09
2.13
2.15
2.18
2.22
2.26
2.29
2.33
2.38
2.44
2.48
2.53
2.58
2.65
2.71
2.78
2.86
2.94
3.03
3.11
3.22
3.33
3.44
3.58
3.73
3.92
4.12
4.35
4.64
4.99
5.37
5.97
15.95
15.93
