1.45
1.45
1.45
1.44
1.45
1.46
1.46
1.46
1.46
1.47
1.48
1.48
1.48
1.49
1.5
1.51
1.52
1.53
1.54
1.54
1.55
1.56
1.57
1.57
1.6
1.61
1.63
1.63
1.65
1.66
1.68
1.71
1.72
1.74
1.76
1.78
1.8
1.84
1.87
1.88
1.92
1.94
1.98
2.01
2.05
2.09
2.12
2.17
2.17
2.16
2.13
2.14
2.18
2.28
2.33
2.4
2.46
2.53
2.6
2.67
2.76
2.84
2.94
3.03
3.15
3.27
3.39
3.54
3.7
3.89
4.09
4.31
4.55
4.84
5.16
5.51
5.48
5.46
5.46
7.73
8.55
9.68
10.44
10.43
81.83
16.89
18.15
18.1
20.54
12.54
6.43
6.43
6.43
6.45
6.45
6.46
6.47
6.49
6.5
4.95
4.49
4.15
3.84
3.57
3.35
3.15
2.96
2.82
2.68
2.55
2.43
2.33
2.23
2.14
2.07
1.99
1.92
1.85
1.82
1.74
1.7
1.64
1.59
1.54
1.51
1.46
1.43
1.39
1.36
1.34
1.32
1.29
1.26
1.24
1.21
1.19
1.17
1.15
1.15
1.13
1.11
1.1
1.1
1.1
1.15
1.19
1.22
1.27
1.29
1.38
1.46
1.51
1.57
1.6
1.67
1.74
1.8
3.77
3.75
3.72
3.7
3.67
3.66
3.64
3.62
3.61
3.6
3.58
3.57
3.55
3.54
3.53
3.53
3.52
3.51
3.51
3.5
3.5
3.5
3.5
