0.51
0.52
0.51
0.52
0.51
0.51
0.52
0.54
0.54
0.54
0.55
0.56
0.55
0.58
0.58
0.6
0.62
0.63
0.64
0.64
0.66
0.57
0.55
0.52
0.54
0.54
0.54
0.55
0.55
0.56
0.56
0.57
0.56
0.57
0.57
0.58
0.58
0.58
0.59
0.6
0.6
0.61
0.61
0.63
0.64
0.65
0.66
0.67
0.68
0.69
0.7
0.71
0.73
0.75
0.76
0.76
0.78
0.9
0.91
0.91
0.93
0.94
0.99
1.06
1.9
1.97
2.01
2.08
2.13
2.21
2.28
2.36
2.44
2.54
6.53
6.81
6.87
6.82
6.79
6.75
6.7
6.69
6.65
6.62
5.18
5.18
5.44
6.01
6.65
9.15
9.12
13.07
13.51
13.63
12.4
12.42
12.45
9.06
9.05
9.07
6.51
5.74
6.01
5.05
6.29
2.81
1.64
1.49
1.38
1.27
1.19
1.11
1.04
0.97
0.92
0.88
0.88
0.89
0.9
0.89
0.82
0.8
0.8
0.76
0.75
0.76
0.76
0.81
0.82
0.82
0.8
0.78
0.76
0.75
0.72
0.7
0.69
0.68
0.68
0.67
0.66
0.65
0.63
0.62
0.61
0.6
0.59
0.59
0.58
0.56
0.56
0.55
0.55
0.54
0.53
0.52
0.52
0.51
0.51
0.5
0.49
0.49
0.49
0.49
0.48
0.48
0.48
0.48
0.48
0.47
0.47
0.47
0.47
0.46
0.46
0.46
0.46
0.46
0.46
0.46
