1.93
1.91
1.91
1.95
2.02
2.07
2.15
2.23
2.32
2.41
2.44
2.25
2.24
2.33
2.42
2.43
2.47
2.6
2.76
2.94
3.13
3.37
3.66
3.98
4.36
5.97
5.98
6.62
7.69
9.35
12.0
11.98
11.98
11.99
21.49
23.72
23.71
24.06
12.06
11.06
10.35
9.83
9.39
1.23
1.2
1.2
1.45
1.48
1.5
1.51
1.51
1.51
1.53
1.51
1.49
1.46
1.43
1.46
1.5
1.53
1.77
1.64
1.98
1.75
1.73
1.75
1.75
1.53
1.52
1.96
1.73
1.7
1.68
1.67
1.73
1.78
1.88
2.15
2.07
2.08
2.03
2.05
2.58
3.47
3.43
3.36
3.31
1.88
1.86
3.2
3.16
3.13
3.1
3.06
3.03
3.0
2.98
2.95
2.93
2.9
2.89
2.88
2.86
2.83
2.82
2.79
2.77
2.76
1.98
1.98
1.97
1.96
1.94
1.93
1.92
1.91
1.91
1.91
1.92
1.91
1.91
1.9
1.89
1.91
1.9
1.9
1.91
1.91
1.91
1.91
1.9
1.9
1.97
2.7
2.71
2.71
2.71
2.73
2.74
2.76
2.78
2.78
2.2
2.18
2.18
1.93
1.92
2.32
2.32
2.34
2.72
2.74
2.78
2.8
2.82
2.81
3.14
3.18
3.23
3.26
3.3
3.3
3.24
3.16
3.1
3.03
2.98
2.92
2.87
2.82
2.76
2.72
2.68
2.65
2.61
2.57
2.53
2.51
2.49
1.63
