0.7
0.71
0.72
0.72
0.73
0.73
0.74
0.74
0.74
0.75
0.76
0.77
0.77
0.78
0.79
0.79
0.8
0.82
0.81
0.84
0.84
0.86
0.86
0.89
0.91
0.92
0.93
0.95
0.97
1.0
1.03
1.05
1.07
1.11
1.15
1.18
1.21
1.25
1.29
1.34
1.37
1.43
1.48
2.98
2.95
2.94
2.92
2.68
2.67
2.64
2.63
2.61
2.61
2.67
2.84
3.05
3.29
3.59
3.93
4.34
4.94
5.59
6.53
8.58
8.57
8.56
8.57
8.56
8.58
18.07
20.3
20.3
20.66
20.68
9.52
8.54
7.97
7.5
7.13
6.81
6.53
6.3
6.08
5.88
5.33
5.36
4.07
3.99
3.91
3.83
3.77
3.71
3.65
3.58
3.54
3.48
3.42
3.37
3.32
3.28
3.24
3.19
3.16
3.13
3.09
3.09
3.1
3.1
3.19
3.3
3.42
3.54
3.65
3.62
3.6
3.57
3.56
3.53
3.51
3.5
3.47
3.46
3.45
3.44
3.43
3.43
3.41
3.41
3.4
3.4
3.4
3.4
3.4
3.4
3.4
3.4
3.4
3.41
3.41
3.4
3.44
3.44
3.45
3.46
3.47
3.49
3.5
3.53
3.54
3.56
3.59
3.6
10.42
12.51
17.89
81.83
81.83
81.83
16.37
81.83
81.83
81.83
81.83
10.06
8.64
7.55
6.65
6.4
6.41
5.09
4.72
4.39
4.1
3.84
3.62
3.43
3.27
3.12
2.97
2.85
