4.84
4.85
4.86
4.86
4.88
4.89
4.81
3.53
3.14
2.9
2.69
2.52
2.37
2.23
2.12
2.0
1.92
1.83
1.77
1.69
1.64
1.57
1.53
1.48
1.43
1.38
1.35
1.31
1.27
1.24
1.21
1.19
1.15
1.11
1.09
1.07
1.05
1.06
1.05
1.06
1.07
1.07
1.08
1.09
1.11
1.12
1.14
1.14
1.16
1.16
1.17
1.19
1.21
1.23
1.25
1.27
1.28
1.29
1.32
1.34
1.37
1.39
1.41
1.44
1.47
1.51
1.55
1.58
1.62
1.66
1.7
1.76
1.79
1.86
1.92
1.97
2.04
2.12
2.2
2.3
2.4
2.53
2.62
2.77
2.96
3.15
3.41
3.71
4.14
4.81
18.54
21.57
22.01
21.99
15.84
15.85
8.3
8.29
7.1
6.56
6.12
5.74
5.39
5.1
4.84
4.58
4.37
4.17
4.0
3.83
3.69
3.56
3.43
3.31
3.2
3.1
3.01
2.86
2.85
2.86
2.87
2.94
5.84
5.91
5.99
6.07
6.14
6.24
5.32
6.43
6.53
2.11
2.1
2.04
2.01
1.97
1.94
1.93
1.93
1.96
2.02
2.07
2.12
2.18
2.24
2.32
2.38
2.46
2.53
2.61
2.7
2.79
2.9
3.02
3.14
3.28
3.41
3.59
3.82
4.02
4.27
4.54
4.84
5.0
4.98
4.97
4.96
4.94
4.93
4.92
4.91
4.9
4.89
4.89
4.89
4.89
4.89
4.89
4.89
4.89
