1.21
1.12
1.12
1.2
1.25
1.26
1.27
1.29
1.29
1.31
1.33
1.34
1.36
1.31
0.75
0.75
0.8
1.43
1.45
1.47
1.49
1.52
1.55
1.57
1.59
1.62
1.66
1.68
1.72
1.75
1.6
1.57
1.56
1.53
1.53
1.5
1.49
1.46
1.44
1.44
1.43
1.42
1.36
1.46
1.5
1.56
1.63
1.7
1.78
1.85
1.93
1.92
1.92
1.91
1.88
1.88
1.88
1.02
0.99
1.0
1.85
1.84
1.23
0.9
0.87
0.87
0.87
1.0
0.98
0.99
0.98
0.99
1.0
1.03
1.07
1.17
1.47
1.85
1.85
1.85
1.87
1.87
1.87
1.89
1.02
0.99
0.99
1.92
1.94
1.95
1.96
1.97
1.93
1.85
1.79
1.72
1.66
1.6
1.55
1.5
1.46
1.41
1.38
1.33
1.31
1.27
0.8
0.78
0.78
0.8
0.82
0.82
0.84
0.86
0.88
0.9
0.92
0.92
0.93
0.97
0.98
1.01
1.02
1.03
1.02
1.01
1.01
1.05
1.08
1.11
1.14
1.18
1.44
2.67
10.64
10.54
9.71
9.64
9.63
8.83
10.27
10.01
10.07
10.13
10.04
10.0
9.96
9.93
9.3
9.28
8.79
8.8
7.39
7.01
7.0
5.28
5.27
5.26
5.26
4.9
2.45
2.41
2.4
2.41
2.45
4.74
2.56
2.52
2.51
2.51
2.54
2.54
2.53
4.59
4.57
4.57
4.54
4.53
4.51
4.49
