3.15
3.03
2.93
2.84
2.75
2.67
2.58
2.52
2.45
2.39
2.32
2.27
2.21
2.16
2.12
2.07
2.02
1.99
1.95
1.9
1.88
1.85
1.82
1.79
1.76
1.74
1.71
1.69
1.67
1.65
1.67
1.71
1.75
1.8
1.85
1.91
3.67
3.65
3.62
3.59
3.56
3.53
3.5
3.48
3.46
3.45
3.42
3.4
3.38
3.36
3.34
3.34
3.33
3.32
3.3
3.29
3.28
3.27
3.26
3.26
3.25
3.24
3.24
3.24
3.25
3.25
3.25
3.24
3.24
3.25
3.36
3.64
3.98
4.4
5.1
81.83
81.83
81.83
11.03
10.98
9.69
9.1
8.6
8.14
7.74
7.37
7.05
6.75
6.46
6.21
5.97
5.76
5.58
5.6
8.32
8.38
8.48
4.75
4.66
4.54
4.57
4.63
4.69
4.76
4.83
4.89
4.97
5.05
5.13
5.21
5.29
5.39
5.48
5.58
5.68
5.8
5.93
6.06
6.19
6.33
2.62
2.57
2.57
2.55
2.52
2.47
2.96
3.05
3.16
3.27
3.38
3.53
3.68
3.69
3.68
3.65
3.61
3.61
3.58
3.56
3.54
3.53
3.53
3.51
3.5
3.84
5.88
5.86
5.86
4.77
4.77
5.84
4.56
4.51
4.57
5.8
5.8
5.8
5.8
5.77
5.19
5.17
5.2
5.21
5.86
5.43
5.25
5.3
5.31
5.31
6.01
6.04
6.06
6.1
6.13
2.43
2.35
2.27
1.79
1.72
