3.54
3.58
3.55
3.52
3.5
3.47
3.44
3.44
3.42
3.4
3.38
3.36
3.11
3.31
3.31
3.3
3.28
3.27
3.26
3.25
3.23
3.22
1.87
1.72
1.59
1.49
1.5
1.51
1.52
1.53
1.54
1.55
1.56
1.57
1.58
1.59
1.61
1.62
1.63
1.64
1.78
1.88
1.9
1.93
1.95
1.96
1.91
1.86
1.34
1.34
1.36
1.38
1.4
1.43
1.45
1.48
1.5
1.52
1.51
1.48
1.46
1.44
1.42
1.4
1.38
1.36
1.34
1.32
1.31
0.94
0.92
0.92
0.97
0.99
1.04
1.07
1.11
1.15
1.19
3.23
3.2
3.18
3.16
2.82
2.86
3.03
3.09
3.08
3.06
3.05
3.04
3.03
3.02
3.01
3.0
2.99
2.99
2.98
2.98
2.98
2.98
2.98
2.98
2.69
2.98
2.98
2.98
2.98
2.99
3.0
3.0
3.01
3.02
3.04
3.05
3.07
3.09
3.11
3.03
2.85
2.83
2.69
2.58
2.47
2.38
2.28
2.19
2.08
2.09
2.09
2.1
2.03
1.98
1.92
1.86
1.82
1.78
1.72
1.7
1.66
1.62
1.58
1.54
1.52
1.49
1.3
1.27
1.28
1.25
1.25
1.23
1.21
1.19
1.18
1.16
1.15
1.13
1.13
1.11
1.1
1.08
1.07
1.06
1.08
1.09
1.14
1.19
1.19
1.18
1.2
1.25
1.31
1.36
1.43
1.49
1.57
1.66
1.76
1.88
2.07
