1.19
1.2
1.22
1.23
1.26
1.29
1.32
1.33
1.36
1.39
1.42
1.45
1.48
1.51
1.55
1.6
1.64
1.69
1.73
1.79
1.84
1.9
1.93
1.92
1.9
1.89
1.87
1.86
1.84
1.84
1.83
1.82
1.81
1.8
1.8
1.79
1.78
1.77
1.77
1.77
1.77
1.76
1.75
1.75
1.75
1.74
1.75
1.74
1.75
1.74
1.74
1.74
1.75
1.75
1.75
1.76
1.76
1.77
1.77
1.77
1.78
1.78
1.79
1.8
1.81
1.82
1.83
1.84
1.85
1.85
1.87
1.89
1.91
1.92
1.93
1.95
1.97
1.99
2.01
2.03
2.05
2.07
2.08
2.05
5.97
6.05
6.13
6.22
6.3
6.4
6.49
6.6
6.71
6.81
6.93
7.06
2.84
2.77
2.66
2.62
2.6
2.57
2.54
2.51
2.49
2.46
2.45
2.43
2.41
2.4
2.37
2.35
2.33
2.31
2.31
2.29
2.28
2.28
2.41
2.39
2.38
2.37
2.36
2.35
2.34
2.33
2.32
2.32
2.31
2.3
2.29
2.29
2.29
2.29
2.28
2.28
2.02
2.03
2.03
2.03
2.03
2.03
2.04
2.04
2.05
2.05
2.05
2.06
2.06
2.07
2.07
2.08
2.09
2.1
2.11
2.12
2.13
2.15
1.18
1.14
1.11
1.08
1.06
1.02
0.99
0.97
0.95
0.92
0.91
0.89
0.87
0.85
0.83
0.82
0.81
0.79
0.77
0.76
0.75
0.75
