1.21
1.21
1.2
1.2
1.19
1.18
1.18
1.18
1.19
1.2
1.2
1.21
1.22
1.24
1.25
1.25
1.25
1.26
1.27
1.27
1.29
1.29
1.29
1.29
1.31
1.31
1.34
1.34
1.35
1.35
1.36
1.4
1.4
1.41
1.42
1.45
1.45
1.46
2.42
2.02
1.96
1.97
1.98
2.0
2.01
2.02
2.03
2.34
2.35
2.36
2.38
2.4
2.4
2.42
2.77
2.8
2.82
2.84
2.83
2.73
2.65
2.62
4.59
4.56
4.67
4.79
6.35
6.32
6.39
6.28
6.17
5.41
5.3
5.33
5.41
5.32
5.27
5.28
5.3
5.35
7.31
7.49
6.3
6.28
7.59
6.22
6.13
6.84
6.98
6.19
6.12
6.03
5.67
5.61
5.58
5.62
5.77
5.92
81.83
3.75
3.74
3.71
3.7
3.68
3.65
3.65
3.58
3.56
3.53
3.47
3.59
3.84
4.14
4.51
4.96
5.49
6.16
7.0
8.06
9.76
12.08
15.32
15.3
15.29
15.29
15.31
15.31
10.91
10.83
10.96
11.07
11.14
9.94
7.74
6.99
6.38
5.89
5.45
5.07
4.73
4.45
4.2
3.97
3.77
3.58
3.43
3.28
3.16
3.03
2.91
2.82
2.72
2.63
2.56
2.48
2.41
2.34
2.28
2.22
2.17
2.12
2.06
2.01
1.99
1.94
1.9
1.86
1.83
1.79
1.77
1.74
1.69
1.74
1.78
1.82
1.85
3.18
3.25
3.33
3.41
