0.8
0.79
0.79
0.79
0.81
0.79
0.79
0.8
0.8
0.8
0.79
0.79
0.78
0.79
0.78
0.79
0.79
0.8
0.79
0.79
0.8
0.8
0.8
0.81
0.81
0.82
0.82
0.82
0.83
0.83
0.84
0.85
0.85
0.86
0.87
0.88
0.89
0.9
0.91
0.92
0.93
0.95
0.96
0.97
0.98
0.99
1.01
1.03
1.04
1.06
1.07
1.09
1.1
1.12
1.14
1.16
1.2
1.21
1.24
1.27
1.3
1.33
1.37
1.39
1.44
1.47
1.51
1.58
1.62
1.67
1.74
1.8
1.87
1.95
2.02
2.15
2.3
2.45
2.67
2.94
3.29
3.78
6.82
6.83
6.01
6.49
6.89
6.93
11.96
11.94
11.92
11.9
11.88
11.89
11.88
12.77
15.43
15.21
16.44
15.72
11.21
9.54
9.55
7.46
2.15
1.97
1.97
1.96
1.98
1.99
1.93
1.94
1.94
1.31
1.01
0.99
0.95
0.89
0.87
0.83
0.79
0.76
0.73
0.7
0.68
0.67
0.64
0.63
0.61
0.59
0.58
0.56
0.54
0.54
0.53
0.52
0.51
0.49
0.48
0.48
0.46
0.46
0.45
0.44
0.44
0.44
0.43
0.43
0.43
0.42
0.41
0.41
0.41
0.4
0.4
0.4
0.39
0.39
0.38
0.38
0.38
0.38
0.37
0.36
0.37
0.36
0.36
0.36
0.36
0.36
0.35
0.36
0.37
0.36
0.36
0.36
0.36
0.36
0.36
0.35
