0.88
0.89
0.89
0.89
0.9
0.9
0.91
0.91
0.92
0.93
0.92
0.92
0.94
0.94
0.96
0.96
0.97
0.97
1.05
1.06
1.07
1.07
1.08
1.08
1.09
1.09
1.09
1.1
1.11
1.11
1.12
1.13
1.14
1.15
1.16
1.17
1.13
1.12
1.16
1.16
1.18
1.19
1.21
1.23
1.24
1.26
1.28
1.3
1.32
1.34
1.36
1.38
1.41
1.43
1.46
1.49
1.52
1.55
1.59
11.31
11.18
5.54
9.9
6.64
8.92
8.99
6.41
6.21
6.12
6.18
6.18
6.16
6.5
9.92
12.97
11.42
12.94
13.35
4.09
4.09
81.83
81.83
81.83
81.83
4.27
4.24
4.21
3.76
4.25
4.49
4.74
4.84
4.79
4.75
2.06
1.91
1.8
1.7
1.61
1.53
1.46
1.4
1.33
1.29
1.23
1.17
1.13
1.08
1.06
1.02
0.98
0.95
0.93
0.9
0.87
0.84
0.83
0.81
0.78
0.78
0.75
0.75
0.71
0.72
0.74
0.76
0.76
0.78
0.8
0.81
0.83
0.84
0.87
0.88
0.9
0.94
0.96
0.98
1.01
1.04
1.08
1.1
1.13
1.17
1.21
1.26
1.31
1.36
1.41
1.47
1.53
1.6
1.67
1.76
1.86
1.99
2.13
2.27
2.45
2.66
2.92
3.22
3.76
4.7
4.76
4.91
5.0
4.99
4.98
4.98
4.98
4.97
4.98
4.98
4.99
5.0
4.92
4.89
10.55
10.58
