1.44
1.44
1.43
1.42
1.42
1.41
1.4
1.4
1.4
1.39
1.38
1.38
1.38
1.38
1.37
1.37
1.37
1.36
1.37
1.36
1.36
1.36
1.36
1.36
1.37
1.37
1.37
1.38
1.38
1.38
1.39
1.39
1.39
1.41
1.41
1.32
1.25
1.17
1.12
1.06
1.01
0.97
0.93
0.88
0.86
0.85
0.86
0.87
0.88
0.89
0.9
0.91
0.91
0.92
0.93
0.95
0.96
0.98
0.98
1.0
1.02
1.04
1.06
1.06
1.08
1.1
1.12
1.15
1.17
1.18
1.21
1.24
1.26
1.3
1.33
1.37
1.41
1.45
1.47
1.52
1.57
1.62
1.67
1.73
1.79
1.85
1.89
1.87
1.85
1.85
1.84
1.83
1.82
1.81
1.8
1.79
1.78
1.78
1.76
1.76
1.76
1.76
1.75
1.75
1.75
1.75
1.75
1.74
1.74
1.74
1.74
1.73
1.74
1.74
1.74
1.74
1.74
1.76
1.76
1.76
1.76
1.77
1.78
1.79
1.79
1.8
1.81
1.82
1.83
1.84
1.85
1.86
1.88
1.89
1.91
1.92
1.93
1.95
1.97
1.99
2.01
2.03
2.05
2.08
2.11
2.13
2.15
6.11
6.2
6.28
6.39
6.48
6.59
6.7
6.81
6.91
7.03
7.16
7.3
2.88
2.81
2.72
2.7
2.66
2.64
2.61
2.59
2.56
2.54
2.51
2.5
2.48
2.46
2.45
2.44
2.42
2.41
2.39
2.38
2.38
