0.97
0.97
0.97
0.97
0.97
0.98
0.97
0.98
0.98
0.99
1.0
1.0
1.01
1.01
1.02
1.02
1.03
1.03
1.03
1.03
1.04
1.05
1.06
1.07
1.08
1.08
1.09
1.11
1.12
1.14
1.14
1.17
1.17
1.18
1.2
1.22
1.24
1.26
1.27
1.3
1.33
1.34
1.37
1.38
1.41
1.44
1.48
1.51
1.54
1.58
1.62
1.66
1.7
1.74
1.8
1.84
1.9
1.96
2.03
2.11
2.19
2.29
2.37
2.49
2.6
2.74
2.92
3.13
3.38
3.62
4.24
8.49
7.79
8.55
8.6
13.64
13.62
13.6
13.59
13.57
13.59
17.14
16.79
18.14
17.41
3.94
3.65
3.63
2.6
2.3
2.08
1.89
1.73
1.6
1.49
1.4
1.31
1.24
1.17
1.1
1.04
1.0
0.93
0.9
0.87
0.83
0.8
0.77
0.74
0.71
0.68
0.66
0.64
0.62
0.6
0.59
0.58
0.56
0.55
0.53
0.53
0.52
0.5
0.5
0.49
0.49
0.47
0.47
0.46
0.45
0.45
0.45
0.44
0.43
0.42
0.42
0.41
0.42
0.41
0.4
0.4
0.4
0.4
0.4
0.4
0.4
0.39
0.38
0.39
0.38
0.38
0.39
0.38
0.38
0.38
0.38
0.38
0.38
0.38
0.37
0.38
0.38
0.38
0.38
0.38
0.38
0.38
0.37
0.38
0.37
0.37
0.38
0.38
0.38
0.38
0.38
0.37
0.37
0.37
0.37
