7.58
7.59
7.62
7.63
7.66
3.34
3.29
3.24
3.18
3.18
3.23
3.29
3.34
3.4
3.47
3.54
3.61
3.64
3.62
3.6
3.53
3.32
3.39
3.37
3.24
3.14
3.08
2.71
2.52
2.51
2.73
2.76
2.81
2.85
2.88
2.93
2.96
81.83
81.83
81.83
81.83
81.83
81.83
81.83
81.83
81.83
81.83
81.83
81.83
81.83
81.83
6.17
6.1
6.05
6.0
5.95
5.63
5.27
5.81
5.76
5.72
5.68
1.53
1.51
1.51
1.5
1.49
1.48
1.48
1.47
1.47
1.46
1.46
1.45
1.45
1.45
1.44
1.44
1.43
1.44
1.43
1.43
1.43
1.43
1.43
1.43
1.43
1.43
1.43
1.44
1.44
1.44
1.45
1.45
1.46
1.47
1.47
1.48
1.49
1.49
1.5
1.51
1.51
1.52
1.53
1.54
1.55
1.56
1.57
1.59
1.61
1.63
1.63
1.65
1.67
1.69
1.71
1.73
1.75
1.77
1.78
1.82
1.84
1.86
1.9
1.94
1.95
1.99
2.02
2.06
2.1
2.14
2.17
2.22
2.27
2.32
2.38
2.44
2.5
2.57
2.63
2.7
2.78
2.86
2.96
3.05
3.16
3.26
3.37
3.5
3.64
3.81
3.98
4.18
4.39
4.63
4.91
5.21
5.54
5.92
6.37
14.6
11.28
11.19
11.08
11.11
11.93
81.83
81.83
10.46
81.83
81.83
81.83
81.83
81.83
81.83
81.83
81.83
81.83
81.83
