3.07
3.11
1.59
1.58
1.58
3.24
3.16
3.11
3.03
2.98
2.92
2.87
2.83
2.78
2.75
2.7
2.66
2.6
2.57
2.54
2.51
2.47
2.44
2.41
2.39
2.37
2.35
2.32
2.29
2.27
2.26
2.24
2.23
2.21
2.2
2.18
1.34
1.33
1.32
1.33
1.31
1.3
1.3
1.3
1.29
1.28
1.26
1.25
1.24
1.24
1.25
1.25
1.25
1.26
1.95
2.16
2.16
2.16
2.16
2.17
2.16
2.17
2.17
2.18
2.18
2.19
2.2
2.2
1.85
1.86
2.23
2.24
2.25
2.26
2.27
1.12
1.08
1.08
1.08
2.23
2.21
2.23
2.25
2.28
2.26
2.16
2.09
2.02
1.96
1.91
1.86
1.81
1.76
1.69
1.69
1.75
1.76
1.79
1.81
1.83
1.87
1.9
1.93
2.08
3.02
3.09
3.15
3.22
3.29
3.36
3.44
3.53
3.63
3.73
3.82
3.85
3.81
3.76
3.73
3.69
3.66
3.64
3.51
3.51
2.18
2.2
2.93
2.9
2.88
2.88
2.91
3.23
3.41
3.4
3.38
3.38
3.36
3.35
3.34
2.83
2.57
2.58
2.59
2.58
2.58
2.57
2.57
2.58
2.58
2.57
2.58
2.58
2.58
2.59
2.59
2.6
2.61
2.63
2.81
3.4
3.42
3.42
3.44
3.46
3.5
3.5
3.51
3.54
3.56
3.59
1.98
2.0
2.0
2.0
1.89
1.9
1.96
2.01
1.98
1.96
