0.9
0.9
0.91
0.92
0.93
0.93
0.94
0.95
0.95
0.96
0.97
0.98
0.99
1.0
1.0
1.01
1.03
1.03
1.04
1.05
1.07
1.08
1.1
1.11
1.13
1.14
1.15
1.17
1.18
1.21
1.24
1.26
1.28
1.31
1.34
1.37
1.4
1.41
1.44
1.48
1.52
1.56
1.59
1.29
1.28
1.74
1.79
1.84
1.9
1.99
2.05
2.14
2.23
2.31
2.41
2.52
2.63
2.77
2.33
2.33
3.33
3.32
3.3
3.29
3.27
3.25
3.68
4.12
4.68
5.42
6.4
9.68
9.67
10.93
10.95
10.95
13.35
13.37
13.39
13.4
6.25
5.24
4.51
3.97
3.57
3.24
2.99
2.74
2.56
2.38
2.23
2.09
1.98
1.88
1.79
1.69
1.63
1.55
1.49
1.44
1.38
1.33
1.28
1.23
1.19
1.16
1.11
1.08
1.05
1.02
0.99
0.96
0.94
0.92
0.9
0.88
0.86
0.85
0.82
0.81
0.8
0.8
0.79
0.77
0.75
0.73
0.73
0.73
0.74
0.75
0.77
0.78
0.79
0.82
0.86
3.08
4.52
4.47
4.44
3.46
2.65
4.32
4.3
4.27
4.24
4.21
4.18
4.17
4.14
4.13
4.1
4.08
4.07
4.06
4.04
4.03
4.01
4.0
3.99
3.99
3.98
3.99
3.98
3.98
3.97
3.97
3.97
3.96
3.98
3.98
3.98
3.99
4.0
4.01
3.62
3.28
3.01
2.76
2.57
2.41
