1.11
1.11
0.81
0.8
1.14
1.15
1.16
1.16
1.17
1.18
1.19
1.19
1.2
1.22
1.24
1.24
1.25
1.27
1.28
1.29
1.31
1.33
1.35
1.36
1.39
1.4
1.43
1.44
1.47
1.49
1.53
1.55
1.23
0.98
1.22
1.47
1.46
1.45
1.43
1.41
1.4
1.39
1.37
1.36
1.36
1.34
1.33
1.32
1.31
1.31
1.3
1.29
1.28
1.28
1.27
1.26
1.26
1.26
1.25
1.25
1.3
1.31
1.33
1.51
1.76
2.21
2.76
6.59
6.55
6.49
6.46
6.44
6.37
6.35
6.31
6.27
6.24
6.21
6.18
6.15
6.14
6.13
6.1
6.09
6.08
6.06
6.06
6.06
6.05
6.04
6.04
6.05
6.03
7.19
9.58
9.63
9.23
10.65
10.57
9.95
9.95
9.93
9.9
6.08
5.62
5.24
4.92
4.62
4.35
4.13
3.93
3.85
3.9
3.94
3.96
4.24
4.26
4.29
4.31
6.91
2.76
2.67
2.59
2.51
2.45
2.38
2.32
2.26
2.21
2.16
2.11
2.07
2.01
1.98
1.94
1.9
1.87
1.84
1.83
1.78
1.75
1.72
1.68
1.67
1.65
1.63
1.61
1.58
1.57
1.55
1.54
1.52
1.5
1.49
1.47
1.47
1.46
1.45
1.43
1.42
1.41
1.41
1.4
1.39
1.38
1.38
1.38
1.38
1.37
1.37
1.37
1.36
1.36
1.35
1.35
1.36
1.35
1.35
1.36
1.35
