81.83
4.1
1.61
1.45
1.4
1.4
1.4
1.41
1.42
1.43
1.43
1.45
1.46
1.47
1.48
1.48
1.5
1.5
1.51
1.52
1.53
1.54
1.57
1.59
1.59
1.61
1.64
1.66
1.67
1.7
1.73
1.75
1.78
1.81
1.83
1.87
1.89
1.94
1.97
2.0
2.05
2.09
2.13
2.19
2.24
2.3
4.42
5.24
7.5
7.49
7.48
7.48
7.48
7.47
2.41
2.4
7.49
7.5
7.52
5.07
5.06
5.05
5.06
5.69
81.83
81.83
16.06
81.83
13.63
81.83
12.02
11.4
10.83
10.35
9.89
9.47
9.12
8.75
8.45
8.13
8.04
8.11
10.98
81.83
10.45
10.42
10.55
10.66
10.12
10.76
11.09
12.21
12.39
12.37
81.83
81.83
81.83
81.83
81.83
3.12
3.26
3.16
3.21
81.83
3.21
81.83
81.83
81.83
81.83
2.46
4.31
4.9
6.76
5.04
5.49
4.54
7.5
4.42
4.43
1.42
1.03
1.03
1.02
1.01
1.01
1.0
0.99
0.99
0.99
0.99
0.99
0.98
0.98
0.97
0.97
0.96
0.94
0.92
0.9
0.89
0.87
0.87
0.88
0.9
0.92
0.94
0.97
0.99
1.01
1.03
1.41
5.02
1.8
4.7
6.59
6.52
4.37
6.38
4.79
6.26
6.19
6.16
6.1
6.06
6.0
3.51
5.91
5.89
5.84
5.9
5.97
5.98
2.82
3.19
4.08
5.86
5.85
5.81
5.79
5.79
