3.18
3.22
2.52
2.48
2.41
2.28
2.25
2.45
2.49
2.53
2.59
2.63
2.68
2.67
2.63
2.62
3.32
3.27
3.23
3.19
3.18
81.83
1.8
1.78
1.76
2.94
2.92
2.89
2.78
2.66
2.68
2.79
2.76
2.73
2.73
2.71
2.68
2.66
2.65
2.64
2.62
2.61
2.6
2.58
2.57
2.56
2.55
2.55
2.54
2.53
2.53
2.52
2.51
2.51
2.51
2.51
2.51
2.51
2.51
2.51
2.51
1.33
1.34
1.34
2.52
2.53
2.54
2.55
2.55
2.56
2.34
2.18
2.05
1.92
1.81
1.73
1.65
1.57
1.5
1.44
1.38
1.33
1.28
1.23
1.19
1.15
1.12
1.08
1.04
1.01
0.99
0.95
0.94
0.91
0.88
0.87
0.85
0.82
0.82
0.8
0.79
0.77
0.76
0.74
0.72
0.71
0.7
0.69
0.69
0.68
0.66
0.66
0.65
0.64
0.63
0.63
0.62
0.61
0.61
0.6
0.6
0.59
0.59
0.58
0.58
0.56
0.55
0.54
0.54
0.54
0.56
0.59
0.6
0.61
1.82
1.82
1.81
1.8
1.8
1.8
1.79
1.78
1.78
1.77
1.77
1.77
1.77
1.77
1.78
1.77
1.77
1.77
1.76
1.77
1.77
1.78
1.79
1.79
1.8
1.8
1.8
1.8
1.81
1.82
1.83
1.85
1.86
1.87
1.88
1.88
1.9
1.93
1.94
1.96
1.98
2.01
2.03
2.05
2.07
2.09
