1.1
1.1
1.09
1.08
1.07
1.07
1.06
1.06
1.05
1.05
1.04
1.03
1.03
1.03
1.02
1.02
1.03
1.02
1.02
1.02
1.01
1.01
1.02
1.01
1.01
1.02
1.02
1.01
1.0
0.99
1.01
1.02
1.02
1.02
1.02
1.03
1.03
1.03
1.03
1.04
1.04
1.04
1.05
1.06
1.07
1.08
1.07
1.08
1.1
1.1
1.11
1.13
1.12
1.14
1.15
1.16
1.16
1.18
1.2
1.21
1.23
1.25
1.26
1.28
1.3
1.31
1.33
1.36
1.38
1.41
1.43
1.46
1.49
1.53
1.56
1.57
1.62
1.68
1.71
1.74
1.78
1.83
1.89
1.94
2.01
2.07
2.13
2.21
2.29
2.37
2.47
2.56
2.67
2.79
2.93
3.08
3.22
3.41
3.61
5.06
5.02
5.01
4.89
4.87
4.85
4.84
4.81
4.81
4.8
4.79
4.78
4.78
4.77
4.77
4.77
4.77
4.77
4.78
4.79
4.79
4.8
4.81
4.81
4.82
4.84
4.86
4.87
4.89
4.92
4.95
4.97
7.5
7.74
7.51
7.59
7.54
7.75
8.03
8.1
8.16
8.22
5.62
5.48
5.51
5.55
5.61
5.67
5.73
5.8
5.87
5.94
6.02
0.67
0.69
0.68
0.68
0.68
0.68
0.67
0.67
0.66
0.66
0.66
0.65
0.65
0.65
0.64
0.64
0.64
0.64
0.64
0.64
0.64
0.64
0.79
1.11
1.24
1.32
1.38
1.37
