2.62
2.72
2.85
2.97
3.13
3.34
3.59
3.89
4.26
4.7
9.6
9.54
9.48
9.43
9.04
9.04
9.29
6.63
6.59
6.56
6.54
6.52
6.51
6.49
6.48
6.48
6.47
6.46
6.45
6.45
6.45
6.45
6.45
6.46
6.47
6.48
6.48
5.24
4.63
4.14
3.75
3.44
3.2
2.95
2.74
2.57
2.41
2.28
2.16
2.05
1.97
1.85
1.8
1.72
1.64
1.59
1.52
1.47
1.42
1.38
1.33
1.29
1.25
1.21
1.19
1.16
1.12
1.1
1.06
1.04
1.02
1.0
0.98
0.98
0.96
0.94
0.93
0.91
0.91
0.9
0.89
0.87
0.88
0.89
0.93
0.95
0.98
1.01
1.04
1.07
1.1
5.78
5.72
5.68
5.63
5.58
5.55
4.35
5.46
5.43
5.42
5.35
5.33
5.29
5.27
5.25
5.22
5.19
4.47
4.37
4.36
4.34
4.33
4.32
4.64
5.21
5.21
5.2
5.2
4.02
4.02
5.19
5.2
5.2
5.21
5.09
5.09
5.1
4.43
4.42
4.45
4.47
4.49
4.52
5.22
5.25
5.27
5.31
5.34
5.36
5.4
5.43
1.56
1.5
1.43
1.38
1.33
1.07
1.03
1.0
0.97
0.93
0.9
0.87
0.83
0.83
0.85
0.85
0.85
0.87
0.88
0.89
0.9
0.93
0.93
0.95
0.97
0.98
1.0
1.01
1.04
1.06
1.09
1.12
1.14
1.17
1.21
1.23
1.27
1.31
