1.07
1.06
1.06
1.05
1.07
1.08
1.07
1.07
1.08
1.08
1.09
1.09
1.09
1.1
1.1
1.11
1.11
1.12
1.13
1.13
1.13
1.14
1.16
1.17
1.17
1.19
1.2
1.22
1.23
1.24
1.26
1.27
1.29
1.31
1.33
1.36
1.37
1.4
1.43
1.44
1.47
1.5
1.52
1.57
1.61
1.65
1.68
1.72
5.12
3.18
3.15
3.14
3.11
3.08
3.05
3.03
2.78
2.75
2.73
2.7
2.68
2.68
2.8
2.93
3.07
3.22
3.38
3.58
3.81
4.05
4.32
4.64
5.04
5.42
5.92
6.57
8.53
8.45
8.43
8.41
8.4
8.38
8.38
8.37
8.38
8.36
8.38
8.39
8.39
8.4
4.08
3.97
3.94
3.99
4.03
4.09
4.15
4.21
4.27
4.31
4.32
4.22
4.12
4.21
3.43
4.26
3.2
3.27
3.3
3.33
3.36
3.39
3.44
3.48
3.45
81.83
81.83
81.83
81.83
81.83
81.83
81.83
81.83
1.73
1.69
1.65
1.62
1.59
1.56
1.53
1.51
1.48
1.46
1.43
1.41
1.39
1.37
1.35
1.34
1.32
1.31
1.29
1.28
1.26
1.25
1.23
1.22
1.21
1.2
1.19
1.18
1.17
1.16
1.15
1.14
1.13
1.13
1.13
1.12
1.12
1.12
1.11
1.1
1.1
1.1
1.09
1.09
1.09
1.08
1.08
1.08
1.08
1.08
1.07
1.07
1.07
1.07
1.07
1.07
1.08
