1.26
1.26
1.25
1.26
1.25
1.25
1.25
1.25
1.26
1.26
1.26
1.26
1.26
1.26
1.26
1.26
1.27
1.27
1.28
1.29
1.29
1.29
1.31
1.31
1.32
1.33
1.34
1.35
1.36
1.37
1.38
1.39
1.4
1.42
1.44
1.46
1.48
1.5
1.52
1.53
1.56
1.58
1.59
1.62
1.65
1.67
1.7
1.73
1.76
1.78
1.82
1.86
1.89
1.94
1.98
2.03
2.08
2.14
2.19
2.25
2.31
2.39
2.46
2.71
3.82
3.78
3.74
3.71
3.58
3.55
3.51
3.5
3.58
3.75
3.94
4.14
4.39
4.68
4.95
5.3
5.72
6.2
6.76
7.46
8.23
11.47
11.46
11.61
11.61
81.83
81.83
81.83
81.83
81.83
81.83
14.01
14.94
14.84
14.99
4.51
3.86
3.43
3.12
2.87
2.67
2.49
2.36
2.25
2.14
2.05
1.97
1.88
1.81
1.75
1.69
1.64
1.59
1.55
1.5
1.46
1.43
1.39
1.36
1.32
1.3
1.27
1.24
1.23
1.2
1.18
1.16
1.14
1.13
1.11
1.09
1.08
1.06
1.05
1.03
1.02
1.0
0.99
0.99
0.98
0.96
0.95
0.94
0.92
0.91
0.91
0.9
0.89
0.89
0.88
0.88
0.87
0.86
0.86
0.85
0.84
0.84
0.83
0.83
0.83
0.83
0.83
0.83
0.82
0.82
0.82
0.82
0.82
0.82
0.82
0.82
0.82
0.83
0.82
0.82
0.82
