2.55
2.56
2.59
2.62
2.64
2.67
2.69
2.73
2.75
2.78
2.81
2.86
2.84
2.78
2.71
2.65
2.6
2.54
2.5
2.46
2.41
2.37
2.33
2.3
2.26
2.22
2.21
2.18
2.15
2.13
2.1
2.07
2.07
2.04
2.02
2.0
1.98
1.96
1.96
1.94
1.92
1.91
1.89
1.89
1.88
1.85
1.85
1.84
1.84
1.83
1.83
1.82
1.82
1.81
1.8
1.8
1.8
1.79
1.8
1.79
1.79
1.79
1.79
1.79
1.8
1.8
1.8
1.81
1.81
1.81
1.81
1.85
4.64
4.75
5.1
5.49
5.93
6.46
7.09
7.88
8.88
10.12
11.64
16.04
16.69
81.83
81.83
14.52
14.63
81.83
81.83
81.83
81.83
81.83
7.98
6.97
6.09
5.45
4.93
4.53
4.55
4.57
4.59
3.42
3.22
3.03
2.88
2.74
2.61
2.51
2.39
2.3
2.21
2.12
2.05
1.97
1.9
1.84
1.78
1.74
1.7
1.65
1.61
1.56
1.52
1.49
1.46
1.42
1.39
1.35
1.32
1.32
1.32
1.28
1.25
1.22
1.2
1.19
1.17
1.14
1.13
1.11
1.11
1.09
1.08
1.06
1.06
1.05
1.04
1.03
1.01
1.0
0.99
0.98
0.98
0.97
0.97
0.96
0.96
0.96
0.95
0.94
0.94
0.93
0.93
0.92
0.92
0.92
0.92
0.91
0.91
0.91
0.91
0.91
0.91
0.91
0.92
0.91
0.91
0.91
