0.96
0.95
0.94
0.93
0.92
0.9
0.89
0.88
0.88
0.88
0.86
0.85
0.84
0.84
0.83
0.81
0.81
0.8
0.8
0.8
0.79
0.79
0.78
0.78
0.77
0.77
0.76
0.75
0.75
0.75
0.75
0.75
0.74
0.74
0.74
0.75
0.75
0.76
0.76
0.75
0.76
0.75
0.74
0.75
0.75
0.75
0.75
0.75
0.75
0.76
0.77
0.76
0.76
0.77
0.77
0.78
0.78
0.79
0.8
0.8
0.8
0.81
0.81
0.82
0.82
0.83
0.85
0.86
0.87
0.88
0.88
0.9
1.19
1.28
1.65
1.67
1.7
1.72
1.72
1.7
1.68
1.65
1.63
1.35
1.37
1.58
1.56
1.55
1.52
1.51
1.49
1.47
0.88
0.57
0.56
0.55
0.58
1.41
1.48
1.53
1.63
3.8
3.72
3.72
3.73
3.75
3.77
3.74
3.74
3.8
1.61
1.58
6.47
6.46
8.78
8.79
0.7
0.67
0.67
0.66
0.68
6.03
3.44
3.45
1.54
1.53
3.55
3.56
3.56
3.53
1.31
1.32
1.34
3.51
3.49
3.47
3.41
3.39
3.42
3.4
3.42
3.37
3.51
3.5
3.49
3.49
3.51
3.52
3.53
0.99
0.98
0.98
3.57
3.59
3.59
3.62
3.63
3.63
3.66
3.68
3.69
3.72
3.73
3.74
3.75
3.78
3.8
3.82
3.84
3.86
3.89
3.92
3.96
3.97
4.02
4.07
4.08
4.58
4.58
4.58
