81.83
4.61
4.63
4.74
4.54
4.53
81.83
81.83
81.83
81.83
81.83
81.83
81.83
81.83
3.69
3.7
81.83
81.83
81.83
81.83
81.83
81.83
81.83
81.83
81.83
81.83
81.83
81.83
2.92
2.92
2.99
3.01
3.04
3.05
3.09
3.12
3.13
3.18
3.13
3.02
2.94
2.87
2.89
3.15
3.2
3.07
3.01
2.95
2.9
2.85
2.63
2.62
2.61
2.61
2.67
2.81
2.8
2.87
2.61
2.61
2.69
2.77
3.18
3.28
3.36
3.46
5.17
5.2
5.37
5.61
5.57
5.52
3.43
3.42
5.41
5.37
4.75
4.71
4.71
4.78
5.03
5.1
4.82
5.17
5.14
4.07
3.81
3.76
3.76
3.79
3.8
3.82
3.85
5.07
5.12
5.12
5.13
5.13
5.13
5.13
5.14
5.15
5.12
4.53
4.4
4.4
4.48
4.4
4.4
4.42
4.44
4.47
4.49
4.41
4.39
4.39
5.33
5.36
5.39
4.15
4.12
1.46
1.42
1.39
1.36
1.33
1.31
1.29
1.28
1.25
1.23
1.21
1.19
1.04
1.02
1.0
0.97
0.96
0.94
0.91
0.89
0.88
0.86
0.86
0.87
0.88
0.91
0.92
0.94
0.97
1.0
1.02
1.04
1.08
1.1
1.14
1.17
1.22
1.25
1.29
1.33
1.39
1.44
1.51
1.57
1.64
1.73
1.82
1.93
2.05
2.16
2.31
2.46
2.65
2.88
3.2
3.47
3.86
4.4
4.98
