4.52
2.22
2.15
2.03
2.26
2.3
2.28
2.2
2.33
2.35
2.24
2.4
2.42
2.45
2.47
2.51
2.54
2.57
2.59
2.53
2.47
2.42
2.37
2.32
2.27
2.23
2.2
2.16
2.2
2.23
2.27
2.31
2.36
2.42
3.5
3.58
3.66
3.76
3.83
3.77
3.73
3.68
3.65
3.6
3.58
3.54
3.47
3.48
3.45
3.43
3.41
3.38
3.36
3.34
3.34
3.32
3.32
3.29
3.28
3.27
3.26
3.24
3.23
2.55
2.43
2.45
2.46
2.45
2.45
2.35
2.39
1.86
2.33
2.44
2.45
2.46
2.45
2.44
2.45
2.45
2.46
2.49
2.5
2.39
2.34
2.35
2.38
2.48
2.43
2.45
2.59
3.4
3.42
3.43
3.47
3.49
3.52
3.55
3.58
3.62
2.3
3.7
3.74
3.78
2.27
3.88
3.91
3.81
3.74
3.66
3.57
3.41
3.42
3.35
3.26
3.23
3.18
3.13
3.07
3.01
2.98
2.93
2.89
2.34
1.94
1.92
1.89
1.87
1.85
1.84
1.81
1.79
1.77
1.73
1.83
1.9
1.97
81.83
81.83
0.96
2.33
2.39
2.37
2.47
2.46
2.45
2.43
2.43
2.42
2.42
2.14
2.36
2.4
2.39
2.38
2.38
2.37
2.37
2.37
2.36
2.36
2.3
2.29
2.28
2.28
2.29
2.28
2.29
2.3
2.3
2.31
2.3
2.33
2.33
2.34
2.34
2.36
2.37
2.37
2.37
