2.66
2.68
2.8
2.78
2.76
2.74
2.73
2.71
2.69
2.67
2.66
2.65
2.64
2.63
2.62
2.61
2.6
2.59
2.58
2.57
2.57
2.56
2.56
2.55
2.55
2.55
2.55
2.56
2.54
2.55
1.36
1.36
2.56
2.57
2.57
2.58
2.58
2.59
2.6
2.38
2.2
2.03
1.91
1.79
1.71
1.62
1.54
1.46
1.41
1.35
1.3
1.25
1.19
1.16
1.12
1.09
1.05
1.02
0.99
0.96
0.93
0.92
0.89
0.87
0.85
0.82
0.8
0.79
0.77
0.76
0.74
0.73
0.71
0.7
0.7
0.69
0.68
0.66
0.65
0.64
0.63
0.63
0.62
0.61
0.6
0.59
0.59
0.58
0.57
0.57
0.55
0.55
0.55
0.54
0.55
0.56
0.57
0.58
0.58
0.64
1.48
1.5
1.8
1.8
1.8
1.79
1.79
1.78
1.77
1.76
1.74
1.28
1.28
1.26
1.26
1.27
1.29
1.35
1.74
1.74
1.74
1.74
1.74
1.74
1.73
1.75
1.76
1.76
1.77
1.78
1.78
1.79
1.79
1.8
1.8
1.82
1.83
1.84
1.86
1.87
1.88
1.9
1.92
1.94
1.96
1.98
2.01
2.03
2.06
2.08
2.11
2.12
2.16
2.19
2.22
2.27
2.31
2.34
2.39
2.43
2.48
2.52
2.58
2.63
0.96
0.94
0.9
0.89
0.89
0.81
0.79
0.77
0.75
0.73
0.73
0.71
0.71
0.7
0.69
0.68
