6.78
7.05
7.34
7.65
7.99
8.05
7.99
7.94
7.9
5.06
4.97
4.95
4.93
4.91
4.9
3.88
3.86
3.87
3.84
3.82
5.08
5.08
5.07
5.09
5.08
5.08
5.08
5.08
7.5
81.83
6.34
6.28
7.56
7.57
7.59
6.97
6.97
7.01
7.02
7.72
7.12
7.12
7.14
7.49
7.9
7.95
8.01
8.05
4.24
4.1
3.57
3.44
3.43
3.45
3.48
3.52
3.53
3.43
3.34
3.24
3.17
3.09
3.04
3.05
3.05
3.09
3.14
3.18
3.24
3.28
3.35
0.92
0.89
0.88
0.86
0.85
0.85
0.84
0.83
0.81
0.8
0.8
0.8
0.78
0.74
0.73
0.73
0.75
0.76
0.77
0.79
0.81
0.86
0.87
0.86
0.84
0.84
0.88
0.91
0.94
0.98
1.0
1.05
1.09
1.13
1.17
1.23
1.3
1.35
1.42
1.5
1.59
1.68
3.94
3.88
3.95
3.9
4.06
4.06
3.52
3.53
4.06
4.08
4.09
4.1
4.11
4.13
4.13
4.15
4.17
4.19
4.21
4.23
4.25
4.28
4.29
4.32
4.35
4.39
4.42
4.45
4.48
2.8
2.79
3.51
4.64
1.25
1.17
1.12
1.11
0.99
0.93
0.91
0.91
0.89
0.87
0.86
0.85
0.87
0.91
0.92
0.94
0.95
0.98
0.99
1.0
1.03
1.05
1.07
1.11
1.13
1.16
1.21
1.24
1.27
1.31
1.36
1.4
1.45
1.5
