2.59
2.61
2.63
2.65
2.67
2.69
2.71
2.74
2.77
2.79
2.82
2.86
2.88
2.92
2.96
2.99
3.03
3.08
3.12
3.16
3.2
3.25
3.31
3.35
5.41
5.33
5.25
1.96
1.92
1.86
1.82
1.77
1.78
1.8
1.82
1.85
1.88
1.91
1.94
1.97
2.01
2.05
2.08
2.12
2.16
2.21
2.23
2.29
2.35
2.42
2.47
2.52
2.6
2.68
2.76
2.85
2.94
3.05
3.16
3.28
3.41
3.58
3.77
4.0
4.27
4.6
4.99
5.56
6.45
15.46
15.47
15.49
15.49
15.51
15.54
15.57
12.72
11.33
10.22
9.75
8.55
7.91
7.36
6.88
6.49
6.11
5.79
5.5
5.26
5.01
4.78
4.58
4.41
4.23
4.11
4.02
4.05
4.1
4.13
7.01
6.81
6.63
6.46
6.4
6.48
6.57
6.66
6.28
6.13
6.8
6.85
7.19
8.33
8.48
8.63
8.48
7.02
8.22
8.1
7.99
7.89
7.78
6.91
6.73
6.65
6.07
6.78
6.97
7.2
7.18
6.85
7.04
6.99
6.93
6.86
6.81
6.75
6.71
6.65
5.96
1.91
1.91
1.89
1.89
1.87
1.85
1.84
1.82
1.86
1.54
1.43
1.43
1.42
1.41
1.4
1.38
1.37
1.36
1.35
1.34
1.33
1.33
1.32
1.31
1.31
1.3
1.29
1.29
1.28
1.27
1.26
1.25
1.25
1.24
1.23
1.22
1.22
1.22
1.22
1.23
