1.3
1.29
1.29
1.28
1.28
1.27
1.26
1.26
1.27
1.27
1.27
1.27
1.98
2.13
2.12
2.12
2.11
2.07
1.91
4.61
4.62
4.61
4.61
4.63
4.62
4.63
4.63
4.65
4.66
4.67
4.67
11.87
10.9
9.18
8.12
7.62
7.16
6.75
6.39
6.05
5.76
5.48
5.24
5.02
4.96
5.01
5.04
5.09
8.31
8.32
8.37
8.47
8.57
11.7
6.89
6.72
6.55
6.38
6.25
6.1
5.98
5.86
5.75
5.65
5.55
5.46
5.37
5.28
5.2
5.12
5.13
5.2
5.24
2.36
2.37
2.45
2.48
2.44
2.42
2.4
2.37
2.34
2.33
2.31
2.28
2.27
2.25
2.24
2.22
2.21
2.18
2.17
2.16
2.15
2.14
2.13
2.12
2.11
2.1
2.09
2.09
2.09
2.07
1.33
1.29
1.31
1.31
1.3
1.29
1.29
1.3
1.3
1.3
1.29
1.3
1.3
1.31
1.29
1.29
1.3
2.08
2.09
2.1
2.1
2.12
2.13
2.13
2.14
2.14
2.16
2.17
2.19
2.2
2.22
2.23
2.24
2.25
2.28
2.3
2.33
2.34
2.36
2.39
2.41
2.44
2.46
2.07
2.07
2.05
2.02
2.0
2.04
2.09
2.18
2.23
1.58
1.52
81.83
3.03
2.95
1.43
1.39
1.27
1.24
1.2
1.17
1.18
1.43
1.43
1.46
2.57
2.53
2.51
2.48
2.46
2.44
2.41
2.41
2.39
2.38
