0.55
0.56
0.56
0.55
0.55
0.56
0.56
0.56
0.56
0.56
0.56
0.55
0.55
0.55
0.55
0.56
0.56
0.56
0.57
0.57
0.57
0.57
0.56
0.57
0.57
0.58
0.58
0.58
0.59
0.59
0.6
0.6
0.61
0.61
0.62
0.62
0.63
0.64
0.64
0.64
0.65
0.66
0.66
0.67
0.68
0.69
0.7
0.71
0.73
0.74
0.75
0.76
0.77
0.79
0.81
0.82
0.83
0.84
0.87
0.89
0.9
0.93
0.96
0.97
1.0
1.03
1.07
1.09
1.13
1.16
1.21
1.24
1.3
1.33
1.39
1.44
1.5
1.58
1.64
8.86
8.82
8.77
8.73
8.69
5.81
5.79
5.78
5.76
5.74
4.7
4.72
4.68
4.95
5.93
5.93
5.95
5.94
5.95
5.94
8.35
8.36
7.13
7.12
7.16
8.41
8.43
7.81
7.82
7.85
7.91
7.92
7.94
7.95
8.24
8.7
8.75
5.05
4.39
4.19
4.2
1.62
1.55
1.49
1.4
1.37
1.37
1.38
1.38
1.39
1.42
1.44
1.4
1.39
1.41
1.41
1.43
1.44
1.46
1.47
1.49
1.5
1.52
1.52
1.54
1.56
1.58
1.6
1.62
1.65
1.67
1.69
1.72
1.75
1.77
1.81
1.83
1.87
1.9
2.77
2.86
2.96
2.36
0.72
0.67
0.66
0.66
0.68
0.67
0.67
0.67
0.66
0.66
0.65
0.65
0.64
0.65
0.64
0.63
0.63
0.63
