2.35
2.41
2.4
2.41
2.41
2.4
2.4
2.4
2.39
2.39
2.4
2.41
2.4
2.39
2.41
2.43
2.43
2.44
2.45
3.2
3.21
2.61
2.21
2.54
2.59
3.31
3.32
2.24
2.17
2.07
2.02
2.01
2.13
2.15
2.09
2.09
2.39
3.64
3.69
3.72
3.77
3.81
3.83
3.74
3.64
3.57
3.41
3.43
3.36
3.29
3.24
3.17
3.12
3.05
2.19
2.15
2.12
2.12
2.03
2.01
1.97
1.95
1.93
1.91
1.9
1.87
1.86
1.85
1.87
1.93
2.02
2.09
2.17
2.27
2.35
2.38
2.22
2.18
2.26
2.36
2.39
2.43
2.59
2.75
2.96
3.21
3.52
3.85
4.29
5.94
5.95
6.93
8.45
10.63
11.95
11.96
11.96
11.98
24.07
23.71
24.01
24.06
11.45
10.64
10.08
9.63
7.58
7.14
2.3
2.11
2.13
1.22
1.22
1.24
1.52
1.52
1.53
1.54
1.54
1.55
1.57
1.57
1.51
1.37
1.39
1.44
1.53
1.54
1.68
1.81
1.93
1.94
1.96
1.57
1.57
1.73
1.75
1.73
1.74
1.83
1.82
1.83
1.95
2.01
2.06
2.09
2.1
2.43
3.51
3.46
3.41
3.36
1.96
1.95
2.02
3.2
3.18
3.15
3.12
3.09
3.05
3.02
3.0
2.98
2.96
2.95
2.93
2.91
2.89
2.87
2.86
2.86
2.09
2.08
2.07
2.04
2.06
2.04
2.02
2.01
