3.03
81.83
3.12
81.83
81.83
3.11
2.13
81.83
81.83
2.35
5.22
6.31
4.2
0.87
0.87
0.87
0.86
0.84
0.83
0.82
0.82
0.81
0.81
0.8
0.79
0.78
0.77
0.77
0.77
0.76
0.75
0.73
0.71
0.69
0.68
0.66
0.65
0.65
0.66
0.66
0.66
0.69
0.69
0.71
0.72
0.74
0.75
0.76
0.76
4.03
81.83
1.17
6.89
5.11
1.56
4.79
3.71
4.44
6.36
6.29
4.12
5.08
4.54
6.04
5.99
5.93
5.87
5.84
5.78
3.27
3.3
3.75
5.62
5.61
5.62
5.75
5.72
3.2
2.97
3.83
3.83
3.89
4.3
5.56
5.55
5.53
5.52
5.51
2.53
5.49
3.06
2.99
5.47
3.5
3.58
5.29
5.29
5.28
5.32
2.92
3.44
5.34
5.36
5.38
5.4
5.41
5.42
5.45
5.48
5.5
5.54
5.56
5.58
3.2
5.67
4.32
5.77
5.8
3.74
3.77
3.29
3.32
3.29
4.08
2.96
3.02
6.33
2.95
4.9
6.36
6.34
2.38
6.71
4.81
6.7
2.69
5.51
0.82
0.82
0.56
0.59
0.6
81.83
81.83
81.83
81.83
81.83
81.83
81.83
81.83
81.83
81.83
81.83
81.83
81.83
81.83
81.83
81.83
81.83
1.48
6.87
6.87
81.83
81.83
81.83
81.83
1.44
1.46
81.83
81.83
1.54
1.4
1.47
81.83
81.83
81.83
81.83
81.83
81.83
81.83
