3.95
3.96
3.96
3.96
3.97
3.98
3.99
4.0
4.01
4.02
4.02
4.03
4.06
4.08
4.09
4.11
4.12
4.14
4.17
4.1
3.9
3.74
3.59
3.45
3.34
3.22
3.12
3.02
2.92
2.83
2.75
2.67
2.61
2.54
2.49
2.42
2.36
2.32
2.26
2.21
2.18
2.13
2.09
2.07
2.02
1.98
1.96
1.93
1.9
1.88
1.84
1.82
1.8
1.78
1.76
1.74
1.72
1.7
1.68
1.66
1.65
1.63
1.62
1.61
1.6
1.58
1.57
1.54
1.57
1.66
1.73
1.79
2.84
2.76
2.74
2.71
2.71
2.71
2.95
3.24
3.59
4.01
4.55
5.32
6.32
7.53
22.94
22.94
18.42
18.42
15.66
15.66
9.77
8.24
8.22
5.82
4.63
4.1
3.69
3.34
3.04
2.79
2.59
2.41
2.24
2.12
1.99
1.89
1.81
1.73
1.66
1.58
1.53
1.5
1.51
1.53
1.55
1.56
1.58
1.59
1.61
1.62
1.64
1.66
5.01
5.07
5.14
8.42
8.54
8.59
8.42
3.69
3.64
3.55
3.5
3.44
3.4
3.35
3.29
3.25
3.2
3.15
3.12
3.08
3.04
3.0
2.97
2.94
2.9
2.88
2.84
2.82
2.8
2.78
2.75
2.74
2.73
2.7
2.68
2.66
2.65
2.64
2.62
2.62
2.59
2.59
2.58
2.57
2.56
2.55
2.54
2.54
2.53
2.53
2.52
2.54
2.58
2.7
2.83
2.97
