2.95
2.94
2.94
3.16
3.49
3.46
3.44
3.44
3.42
3.41
3.39
2.75
2.61
2.6
2.6
2.6
2.61
2.61
2.6
2.59
2.59
2.58
2.58
2.58
2.6
2.61
2.6
2.58
2.58
2.6
3.37
3.38
3.39
3.41
3.42
3.43
3.44
3.46
3.48
3.51
3.52
81.83
1.98
1.96
1.96
81.83
1.91
1.92
2.03
2.0
1.98
1.96
1.95
1.95
3.9
3.79
3.69
3.59
3.51
3.43
3.36
3.29
3.22
3.15
3.1
3.03
3.0
1.99
1.96
1.93
1.9
1.87
1.86
1.81
1.79
1.77
1.79
1.82
1.88
1.92
1.98
2.04
2.08
2.15
2.21
2.15
2.13
2.23
2.31
4.27
4.24
4.22
4.19
4.17
4.15
4.13
4.11
4.09
4.08
4.06
4.05
4.03
4.03
4.02
4.02
4.01
4.0
4.0
4.01
4.0
4.01
4.01
4.01
4.02
2.09
1.93
2.11
2.13
2.13
2.13
2.14
2.15
2.05
1.89
1.75
1.54
1.57
1.58
1.6
1.6
1.61
1.61
1.64
1.64
1.65
1.68
1.68
1.68
1.73
2.38
2.4
2.42
2.44
2.47
2.52
2.53
2.56
2.59
2.61
2.66
2.7
2.74
2.78
2.82
2.88
2.91
2.91
3.02
3.09
3.14
3.21
3.29
3.27
3.22
3.18
3.13
3.09
3.05
3.02
2.99
2.94
2.92
2.89
2.02
2.03
2.46
2.78
2.77
2.75
2.74
