2.68
2.68
2.69
2.68
2.68
2.7
2.71
2.95
3.29
3.79
4.61
81.83
14.32
10.48
10.48
9.19
8.7
8.25
7.86
7.48
7.16
6.86
6.6
6.35
6.1
5.91
5.72
5.52
5.36
5.17
5.18
5.26
8.08
8.18
8.29
8.39
4.35
4.26
4.16
4.23
4.29
4.37
4.44
4.51
4.59
4.67
4.77
4.84
4.95
5.06
5.16
5.29
5.39
5.53
5.67
5.81
5.96
6.14
6.31
6.51
6.73
6.74
3.61
3.59
3.56
3.54
2.46
2.44
2.42
2.41
2.4
2.39
3.17
3.36
3.61
3.64
3.62
3.62
3.6
3.58
3.57
3.55
3.53
3.55
3.55
3.55
3.55
5.93
5.93
81.83
5.95
4.88
4.85
5.97
4.72
5.97
5.99
6.01
5.84
5.4
5.41
5.44
5.46
6.09
5.53
5.54
5.56
5.58
5.76
6.33
6.38
6.43
6.47
6.52
6.58
6.63
5.09
6.76
2.8
2.73
2.68
2.63
2.57
2.48
2.16
2.11
2.05
1.99
1.97
2.0
2.02
2.06
2.09
2.12
2.16
2.14
2.12
2.08
2.05
2.02
1.99
1.97
1.93
1.92
1.88
1.87
1.85
1.82
1.81
1.79
1.82
1.82
1.85
1.92
1.99
2.07
2.16
2.26
2.35
2.47
2.59
2.73
2.89
3.07
3.9
3.89
3.87
3.86
3.85
3.84
3.83
3.82
3.81
3.8
3.79
3.79
3.78
3.78
3.78
3.78
