0.97
0.98
0.97
0.98
0.97
0.98
0.98
0.97
0.97
0.98
0.97
0.98
0.98
0.99
0.99
0.99
0.99
1.0
1.0
1.01
1.02
1.03
1.03
1.03
1.03
1.03
1.04
1.05
1.06
1.07
1.08
1.09
1.11
1.12
1.13
1.14
1.15
1.15
1.17
1.18
1.21
1.22
1.25
1.26
1.28
1.29
1.32
1.35
1.38
1.4
1.43
1.46
1.5
1.53
1.56
1.6
1.63
1.67
1.72
1.77
1.82
1.88
1.95
2.01
2.08
2.16
2.24
2.36
2.44
2.57
2.69
2.84
3.05
3.28
3.58
3.94
4.45
5.34
10.64
15.58
15.57
15.57
16.55
19.14
20.15
19.45
19.43
13.27
5.67
5.65
4.45
4.04
3.7
3.42
3.2
2.98
2.79
2.62
2.48
2.34
2.23
2.13
2.03
1.94
1.86
1.79
1.73
1.66
1.6
1.55
1.49
1.46
1.41
1.37
1.33
1.29
1.27
1.23
1.19
1.16
1.15
1.12
1.1
1.07
1.06
1.04
1.03
1.01
0.99
0.98
0.96
0.95
0.94
0.94
0.92
0.91
0.9
0.89
0.89
0.88
0.87
0.87
0.86
0.85
0.83
0.83
0.83
0.82
0.82
0.81
0.81
0.8
0.8
0.79
0.79
0.78
0.77
0.77
0.76
0.76
0.76
0.77
0.76
0.76
0.76
0.76
0.76
0.76
0.76
0.75
0.75
0.76
0.76
0.76
0.76
0.74
0.73
0.74
0.8
4.17
