1.3
1.32
1.75
1.77
1.81
1.81
1.84
1.82
1.8
1.78
1.75
1.54
1.43
1.69
1.67
1.65
1.62
0.68
0.65
0.66
1.36
1.54
1.52
1.51
1.52
1.56
1.62
1.71
4.08
4.02
3.95
3.79
3.8
3.81
3.84
3.84
3.82
1.68
1.68
0.77
0.72
0.72
0.75
8.88
8.83
8.96
6.18
7.04
7.1
8.79
1.59
1.56
6.11
8.68
3.6
3.64
1.35
1.36
3.57
3.56
3.55
3.55
3.56
3.52
3.53
3.51
3.44
3.26
3.39
3.41
3.5
3.52
3.5
0.97
0.97
3.5
3.5
3.51
3.52
3.53
3.55
3.55
3.58
3.59
3.6
3.61
3.63
3.64
3.66
3.69
3.68
3.7
3.72
3.74
3.75
3.77
3.8
3.83
3.85
3.87
3.89
3.91
3.94
3.97
4.03
81.83
7.72
4.52
4.5
4.5
4.79
4.82
4.81
4.82
4.91
4.72
4.78
4.84
4.9
4.81
8.03
8.06
7.19
7.02
6.87
6.79
6.89
6.99
8.36
8.41
8.46
8.04
7.82
7.87
7.85
7.89
7.98
8.13
8.9
8.12
1.46
1.43
1.38
1.33
1.29
1.3
1.31
1.34
1.36
1.38
1.4
1.43
1.45
1.47
1.5
1.53
1.56
1.59
1.63
1.66
1.69
1.73
1.77
1.81
1.85
1.87
1.84
1.83
1.8
1.78
1.76
1.75
1.73
1.72
1.7
1.68
1.69
1.67
1.66
1.64
