3.86
3.71
3.6
3.6
3.6
3.61
3.61
3.57
3.56
3.6
1.27
1.25
1.25
1.01
0.99
0.99
1.01
8.7
8.61
8.54
6.05
6.04
8.57
6.74
6.75
0.51
0.49
0.49
0.48
0.5
3.18
3.15
3.13
3.14
3.11
3.11
3.08
3.08
3.07
3.07
2.77
2.77
2.87
2.87
3.01
3.01
3.01
3.0
3.0
2.99
2.99
2.99
2.99
2.99
2.99
2.99
2.99
3.0
3.01
3.01
3.03
3.05
3.05
3.08
3.09
3.09
3.1
3.11
3.12
3.14
3.16
3.15
3.18
3.2
3.21
3.22
3.25
3.27
3.28
3.31
3.33
3.36
3.38
3.4
3.46
3.45
6.49
3.96
3.95
3.96
3.97
3.99
4.26
4.27
4.28
4.29
4.24
4.23
4.29
4.35
4.26
4.26
7.53
6.65
6.5
6.36
6.29
6.31
6.41
6.52
7.9
7.96
7.66
7.37
7.37
7.41
7.45
7.47
7.53
7.63
7.32
7.35
7.85
7.35
7.36
8.7
8.88
7.9
7.91
4.72
4.67
4.62
4.57
4.39
4.32
4.23
4.23
4.27
1.13
1.09
1.09
1.07
1.06
1.04
1.02
1.01
1.0
1.01
1.01
1.06
1.08
1.12
1.17
1.21
1.26
1.32
1.36
1.42
1.49
1.57
1.64
1.73
1.72
1.72
1.71
1.7
1.69
1.69
1.68
1.67
1.67
1.67
1.66
1.66
1.65
1.65
1.65
1.65
1.65
1.65
