1.87
1.94
2.03
2.24
2.17
2.15
3.19
3.19
3.19
3.21
3.22
3.17
3.23
3.26
3.26
3.28
3.28
3.31
3.32
3.34
3.35
3.38
1.6
1.53
1.4
1.36
1.31
1.27
1.22
1.19
1.16
1.12
1.07
1.11
1.13
1.14
1.16
1.17
1.19
1.2
1.22
1.25
1.26
1.28
1.3
1.32
1.35
1.38
1.4
1.42
1.44
1.49
1.52
1.29
1.25
1.32
1.35
1.38
1.42
1.44
1.45
1.44
1.44
1.49
1.55
1.6
1.67
1.72
1.8
1.88
1.96
2.06
2.18
2.3
2.44
2.58
2.76
2.96
3.18
3.45
4.0
4.94
4.95
5.58
6.38
7.63
9.27
10.93
10.92
10.94
10.92
20.44
23.32
22.67
23.0
12.85
10.86
10.02
9.42
8.97
8.57
7.77
6.22
6.06
5.93
5.8
5.67
5.54
5.42
1.37
1.32
1.26
1.21
1.12
1.16
1.36
1.37
1.05
0.99
0.94
0.91
0.87
0.84
0.8
0.77
0.75
0.72
0.71
0.68
0.66
0.66
0.64
0.62
0.6
0.59
0.59
0.6
0.61
0.63
0.64
0.65
0.66
0.68
0.68
0.69
0.7
0.72
0.73
0.55
0.33
0.32
0.33
0.31
0.58
1.25
1.3
0.65
0.61
0.63
0.6
0.67
1.55
1.44
1.13
0.73
0.63
0.74
0.91
1.91
2.76
2.75
2.74
2.74
2.73
2.73
2.74
2.73
1.61
1.57
1.88
