0.69
0.69
0.69
0.69
0.67
0.67
0.68
0.69
0.69
0.68
0.67
0.66
0.59
0.45
0.47
0.48
0.49
0.49
0.49
0.5
0.5
0.5
0.5
0.5
0.51
0.51
0.51
0.51
0.51
0.51
0.51
0.51
0.52
0.53
0.53
0.52
0.54
0.54
0.54
0.56
4.57
4.5
4.43
4.37
4.31
4.24
3.84
4.15
4.09
4.05
4.01
3.98
3.48
3.9
3.87
3.84
3.8
2.97
2.92
2.9
2.88
2.87
2.86
2.85
2.84
2.83
2.82
2.82
2.81
2.8
2.8
2.8
2.8
2.81
2.79
2.79
2.79
2.79
2.8
2.8
2.81
2.81
2.82
2.83
2.84
2.85
2.86
2.86
2.9
2.96
3.66
3.68
3.7
3.72
3.74
3.77
3.8
3.83
3.86
3.9
3.94
3.97
4.02
4.05
4.1
4.15
4.21
4.25
4.31
4.37
4.43
4.49
4.57
4.65
4.73
4.81
4.92
8.46
8.11
7.94
7.99
8.28
6.97
6.75
6.52
6.31
6.14
5.97
5.79
5.64
5.49
5.35
5.23
5.12
5.01
4.93
4.8
4.7
4.61
4.51
4.43
4.35
4.29
4.21
4.14
4.08
4.03
3.97
3.9
3.85
3.8
3.75
3.7
3.66
3.61
3.58
3.54
3.5
3.48
0.76
0.75
0.74
0.74
0.73
0.73
0.73
0.73
0.72
0.71
0.71
0.7
0.7
0.7
0.68
0.68
0.67
0.66
0.66
0.66
0.89
