0.99
0.98
0.99
0.98
0.99
0.99
0.98
0.97
0.97
0.98
0.98
0.98
0.97
0.98
1.0
1.0
1.01
1.01
1.01
1.02
1.03
1.04
1.04
1.05
1.06
1.07
1.07
1.09
1.1
1.12
1.12
1.14
1.14
1.15
1.16
1.19
1.2
1.22
1.23
1.24
1.27
1.29
1.3
1.33
1.35
1.38
1.39
1.42
1.45
1.48
1.51
1.55
1.58
1.62
1.67
1.7
1.75
1.8
1.86
1.91
1.98
2.05
2.12
2.21
2.3
2.39
2.53
2.61
2.76
2.95
3.16
3.43
3.73
4.13
4.74
10.18
10.31
15.27
15.26
15.27
15.28
19.06
18.51
19.37
19.12
12.93
5.38
4.78
4.14
3.75
3.41
3.13
2.91
2.71
2.53
2.37
2.23
2.11
2.01
1.92
1.82
1.76
1.69
1.62
1.55
1.5
1.45
1.4
1.35
1.3
1.26
1.22
1.19
1.16
1.12
1.09
1.07
1.04
1.02
1.0
0.98
0.97
0.94
0.93
0.92
0.9
0.88
0.88
0.87
0.85
0.84
0.82
0.81
0.81
0.81
0.8
0.78
0.78
0.77
0.77
0.76
0.75
0.74
0.74
0.73
0.73
0.73
0.72
0.72
0.71
0.71
0.7
0.7
0.69
0.69
0.69
0.68
0.68
0.68
0.68
0.68
0.68
0.68
0.68
0.67
0.66
0.67
0.66
0.66
0.66
0.67
0.67
0.67
0.67
0.67
0.68
0.68
0.68
0.68
0.68
