1.57
1.57
1.57
1.57
1.56
1.56
1.57
1.57
1.58
1.59
1.59
1.59
1.61
1.61
1.63
1.63
1.64
1.65
1.65
1.66
1.67
1.68
1.69
1.7
1.71
1.73
1.75
1.76
1.78
1.79
1.82
1.84
1.86
1.88
1.9
1.93
1.95
1.98
2.01
2.04
2.07
2.1
2.13
2.18
2.21
2.25
2.29
2.33
2.37
2.42
2.47
2.53
2.58
2.64
2.7
2.77
2.86
2.93
3.0
3.1
3.19
3.29
3.39
3.51
3.63
3.76
3.91
4.08
4.26
4.47
4.69
7.34
6.75
13.87
13.54
81.83
9.32
9.27
9.16
9.18
81.83
12.23
81.83
81.83
81.83
81.83
7.57
7.67
81.83
81.83
81.83
81.83
81.83
81.83
81.83
81.83
81.83
81.83
81.83
81.83
81.83
5.88
5.91
2.35
2.2
2.06
1.93
1.83
1.74
1.65
1.57
1.5
1.45
1.38
1.33
1.29
1.25
1.2
1.16
1.12
1.07
1.05
1.02
0.99
0.96
0.94
0.92
0.89
0.87
0.85
0.84
0.83
0.81
0.79
0.78
0.77
0.75
0.74
0.74
0.72
0.72
0.72
0.7
0.69
0.68
0.67
0.66
0.66
0.66
0.65
0.65
0.64
0.63
0.63
0.62
0.61
0.61
0.61
0.61
0.6
0.6
0.59
0.59
0.59
0.58
0.59
0.58
0.58
0.58
0.58
0.58
0.58
0.58
0.57
0.58
0.57
0.57
0.58
0.58
0.58
