4.11
4.48
5.02
81.83
81.83
13.45
13.46
13.46
13.47
13.49
13.5
13.51
13.54
11.34
9.99
8.88
7.97
7.72
6.63
6.15
5.73
5.35
5.03
4.74
4.5
4.3
4.07
3.89
3.73
3.57
3.43
3.3
3.19
3.08
2.96
2.86
2.77
2.7
2.62
2.55
2.47
2.41
2.36
2.3
2.25
2.19
2.16
2.1
2.12
2.16
2.21
2.25
2.28
4.78
4.86
4.95
5.04
4.5
4.61
4.39
5.31
6.97
7.0
6.92
6.85
5.49
5.53
6.65
6.59
6.53
6.46
6.43
6.36
6.32
6.27
5.45
5.44
5.4
5.37
5.47
5.82
4.61
6.07
6.05
5.93
6.0
5.99
5.98
5.9
5.88
5.88
5.86
5.86
5.85
5.84
5.82
5.27
5.27
5.28
5.84
5.85
4.77
4.77
4.72
5.9
5.92
5.93
5.84
4.05
3.79
3.57
3.57
3.59
3.55
3.36
3.29
3.29
3.31
3.33
3.36
3.4
3.45
3.48
3.54
3.42
3.32
3.21
3.12
3.02
2.94
2.88
2.8
2.72
2.67
2.6
2.53
2.48
2.43
2.38
2.33
2.29
1.99
2.02
2.06
2.11
2.1
2.17
2.32
2.3
2.26
2.23
2.19
2.18
2.14
2.12
2.09
2.07
2.03
2.1
2.14
2.17
2.2
2.25
2.28
2.33
2.36
81.83
81.83
81.83
81.83
81.83
81.83
2.73
81.83
81.83
81.83
81.83
81.83
81.83
81.83
