2.33
4.15
4.18
4.08
4.25
3.43
4.29
4.34
4.39
4.06
3.96
4.02
3.76
3.58
3.51
3.76
3.82
3.87
3.92
3.84
3.85
4.21
81.83
2.95
4.39
4.29
0.96
0.94
0.89
0.88
0.88
0.88
0.87
0.87
0.86
0.87
0.9
0.91
0.94
0.97
1.0
1.03
1.07
1.12
1.15
1.2
1.25
1.3
1.36
1.41
1.47
1.55
1.64
1.72
1.82
1.94
2.07
2.23
2.4
2.6
2.84
3.13
3.48
3.91
4.47
5.24
6.45
8.98
8.98
8.98
8.96
11.35
11.28
11.15
11.47
11.47
11.5
11.52
13.83
13.86
13.89
13.93
13.99
4.39
3.3
2.74
2.51
2.27
2.09
1.92
1.83
1.7
1.62
1.54
1.47
1.41
1.35
1.3
1.25
1.2
1.17
1.12
1.09
1.05
1.02
0.99
0.96
0.94
0.92
0.89
0.88
0.86
0.85
0.83
0.8
0.79
0.78
0.77
0.75
0.74
0.73
0.71
0.7
0.69
0.68
0.68
0.67
0.66
0.65
0.65
0.65
0.64
0.64
0.63
0.62
0.62
0.61
0.61
0.6
0.6
0.59
0.59
0.59
0.58
0.58
0.58
0.58
0.57
0.56
0.56
0.56
0.56
0.55
0.55
0.55
0.55
0.55
0.55
0.55
0.55
0.55
0.55
0.55
0.55
0.55
0.55
0.55
0.55
0.55
0.55
0.55
0.55
0.55
0.56
0.56
0.56
0.59
0.58
0.58
0.58
