1.92
1.91
1.92
1.92
1.95
1.95
2.16
2.61
2.63
2.65
2.68
2.71
2.74
2.77
2.8
2.83
2.88
2.91
2.94
3.0
2.8
1.74
1.77
3.17
3.23
3.26
3.2
3.16
3.09
3.04
2.99
2.94
2.91
2.86
2.82
2.78
2.74
2.7
2.67
2.64
2.62
2.59
2.56
2.54
2.53
1.68
1.66
1.65
1.63
1.63
1.62
1.61
1.6
1.59
1.58
1.56
1.56
1.55
1.56
1.55
1.53
1.52
1.51
1.51
1.5
1.51
1.52
1.53
1.49
1.49
1.5
1.5
1.5
1.68
1.69
1.69
1.69
1.69
1.69
1.7
1.71
1.71
1.72
1.73
2.31
2.33
2.34
2.35
2.36
2.37
2.38
2.39
2.4
2.43
2.44
2.46
2.48
2.49
2.51
2.54
2.57
2.59
2.62
2.64
2.66
2.7
2.73
2.77
2.8
2.84
2.88
2.92
2.97
3.02
3.02
2.97
2.91
17.35
18.54
18.71
81.83
81.83
8.87
8.59
8.29
7.98
7.69
6.77
7.23
7.28
8.11
8.17
7.07
8.3
8.37
8.44
8.5
8.58
8.66
8.75
8.84
8.92
8.96
8.89
8.86
6.53
6.5
5.09
5.03
4.99
4.93
4.89
4.86
4.81
4.78
4.74
4.71
4.67
4.65
4.63
4.6
4.58
4.55
4.53
4.52
4.5
4.49
4.47
4.46
4.45
4.44
4.44
4.43
4.43
4.43
4.43
4.44
4.44
4.45
4.46
