0.86
0.87
0.87
0.87
0.86
0.87
0.87
0.87
0.87
0.87
0.87
0.87
0.88
0.88
0.88
0.89
0.89
0.9
0.9
0.9
0.91
0.92
0.92
0.92
0.93
0.93
0.93
0.93
0.94
0.93
1.1
1.11
1.11
1.12
1.13
1.15
1.16
1.18
1.2
1.21
1.23
1.25
1.26
1.28
1.3
1.32
1.34
1.36
1.39
1.41
1.44
1.47
1.51
1.54
1.56
1.6
1.63
1.62
1.6
1.59
1.58
1.58
1.65
1.69
1.75
1.79
1.77
1.81
1.85
1.89
1.92
1.93
1.91
1.88
1.87
1.84
1.81
1.81
1.79
1.77
1.75
1.73
1.71
1.71
1.69
1.68
1.66
1.65
1.63
1.62
1.45
1.35
1.41
1.49
1.57
1.56
1.56
1.55
1.55
1.54
1.54
1.53
1.52
1.52
1.52
1.52
1.51
1.51
1.51
1.51
1.5
1.5
1.5
1.51
1.51
1.5
1.51
1.51
1.52
1.52
1.52
1.53
1.54
1.52
1.4
1.3
1.3
1.29
1.3
1.32
1.34
1.36
1.39
1.4
1.43
1.45
1.47
1.44
1.41
1.39
1.36
1.36
1.33
1.31
1.29
1.28
1.26
0.92
0.86
0.89
0.87
0.43
0.32
0.31
0.31
0.31
0.3
0.29
0.3
0.3
0.3
0.29
0.29
0.28
0.28
0.28
0.28
0.27
0.27
0.27
0.26
0.26
0.25
0.24
0.24
0.25
0.24
0.24
0.24
0.23
