5.42
5.37
5.33
5.25
5.21
3.52
3.5
3.47
3.47
3.46
3.43
3.42
3.41
3.4
3.38
3.19
3.17
3.16
3.15
3.11
3.11
3.44
3.44
3.43
3.42
3.42
3.42
3.42
3.41
3.42
3.41
3.42
3.47
5.64
5.65
5.66
5.67
5.69
5.71
5.72
5.74
5.76
5.78
5.81
5.83
5.86
5.89
5.92
5.64
5.38
5.15
4.94
4.75
4.58
4.42
4.28
4.14
4.02
3.9
3.79
3.68
3.59
3.5
3.41
3.33
3.27
3.18
3.12
3.06
3.0
2.99
3.04
3.1
3.18
5.87
5.8
5.75
5.37
5.39
4.15
4.1
3.96
3.92
3.92
4.02
4.12
4.23
4.34
2.2
2.17
2.16
2.14
2.13
2.11
2.09
2.09
2.07
2.07
2.96
3.02
3.01
2.99
2.97
2.97
3.27
3.9
3.89
3.89
4.69
4.69
4.71
4.7
4.69
4.68
4.67
4.67
4.67
4.66
4.65
4.65
4.76
4.76
4.77
4.78
4.78
4.8
4.81
4.83
4.83
4.86
4.76
4.77
3.24
3.03
2.85
2.68
2.56
2.44
2.32
2.22
2.13
2.05
1.98
1.9
1.84
1.78
1.73
1.68
1.62
1.57
1.55
1.5
1.47
1.43
1.39
1.37
1.33
1.32
1.28
1.26
1.24
1.22
1.2
1.18
1.15
1.14
1.13
1.12
1.13
1.13
1.14
1.14
1.16
1.18
1.19
1.21
1.23
1.25
1.27
1.29
