8.66
8.66
8.66
8.66
8.65
18.15
20.94
20.66
20.69
20.72
10.32
8.82
8.17
7.65
7.25
6.92
6.63
6.37
6.15
5.93
5.75
5.57
4.05
3.98
3.89
3.82
3.75
3.69
3.63
3.56
3.51
3.45
3.4
3.36
3.3
3.25
3.22
3.17
3.14
3.1
3.1
3.12
3.14
3.24
3.34
3.45
3.57
3.66
3.64
3.6
3.57
3.56
3.54
3.52
3.5
3.47
3.46
3.44
3.42
3.42
3.41
3.4
3.4
3.39
3.38
3.37
3.37
3.37
3.37
3.37
3.36
3.37
3.37
3.37
3.37
3.39
3.4
3.41
3.42
3.43
3.44
3.45
3.47
3.49
3.51
3.52
3.54
3.56
10.13
11.91
17.89
81.83
81.83
81.83
16.43
81.83
81.83
81.83
81.83
10.48
8.86
7.64
6.7
6.33
6.33
5.02
4.61
4.27
3.98
3.71
3.49
3.29
3.12
2.98
2.85
2.7
2.6
2.48
2.39
2.3
2.21
2.14
2.07
2.01
1.95
1.89
1.84
1.77
1.75
1.7
1.65
1.61
1.57
1.53
1.49
1.48
1.43
1.4
1.37
1.35
1.32
1.31
1.29
1.26
1.25
1.22
1.21
1.2
1.18
1.16
1.15
1.14
1.13
1.11
1.11
1.09
1.08
1.07
1.07
1.07
1.05
1.08
1.08
1.15
1.2
1.25
1.41
1.46
1.52
1.57
1.65
1.72
1.78
1.88
4.74
4.71
4.68
2.12
2.12
4.62
