0.41
0.41
0.41
0.41
0.41
0.41
0.41
0.41
0.41
0.41
0.41
0.42
0.41
0.41
0.41
0.42
0.41
0.41
0.41
0.41
0.41
0.42
0.41
0.42
0.42
0.42
0.42
0.43
0.43
0.43
0.44
0.44
0.44
0.45
0.45
0.45
0.46
0.46
0.47
0.47
0.48
0.48
0.49
0.49
0.5
0.51
0.51
0.52
0.52
0.53
0.54
0.55
0.56
0.56
0.56
0.58
0.59
0.6
0.61
0.63
0.65
0.66
0.67
0.69
0.78
0.83
0.86
1.07
1.11
1.14
1.18
1.21
1.25
1.3
1.34
1.39
1.45
1.51
1.58
1.64
1.72
1.8
1.89
2.01
2.12
2.27
2.41
2.61
2.84
3.14
3.49
3.93
4.47
5.16
6.08
7.48
7.72
11.59
11.62
11.59
11.61
7.11
4.69
4.27
2.85
2.41
2.02
1.89
1.92
1.93
1.91
1.88
1.72
1.59
1.5
1.49
1.34
1.27
1.2
1.14
1.09
1.04
1.01
0.96
0.92
0.87
0.87
0.88
0.89
0.91
0.93
0.85
0.8
0.75
0.75
0.74
0.73
0.72
0.72
0.72
0.73
0.78
0.79
0.8
0.82
0.83
0.85
0.86
0.88
0.89
0.91
0.93
0.96
0.97
1.0
1.03
1.06
1.08
1.06
1.05
1.04
1.03
1.01
1.01
1.0
1.0
0.99
0.98
0.97
0.97
0.96
0.96
0.95
0.94
0.93
0.93
0.92
0.92
0.92
0.92
