0.89
0.88
0.87
0.86
0.85
0.84
0.84
0.83
0.83
0.82
0.81
0.8
0.8
0.79
0.79
0.78
0.78
0.77
0.76
0.76
0.75
0.75
0.75
0.75
0.74
0.74
0.74
0.74
0.74
0.73
0.73
0.73
0.73
0.73
0.73
0.73
0.73
0.73
0.73
0.73
0.74
0.74
0.74
0.74
0.74
0.74
0.74
0.74
0.75
0.75
0.76
0.76
0.77
0.78
0.78
0.79
0.8
0.8
0.81
0.82
0.82
0.83
0.83
0.84
0.85
0.86
0.87
0.88
0.89
0.9
0.9
0.92
0.93
0.94
0.96
0.98
0.99
1.01
1.03
1.05
1.06
1.09
1.11
1.14
1.16
1.19
1.22
1.23
1.27
1.3
1.32
1.36
1.4
1.44
1.48
1.53
1.58
1.62
1.68
2.87
2.85
2.82
2.82
2.8
2.78
2.77
2.76
2.75
2.74
2.73
2.71
2.7
2.7
2.7
2.69
2.68
2.68
2.68
2.69
2.68
2.69
2.68
2.68
2.69
2.69
2.71
2.72
2.72
2.73
2.75
2.76
2.77
2.78
2.79
2.81
2.82
2.84
2.86
2.87
2.89
2.91
2.93
2.95
2.99
3.01
3.05
3.09
3.13
3.16
3.2
0.87
0.84
0.82
0.8
0.77
0.74
0.73
0.71
0.69
0.67
0.62
0.65
0.72
0.76
0.74
0.72
0.72
0.69
0.68
0.67
0.66
0.65
0.63
0.63
0.61
0.6
0.59
0.58
0.58
0.57
