2.71
2.51
2.37
2.24
2.13
2.02
1.93
1.85
1.78
1.71
1.66
1.6
1.55
1.51
1.46
1.42
1.37
1.35
1.31
1.28
1.24
1.23
1.2
1.16
1.15
1.13
1.11
1.09
1.07
1.04
1.02
1.0
1.0
0.99
0.98
0.96
0.94
0.93
0.92
0.91
0.89
0.88
0.87
0.86
0.86
0.85
0.84
0.84
0.83
0.82
0.81
0.8
0.8
0.79
0.79
0.78
0.78
0.78
0.78
0.78
0.78
0.77
0.78
0.78
0.77
0.76
0.76
0.76
0.76
0.76
0.76
0.77
0.77
0.76
0.76
0.77
0.76
0.77
0.77
0.77
0.77
0.77
0.78
0.78
0.78
0.79
0.79
0.79
0.79
0.79
0.8
0.8
0.81
0.82
0.83
0.83
0.85
0.85
0.86
0.87
0.88
0.89
0.9
0.92
0.93
0.94
0.95
0.97
0.98
1.0
1.01
1.02
1.05
1.07
1.08
1.1
1.13
1.14
1.17
1.19
1.23
1.25
1.28
1.32
1.34
1.38
1.42
1.45
1.5
1.55
1.6
1.66
1.72
1.78
1.86
1.93
2.02
2.12
2.24
2.37
2.52
2.7
2.92
3.21
3.55
4.08
4.86
9.41
9.37
9.0
9.04
9.25
9.22
6.59
6.56
6.53
6.52
6.52
6.51
6.5
6.5
6.5
6.49
6.49
6.49
6.49
6.5
6.51
6.52
6.52
6.54
6.55
6.57
5.7
5.09
4.67
4.35
4.05
3.8
3.58
