2.59
2.48
2.38
2.29
2.2
2.13
2.06
1.99
1.93
1.87
1.82
1.76
1.72
1.67
1.62
1.6
1.57
1.52
1.04
0.98
0.98
0.99
1.01
1.03
1.05
1.06
1.08
1.11
1.12
1.14
1.17
1.19
1.18
1.16
1.15
1.13
1.12
1.1
1.09
1.08
1.07
1.05
1.05
1.04
1.04
1.03
0.79
0.79
1.01
1.0
0.99
0.98
0.98
0.97
0.96
0.96
0.96
0.95
0.95
0.95
0.95
0.94
0.94
0.94
0.94
0.95
0.94
0.94
0.94
0.94
0.94
0.94
0.94
0.94
0.94
0.95
0.95
0.95
0.94
0.95
0.95
0.95
0.95
0.95
0.95
0.96
0.97
0.97
0.98
0.99
0.99
1.0
1.01
1.02
1.03
1.04
1.04
1.05
1.06
1.07
1.09
1.11
1.11
1.12
1.14
1.15
1.16
1.18
1.19
1.21
1.23
1.26
1.28
1.3
1.31
1.34
1.37
1.4
1.42
1.45
1.48
1.52
1.55
1.57
1.62
1.67
1.71
1.75
1.8
1.85
1.91
1.98
2.03
2.1
2.17
2.26
2.34
2.43
2.53
2.66
2.74
2.34
3.1
3.27
3.49
3.73
4.01
4.32
4.36
4.35
4.32
4.36
5.0
5.77
6.79
10.74
10.73
11.98
11.99
12.01
14.43
81.83
14.45
7.3
5.67
4.78
4.15
3.67
3.28
2.96
2.71
2.5
2.32
2.17
2.03
1.91
1.8
1.64
1.61
1.61
