1.03
1.03
1.03
1.04
1.04
1.04
1.05
1.04
1.05
1.05
1.06
1.05
1.05
1.06
1.06
1.07
1.07
1.08
1.09
1.1
1.1
1.1
1.11
1.12
1.13
1.14
1.16
1.17
1.28
1.27
1.25
1.23
1.24
1.26
1.28
1.29
1.3
1.33
1.35
1.37
1.4
1.42
1.45
1.47
1.5
1.53
1.57
1.6
1.64
1.68
1.71
1.76
1.79
1.85
1.89
1.95
2.01
2.08
2.14
2.22
2.29
2.38
2.47
2.56
2.68
2.78
2.92
3.06
3.22
4.5
4.35
4.32
4.29
4.41
4.75
5.15
5.62
6.19
6.93
7.83
8.9
10.14
10.12
10.11
10.1
10.09
10.1
10.1
10.1
10.1
10.11
5.74
5.65
5.7
5.76
5.83
5.91
5.98
6.0
5.96
5.94
4.81
4.86
4.91
4.96
5.0
3.27
3.11
2.98
2.85
2.75
2.63
2.55
2.45
2.38
2.3
2.23
2.16
2.1
2.04
2.0
1.94
1.89
1.85
1.8
1.77
1.72
1.69
1.66
1.62
1.6
1.57
1.55
1.52
1.49
1.47
1.45
1.42
1.4
1.38
1.37
1.36
1.34
1.32
1.31
1.29
1.28
1.27
1.26
1.25
1.24
1.23
1.22
1.21
1.2
1.19
1.18
1.18
1.17
1.17
1.16
1.16
1.15
1.15
1.14
1.13
1.13
1.13
1.13
1.13
1.13
1.12
1.12
1.12
1.12
1.12
1.12
1.12
1.12
1.12
