2.83
2.88
2.93
2.97
3.02
3.08
3.14
1.59
3.28
3.35
3.42
3.51
3.58
3.67
3.76
3.87
3.98
4.1
4.22
1.39
0.96
1.04
1.38
1.37
1.34
1.32
1.31
1.29
1.28
1.24
1.27
1.27
1.27
1.27
1.26
1.27
1.27
1.28
1.28
1.27
1.26
1.29
1.32
3.83
3.82
3.83
3.83
5.81
6.12
6.12
3.94
2.23
1.7
6.15
5.35
6.17
6.0
5.97
1.21
5.69
5.25
4.84
4.51
4.22
3.96
3.74
3.53
3.36
3.21
3.06
2.93
2.82
2.71
2.62
2.52
2.45
2.37
2.3
2.23
2.17
2.09
2.05
1.99
1.95
1.91
1.86
1.82
1.78
1.74
1.71
1.67
1.64
1.61
1.58
1.55
1.53
1.51
1.49
1.47
1.45
1.43
1.41
1.39
1.37
1.36
1.34
1.32
1.31
1.29
1.28
1.26
1.25
1.24
1.23
1.22
1.21
1.21
1.2
1.2
1.19
1.18
1.18
1.17
1.16
1.16
1.15
1.15
1.15
1.14
1.14
1.13
1.13
1.13
1.13
1.13
1.13
1.12
1.12
1.13
1.13
1.13
1.13
1.13
1.13
1.14
1.14
1.14
1.14
1.15
1.15
1.16
1.16
1.17
1.17
1.18
1.18
1.19
1.19
1.2
1.21
1.21
1.22
1.23
1.24
1.25
1.27
1.28
1.29
1.31
1.32
1.33
1.35
1.37
1.38
1.39
1.4
1.37
1.34
1.32
1.29
