0.65
0.65
0.64
0.62
0.63
0.61
0.62
0.61
0.61
0.59
0.59
0.59
0.59
0.58
0.58
0.57
0.56
0.57
0.57
0.56
0.56
0.57
0.56
0.56
0.56
0.56
0.56
0.57
0.56
0.56
0.57
0.56
0.56
0.57
0.57
0.56
0.56
0.57
0.56
0.57
0.57
0.57
0.56
0.57
0.58
0.58
0.58
0.58
0.59
0.59
0.6
0.6
0.61
0.61
0.62
0.62
0.63
0.64
0.65
0.65
0.65
0.66
0.66
0.67
0.68
0.68
0.68
0.72
6.15
5.98
5.9
4.67
4.58
4.51
4.43
4.35
4.29
4.21
2.16
2.12
2.1
2.07
2.06
2.04
2.03
2.01
1.99
1.97
1.97
1.7
1.68
1.68
1.66
1.65
1.63
1.61
1.59
1.58
1.61
1.7
1.78
1.87
1.99
2.1
2.23
2.38
2.58
2.79
3.02
3.3
3.68
4.15
4.66
5.44
7.45
7.43
7.42
7.42
7.41
7.41
7.41
7.41
7.42
7.42
7.41
7.46
7.46
7.49
7.51
7.52
7.55
7.57
7.6
7.64
3.26
3.19
3.14
3.1
3.12
3.17
3.23
3.29
3.36
3.43
3.51
3.56
3.61
3.57
3.5
3.42
3.27
3.18
3.29
3.22
3.1
2.83
2.75
2.7
2.5
2.49
2.72
2.78
2.8
2.82
2.88
2.92
81.83
81.83
81.83
81.83
81.83
3.19
3.21
81.83
81.83
81.83
81.83
81.83
81.83
3.98
