1.75
1.72
1.67
1.63
1.61
1.57
1.54
1.51
1.49
1.47
1.46
1.44
1.42
1.4
1.37
1.36
1.34
1.32
1.31
1.29
1.28
1.26
1.25
1.24
1.24
1.23
1.22
1.21
1.2
1.2
1.19
1.17
1.17
1.16
1.16
1.15
1.15
1.15
1.14
1.13
1.13
1.12
1.12
1.12
1.12
1.12
1.12
1.13
1.13
1.12
1.11
1.12
1.12
1.12
1.12
1.13
1.13
1.14
1.14
1.15
1.15
1.16
1.17
1.17
1.18
1.19
1.19
1.19
1.2
1.21
1.22
1.23
1.24
1.25
1.26
1.28
1.29
1.31
1.32
1.33
1.35
1.37
1.39
1.4
1.41
1.43
1.46
1.47
1.5
1.53
1.56
1.59
1.62
1.64
1.68
1.72
1.76
1.81
1.85
1.9
1.96
2.01
2.07
2.12
2.19
2.27
2.34
2.44
2.52
2.63
2.75
2.88
3.02
3.19
3.44
3.69
4.02
4.48
3.18
4.08
4.08
3.71
4.08
4.08
4.08
4.08
4.08
4.15
9.24
9.19
9.15
9.12
9.08
9.05
9.03
9.01
8.99
8.96
8.94
8.93
8.92
8.89
9.78
12.49
12.46
12.04
13.46
13.37
12.73
7.85
6.61
6.53
5.53
4.77
4.34
3.93
3.62
3.35
3.15
2.97
2.77
2.62
2.48
2.35
2.25
2.14
2.04
1.97
1.89
1.83
1.78
1.7
1.65
1.6
1.54
1.5
1.46
1.41
1.37
1.34
