3.64
3.68
3.71
3.75
3.79
3.84
3.88
3.91
3.96
4.01
4.49
7.18
1.48
1.42
1.37
1.33
1.33
1.34
1.36
1.36
1.38
1.39
1.39
1.38
1.37
1.37
1.36
1.36
1.35
1.35
1.34
1.36
1.15
1.73
1.74
8.35
9.07
81.83
1.6
20.39
20.41
20.45
81.83
2.71
81.83
81.83
3.67
2.79
2.8
81.83
81.83
81.83
1.07
81.83
81.83
5.42
81.83
81.83
5.65
5.69
5.73
5.77
5.82
5.88
5.92
6.0
81.83
6.11
6.16
5.32
4.78
4.32
4.82
4.1
4.09
6.32
5.26
6.52
5.2
6.7
3.83
4.98
4.28
4.24
4.44
7.54
4.36
7.75
5.01
4.8
8.19
4.58
3.82
3.28
7.81
7.43
2.83
3.54
7.52
3.5
7.38
5.74
3.98
3.0
7.16
6.13
2.87
3.05
3.05
3.93
2.51
5.29
5.26
4.24
3.07
3.6
3.19
5.85
3.66
2.79
5.51
5.41
5.29
5.21
3.11
1.81
4.93
1.0
4.76
4.69
4.61
4.55
2.23
4.43
4.37
4.33
4.28
1.53
1.31
1.57
4.1
4.05
2.05
3.98
4.0
4.1
4.08
2.15
4.04
4.01
2.18
3.97
3.94
2.61
3.92
0.79
0.78
3.83
3.81
1.17
81.83
3.83
2.09
2.53
81.83
1.32
1.3
1.2
2.21
3.73
3.71
1.66
3.54
1.78
3.54
3.55
3.56
3.56
2.36
3.57
