1.09
1.05
1.02
0.99
0.96
0.93
0.91
0.88
0.86
0.88
0.89
0.9
0.92
0.93
0.94
0.96
0.98
1.0
1.02
1.03
1.81
1.87
1.89
1.74
1.92
1.94
1.95
1.95
1.98
2.01
2.02
2.04
1.97
1.97
1.98
2.02
2.05
2.06
81.83
2.13
4.3
4.23
4.14
4.08
4.0
3.94
3.88
3.83
3.77
3.72
3.66
3.62
3.57
3.52
3.48
3.43
3.41
3.37
3.34
3.31
3.29
3.34
3.45
3.58
3.71
3.85
4.01
4.19
4.4
4.61
4.85
5.14
5.44
5.78
6.17
6.62
7.15
7.76
8.46
9.34
14.61
14.54
14.53
81.83
81.83
81.83
81.83
13.04
81.83
81.83
81.83
81.83
81.83
6.73
5.63
4.82
4.23
3.73
3.35
3.05
2.91
2.92
2.94
2.95
2.97
3.19
3.22
1.82
1.73
1.65
1.58
1.5
1.43
1.38
1.33
1.28
1.25
1.2
1.15
1.11
1.08
1.06
1.02
1.0
0.97
0.95
0.93
0.91
0.89
0.87
0.85
0.83
0.84
0.83
0.8
0.77
0.76
0.75
0.74
0.73
0.72
0.71
0.7
0.7
0.7
0.69
0.68
0.67
0.66
0.66
0.64
0.64
0.64
0.63
0.63
0.62
0.63
0.62
0.61
0.61
0.6
0.6
0.6
0.6
0.6
0.6
0.59
0.59
0.59
0.6
0.58
0.58
0.58
0.58
0.58
0.58
0.58
0.58
0.58
0.58
