1.11
1.1
1.1
1.09
1.09
1.08
1.08
1.08
1.08
1.08
1.07
1.07
1.07
1.07
1.07
1.07
1.07
1.07
1.07
1.07
1.07
1.07
1.07
1.07
1.08
1.08
1.08
1.09
1.09
1.1
1.11
1.11
1.12
1.11
1.12
1.13
1.14
1.14
1.15
1.15
1.16
1.18
1.19
1.2
1.21
1.23
1.23
1.24
1.26
1.27
1.29
1.31
1.33
1.34
1.35
1.37
1.39
1.42
1.44
1.3
1.49
1.51
1.55
1.58
1.6
1.64
1.68
1.71
1.75
1.79
1.83
1.88
1.92
1.98
2.04
2.1
2.15
2.23
2.3
2.39
2.46
2.57
2.4
2.58
2.9
3.04
3.17
3.33
3.51
3.73
3.28
4.25
4.24
4.22
4.22
4.27
4.74
5.29
5.99
6.9
10.68
10.62
11.89
11.84
11.86
11.9
14.27
14.27
7.14
5.92
4.7
3.94
3.4
2.99
2.68
2.41
2.19
2.02
1.87
1.73
1.62
1.45
1.42
1.43
1.43
1.42
1.44
1.46
1.49
5.46
5.5
3.94
5.59
7.93
5.8
3.48
7.37
7.16
5.36
6.8
2.87
4.81
6.28
3.14
3.12
3.16
3.17
0.6
0.58
0.57
0.56
0.58
0.57
0.54
0.54
0.53
0.52
0.51
0.51
0.5
0.49
0.5
0.49
0.48
0.48
0.47
0.48
0.47
0.46
0.47
0.46
0.45
0.45
0.45
0.45
0.45
0.47
0.49
0.51
0.55
