4.51
4.45
4.42
4.37
4.31
1.25
1.21
1.2
1.18
1.18
1.17
1.17
1.15
1.14
1.13
1.13
1.12
1.11
1.1
1.1
1.1
1.09
1.09
1.07
1.07
1.07
1.06
1.06
1.06
1.06
1.06
1.06
1.06
1.05
1.05
1.06
1.06
1.06
1.06
1.06
1.06
1.06
1.06
1.07
1.07
1.07
1.07
1.07
1.07
1.08
1.08
1.09
1.1
1.11
1.11
1.11
1.13
1.13
1.14
1.14
1.15
1.16
1.17
1.17
1.19
1.2
1.2
1.21
1.23
1.24
1.26
1.29
1.29
1.3
1.31
1.34
1.36
1.38
1.39
1.42
1.44
1.46
1.49
1.53
1.55
1.58
1.62
1.65
1.68
1.73
1.77
1.82
1.87
1.92
1.98
2.04
2.11
2.17
2.25
2.32
2.4
2.49
2.59
2.68
2.8
2.93
3.07
3.23
3.39
3.58
3.77
4.0
4.29
5.55
5.54
5.51
5.49
5.48
5.48
5.47
5.46
5.44
5.43
5.43
7.68
12.37
14.91
17.3
17.12
17.23
17.45
17.47
8.05
6.3
5.58
5.18
4.87
4.58
4.35
4.13
3.95
3.8
3.67
3.55
3.45
3.34
3.25
3.17
3.08
3.01
2.93
2.86
2.81
2.75
2.69
2.64
2.59
2.54
2.11
2.46
2.42
2.38
2.35
2.31
2.28
2.26
2.22
2.21
1.69
2.12
2.13
2.11
2.1
2.08
2.06
2.04
2.04
1.29
1.2
1.19
