0.93
0.93
0.93
0.93
0.93
0.93
0.93
0.94
0.94
0.94
0.95
0.95
0.95
0.96
0.96
0.96
0.97
0.97
0.99
0.99
0.99
1.0
1.0
1.01
1.02
1.02
1.03
1.03
1.04
1.05
1.06
1.07
1.08
1.09
1.11
1.13
1.14
1.15
1.17
0.92
0.94
1.22
1.24
1.26
1.28
1.3
1.32
1.34
1.37
1.39
1.42
1.44
1.47
1.5
1.54
1.58
1.62
1.65
1.7
1.74
1.79
1.85
1.9
1.97
2.03
2.11
2.17
2.26
2.35
1.92
2.54
2.67
2.8
2.93
3.09
3.27
3.48
3.73
3.34
3.98
3.97
3.96
3.96
4.4
4.98
5.74
6.72
10.38
10.35
11.62
11.63
11.63
14.04
14.04
14.05
14.07
6.02
5.16
4.43
3.88
3.46
3.12
2.84
2.61
2.42
2.25
2.1
1.97
1.84
1.75
1.67
1.58
1.52
1.45
1.39
1.29
1.25
1.24
1.25
1.25
1.26
1.29
1.3
1.32
7.22
3.36
5.33
6.67
6.52
6.37
4.71
2.72
5.96
3.08
3.01
3.04
3.07
3.1
3.13
3.17
81.83
81.83
5.05
4.97
2.95
4.84
3.91
4.72
4.67
4.62
4.58
4.53
4.47
4.45
4.4
4.36
4.32
4.29
4.25
4.23
0.56
0.55
0.55
0.54
0.56
0.57
0.57
0.56
0.56
0.56
0.55
0.56
0.56
0.55
0.55
0.55
0.55
0.55
0.54
0.54
