2.17
3.42
12.45
12.05
11.65
3.97
3.95
10.65
10.34
10.07
9.89
9.99
81.83
81.83
12.54
81.83
12.8
14.11
12.99
81.83
12.96
13.97
13.71
81.83
81.83
81.83
81.83
81.83
5.22
5.39
81.83
5.42
81.83
4.38
81.83
7.11
7.19
7.64
9.73
3.16
3.14
3.11
3.1
3.07
3.0
2.94
2.97
3.0
3.04
10.48
10.44
3.38
8.81
7.41
3.71
6.44
2.11
81.83
6.22
81.83
81.83
81.83
2.12
81.83
81.83
81.83
81.83
81.83
81.83
81.83
81.83
81.83
81.83
81.83
81.83
81.83
1.32
1.39
81.83
1.43
81.83
1.36
1.57
1.54
1.52
1.5
1.49
1.48
1.46
1.45
1.41
1.43
1.41
1.4
1.4
1.38
1.37
1.36
1.35
1.35
1.34
1.33
1.32
1.31
1.31
1.31
1.3
1.29
1.28
1.27
1.25
1.23
1.22
1.22
1.22
1.23
1.24
1.24
1.24
1.21
1.22
1.24
1.24
1.23
1.23
1.22
1.23
1.24
1.24
1.26
1.27
1.29
1.29
1.3
1.31
1.3
1.31
1.28
1.33
1.34
1.34
1.35
1.35
1.37
1.37
1.37
1.39
1.4
1.41
1.42
1.42
1.44
1.46
1.46
1.49
1.5
1.52
1.53
1.55
1.57
1.59
1.59
1.63
1.65
1.66
1.7
1.72
1.73
81.83
1.81
81.83
81.83
1.9
2.44
2.47
2.48
2.5
2.64
2.84
2.86
