4.93
6.33
6.19
6.16
6.15
6.53
6.97
7.5
8.09
8.85
9.75
10.78
14.16
14.19
14.27
81.83
81.83
81.83
81.83
15.78
81.83
81.83
4.47
3.95
3.62
3.35
3.1
2.89
2.72
2.56
2.44
2.34
2.23
2.15
2.09
2.01
1.95
1.89
1.84
1.79
1.72
1.68
1.64
1.59
1.55
1.52
1.49
1.45
1.43
1.38
1.37
1.34
1.32
1.29
1.27
1.25
1.23
1.21
1.19
1.18
1.16
1.14
1.13
1.12
1.09
1.08
1.07
1.06
1.04
1.05
1.04
1.03
1.02
1.01
1.0
0.99
0.98
0.97
0.97
1.01
1.06
1.14
1.22
2.83
2.93
3.05
3.15
3.3
3.43
3.47
3.47
3.54
3.78
4.02
4.26
4.54
4.87
5.24
5.68
6.18
6.82
7.03
7.01
7.03
8.69
11.23
81.83
18.46
19.73
19.69
22.13
14.02
8.03
8.0
8.01
8.02
8.04
8.05
8.08
6.59
5.94
5.43
4.98
4.62
4.31
4.01
3.76
3.55
3.38
3.19
3.03
2.89
2.77
2.66
2.56
2.47
2.51
2.54
2.56
2.59
2.63
2.69
2.72
2.76
2.79
2.81
2.84
2.89
2.92
5.04
4.94
4.84
4.89
4.98
5.06
5.14
5.04
4.98
4.89
4.82
4.75
4.69
4.63
4.57
4.51
4.45
4.41
4.36
4.3
4.27
4.22
4.18
4.14
4.1
4.06
4.04
4.0
1.17
1.13
1.11
