3.97
4.01
4.05
4.09
4.12
4.0
3.89
3.79
3.7
3.6
3.52
2.04
1.91
1.9
1.99
1.96
1.85
1.82
1.91
1.9
1.99
2.07
2.33
2.37
2.41
2.45
2.51
2.58
2.53
2.5
2.48
2.44
2.28
2.24
2.32
2.35
5.11
5.09
5.08
5.06
5.04
5.02
5.0
5.0
7.49
7.48
7.99
8.43
8.97
9.58
10.28
11.01
10.97
13.16
14.48
15.2
16.0
23.42
22.38
2.12
1.88
2.06
2.07
1.44
1.45
1.45
1.45
1.46
1.46
1.45
1.44
1.44
1.45
1.47
1.48
1.49
1.49
1.5
2.11
2.14
2.15
2.17
2.18
2.19
2.21
2.23
2.23
2.24
2.26
2.29
2.3
2.32
2.35
2.37
2.39
2.4
2.44
2.47
2.5
1.4
1.3
1.38
1.4
1.35
1.36
1.39
1.36
1.14
1.14
1.35
1.4
1.44
1.59
3.04
1.46
1.46
2.91
2.87
2.8
2.8
2.76
2.73
2.7
2.67
2.64
2.61
2.59
2.57
2.55
2.53
2.51
2.49
2.48
2.46
2.44
2.42
2.41
2.4
2.4
2.38
2.37
2.36
1.7
1.59
1.57
1.56
1.55
1.54
1.57
1.57
1.57
1.55
1.55
1.55
1.55
1.55
1.55
1.56
1.56
1.58
1.55
1.55
1.55
1.59
1.6
1.6
1.62
1.6
1.62
1.62
1.64
1.64
2.41
2.42
2.44
2.46
2.49
2.5
2.51
2.53
