1.54
1.52
1.52
1.52
1.52
1.53
1.53
1.52
1.5
1.53
1.52
1.53
1.52
1.5
1.5
1.51
1.52
1.53
1.54
1.56
1.56
1.57
1.57
7.42
6.95
6.53
6.28
6.29
7.82
7.87
7.92
7.98
8.03
8.1
7.83
7.54
7.28
7.09
3.76
3.66
3.56
3.46
3.37
3.29
3.22
3.14
3.06
3.0
2.93
2.88
2.81
2.75
2.7
2.64
2.61
2.57
2.53
2.49
2.45
2.42
2.38
2.37
2.42
2.48
2.55
2.62
2.69
2.77
2.85
2.92
3.03
3.12
3.22
3.33
3.45
3.58
3.72
3.88
4.05
4.26
4.47
4.74
5.01
5.33
5.67
6.09
6.54
7.08
7.68
8.45
13.7
13.57
13.48
81.83
81.83
81.83
81.83
11.9
12.06
81.83
81.83
81.83
81.83
81.83
81.83
5.91
5.15
4.56
4.09
3.68
3.37
3.13
2.88
2.68
2.5
2.34
2.22
2.1
2.0
1.94
1.98
1.98
2.0
2.02
2.04
2.06
2.31
2.34
2.36
2.38
2.41
2.43
2.46
2.49
2.52
2.54
2.58
4.11
4.49
1.06
1.01
0.98
0.96
0.95
0.92
0.91
0.9
0.88
0.88
0.87
0.84
0.84
0.84
0.81
0.8
0.79
0.78
0.78
0.77
0.77
0.76
0.74
0.75
0.74
0.73
0.72
0.72
0.72
0.71
0.71
0.71
0.71
0.7
0.7
0.69
0.69
0.69
0.69
0.68
0.69
