1.18
1.21
1.26
1.29
1.33
1.38
1.43
1.48
1.54
3.03
3.02
2.99
2.98
2.74
2.72
2.7
2.68
2.66
2.65
2.7
2.86
3.06
3.28
3.58
3.89
4.28
4.77
5.43
6.23
7.28
8.62
8.61
8.6
8.59
8.59
8.73
20.97
20.67
20.68
20.7
10.52
8.86
8.19
7.69
7.28
6.93
6.66
6.4
6.17
5.95
5.21
5.28
4.09
4.02
3.94
3.86
3.79
3.72
3.67
3.6
3.54
3.5
3.44
3.39
3.34
3.29
3.25
3.21
3.17
3.14
3.09
3.09
3.09
3.13
3.24
3.35
3.46
3.59
3.64
3.62
3.59
3.56
3.55
3.52
3.5
3.48
3.46
3.45
3.44
3.42
3.41
3.4
3.4
3.39
3.39
3.38
3.37
3.37
3.37
3.38
3.37
3.37
3.38
3.38
3.38
3.39
3.41
3.41
3.42
3.43
3.44
3.46
3.47
3.49
3.5
3.52
3.54
3.57
3.59
11.4
17.93
17.95
81.83
81.83
16.44
16.45
81.83
81.83
81.83
10.94
9.27
7.97
7.03
6.36
6.37
5.22
4.81
4.46
4.16
3.88
3.64
3.43
3.26
3.1
2.95
2.84
2.7
2.6
2.49
2.39
2.31
2.23
2.15
2.09
2.02
1.97
1.92
1.86
1.82
1.77
1.73
1.69
1.65
1.61
1.57
1.53
1.5
1.48
1.45
1.42
1.4
1.37
1.34
1.32
1.29
1.29
1.27
1.25
1.22
1.21
