2.56
2.67
2.78
2.92
3.07
3.25
3.49
3.76
4.07
4.45
5.05
23.91
23.92
81.83
81.83
10.21
10.2
8.83
8.24
7.73
7.28
6.89
6.54
6.22
5.92
5.67
5.44
5.22
5.02
4.77
4.76
4.78
4.82
7.52
7.59
7.67
3.89
3.8
3.73
3.73
3.78
3.83
3.88
3.93
3.99
4.05
4.11
4.19
4.24
4.33
4.4
4.49
4.58
4.67
4.76
4.86
4.96
5.08
5.2
5.33
5.46
5.6
5.76
5.92
6.09
3.06
3.04
3.01
2.01
1.87
1.88
1.86
1.85
1.84
1.82
1.8
1.82
2.54
2.7
2.87
3.07
3.07
3.06
3.04
3.02
3.0
2.99
2.98
2.98
2.99
2.99
2.99
2.99
2.99
2.99
5.37
5.39
5.4
4.68
4.31
4.32
4.2
4.2
5.45
5.46
5.46
4.9
4.9
4.9
4.93
4.94
4.97
5.07
5.06
5.05
5.08
5.11
5.15
5.9
5.94
6.0
6.04
6.09
6.16
6.21
6.28
4.67
4.66
6.48
6.57
6.43
6.21
2.42
2.41
2.37
2.33
2.3
2.26
2.23
2.18
2.16
2.14
1.87
1.83
1.81
1.78
1.76
1.73
1.72
1.71
1.75
1.8
1.84
1.91
1.96
1.94
1.92
1.9
1.88
1.86
1.86
1.84
1.82
1.81
1.8
1.79
1.78
1.77
1.77
1.76
1.76
1.75
1.74
1.74
1.79
1.8
1.99
2.24
2.57
3.06
