0.85
0.85
0.84
0.85
0.85
0.85
0.85
0.86
0.86
0.86
0.86
0.87
0.88
0.88
0.89
0.89
0.9
0.9
0.91
0.9
0.91
0.91
0.92
0.93
0.93
0.94
0.95
0.96
0.98
0.99
1.0
1.01
1.02
1.03
1.04
1.06
1.07
1.09
1.1
1.13
1.14
1.16
1.18
1.19
1.22
1.23
1.25
1.28
1.31
1.34
1.36
1.39
1.42
1.36
1.49
1.54
1.58
1.63
1.68
1.73
1.79
1.84
1.91
1.98
2.06
2.06
2.04
2.02
2.02
2.01
1.99
1.97
1.97
2.08
2.22
2.4
2.59
2.82
3.09
3.43
3.82
4.32
4.95
8.6
8.35
8.36
9.61
9.63
9.62
9.63
12.03
81.83
12.05
12.07
11.46
4.94
4.93
3.98
3.6
3.29
3.02
2.79
2.58
2.4
2.26
2.14
2.02
1.92
1.82
1.73
1.65
1.58
1.52
1.46
1.4
1.36
1.31
1.27
1.23
1.18
1.15
1.13
1.09
1.06
1.03
1.01
0.98
0.96
0.94
0.92
0.91
0.89
0.88
0.86
0.84
0.83
0.83
0.81
0.8
0.78
0.77
0.77
0.76
0.76
0.75
0.74
0.73
0.72
0.72
0.71
0.7
0.7
0.7
0.69
0.68
0.67
0.67
0.66
0.66
0.66
0.65
0.65
0.64
0.64
0.63
0.63
0.63
0.63
0.64
0.63
0.63
0.63
0.62
0.62
0.62
0.62
0.62
0.63
0.62
0.63
