4.66
4.69
4.72
4.76
4.81
4.84
4.89
4.93
4.39
5.02
5.07
5.13
5.18
5.25
5.1
4.97
4.87
4.18
81.83
4.04
3.54
3.46
3.39
3.23
3.18
3.13
3.15
3.21
3.28
3.35
3.42
3.49
3.58
3.66
3.76
3.85
3.95
4.06
4.17
4.3
6.1
6.04
6.0
5.94
5.9
5.86
5.82
5.78
5.74
3.17
3.09
3.06
3.02
2.99
3.06
3.14
3.24
3.34
3.46
3.55
3.69
3.83
3.99
4.18
4.41
4.66
4.96
5.32
5.78
6.45
16.96
16.94
16.96
16.97
17.0
17.05
81.83
81.83
12.09
11.25
10.07
9.32
8.64
8.07
7.59
7.14
6.78
6.42
6.1
5.82
5.58
5.48
5.52
5.56
8.33
8.37
8.33
8.07
7.83
7.83
7.9
7.98
8.07
8.2
8.12
8.24
9.46
9.59
9.73
9.89
9.72
9.51
9.37
2.4
81.83
81.83
81.83
81.83
81.83
81.83
81.83
81.83
81.83
81.83
81.83
81.83
1.62
81.83
81.83
81.83
81.83
81.83
81.83
81.83
81.83
81.83
81.83
81.83
81.83
81.83
81.83
1.2
1.18
1.12
81.83
1.09
1.08
1.07
1.05
0.93
0.82
0.84
0.66
0.67
0.71
0.94
0.92
81.83
0.79
0.79
0.86
81.83
81.83
81.83
0.92
81.83
81.83
0.87
0.87
0.85
0.85
0.85
0.84
0.84
0.82
0.83
0.81
0.81
0.82
0.81
