1.37
1.36
1.35
1.34
1.32
1.31
1.21
1.27
1.23
1.26
1.31
1.36
1.38
1.39
1.38
1.41
1.41
1.41
1.4
1.42
1.42
1.41
1.44
1.43
1.43
1.45
1.45
1.52
81.83
81.83
1.34
1.34
1.27
1.22
1.26
1.39
1.39
1.58
1.59
1.63
1.63
1.65
1.66
1.68
1.7
1.71
1.73
1.78
1.79
1.79
81.83
81.83
81.83
81.83
81.83
81.83
81.83
81.83
81.83
81.83
81.83
81.83
81.83
2.28
81.83
81.83
81.83
81.83
81.83
81.83
81.83
81.83
81.83
81.83
81.83
81.83
81.83
3.75
3.79
4.17
4.2
4.64
4.7
4.58
4.5
8.21
8.3
8.14
7.98
7.62
7.66
7.31
7.27
7.5
7.49
9.26
9.47
9.7
9.56
8.1
8.16
8.85
8.08
8.0
7.6
7.5
7.49
7.68
5.62
5.59
5.57
5.54
5.41
5.36
5.32
5.42
5.64
5.89
6.15
6.47
6.78
7.13
7.61
8.01
8.52
9.13
9.79
11.06
11.62
12.75
81.83
16.88
16.83
16.8
16.79
12.47
12.28
2.61
2.6
2.59
2.59
2.59
2.71
3.41
3.42
3.43
3.43
3.44
3.45
3.46
3.47
3.49
3.49
3.51
3.53
3.54
1.36
1.31
1.37
3.62
3.65
3.67
3.7
3.73
3.76
0.85
0.83
0.86
3.89
3.93
3.97
4.04
4.09
4.14
3.9
0.65
0.63
0.59
0.69
3.5
