0.86
0.88
0.9
0.91
0.92
0.95
0.97
0.99
1.02
1.05
1.06
1.09
1.12
1.15
1.18
1.23
1.28
1.32
1.37
1.41
1.47
1.52
1.57
1.64
1.72
1.82
1.92
2.03
2.13
3.71
3.7
3.68
3.67
3.66
3.64
3.65
3.64
3.63
3.61
3.61
3.61
3.61
3.61
3.6
3.61
3.61
3.61
3.62
3.62
3.62
3.63
3.65
3.65
3.65
3.67
3.68
3.69
3.28
3.08
2.89
2.73
2.58
2.45
2.33
2.27
1.9
1.54
1.28
1.24
1.25
1.25
1.26
1.27
1.27
1.27
1.28
1.29
1.3
1.31
1.35
6.04
5.91
5.78
5.66
5.53
5.43
5.33
5.24
5.14
5.05
4.97
4.9
4.9
5.01
7.75
7.96
7.43
8.1
9.81
9.71
8.24
9.5
9.39
9.3
9.21
9.12
9.05
8.16
8.1
8.04
81.83
8.69
8.71
8.67
8.61
8.56
8.5
8.42
8.38
8.33
8.3
7.66
7.63
8.19
7.14
8.16
5.72
5.35
5.34
5.33
3.62
3.62
3.63
3.59
8.1
8.05
3.24
3.22
3.21
3.19
3.17
3.16
3.14
3.13
3.13
3.12
3.1
3.09
3.08
3.07
3.07
3.05
3.04
3.05
3.06
3.04
3.02
3.02
3.01
3.0
2.99
3.0
2.99
2.99
3.0
3.0
3.01
3.02
3.04
3.02
3.01
2.9
3.01
3.08
3.08
3.09
3.11
3.12
3.13
3.13
