1.4
1.37
1.33
1.31
1.29
1.26
1.23
1.21
1.19
1.17
1.15
1.13
1.11
1.09
1.08
1.06
1.05
1.03
1.01
0.99
0.98
0.97
0.96
0.96
0.95
0.97
1.0
1.05
1.07
1.12
1.17
2.45
2.51
2.59
2.64
2.72
2.8
2.89
2.98
3.07
3.18
3.31
3.4
3.4
3.4
3.57
3.74
3.93
4.15
4.38
4.66
4.96
5.31
5.71
6.18
6.74
6.93
6.91
6.9
8.58
9.78
11.89
19.37
18.35
19.6
19.57
22.0
7.94
7.88
7.89
7.9
7.9
7.92
7.94
7.95
5.84
5.28
4.79
4.43
4.08
3.79
3.54
3.33
3.16
2.97
2.81
2.69
2.57
2.46
2.37
2.31
2.35
2.37
2.39
2.41
2.44
2.51
2.53
2.56
2.6
2.62
2.65
2.68
2.72
2.73
4.84
4.75
4.67
4.7
4.78
4.85
4.94
4.9
4.82
4.75
4.68
4.61
4.54
4.49
4.43
4.37
4.32
4.26
4.23
4.18
4.13
4.08
4.05
4.0
3.97
3.93
3.89
3.88
3.85
3.33
3.8
3.76
1.02
0.97
0.98
0.97
0.96
0.97
0.96
0.96
0.95
0.95
0.94
0.95
0.94
0.94
0.94
0.94
0.93
0.93
0.93
0.93
0.93
0.93
0.93
0.93
0.94
0.93
0.94
0.93
0.94
0.94
0.94
0.95
0.95
0.96
0.97
0.97
0.98
0.98
0.98
0.99
0.99
1.0
1.01
