1.23
1.26
1.28
1.29
1.32
1.34
1.37
1.39
1.42
1.45
1.48
1.52
1.55
1.59
1.64
1.68
1.73
1.78
1.82
1.88
1.94
2.0
2.07
2.15
2.22
2.24
2.22
2.2
1.76
1.75
2.17
2.15
2.14
2.14
2.13
2.12
2.12
2.41
1.07
1.09
2.86
2.82
2.82
2.81
2.82
2.81
2.81
2.81
2.8
2.8
2.81
2.81
2.82
2.82
2.82
2.83
2.84
2.85
2.85
2.85
2.86
2.88
2.89
2.91
1.32
1.3
1.4
1.66
1.58
1.52
1.49
1.48
1.45
1.44
1.44
1.44
1.38
1.39
1.62
1.63
1.44
2.94
1.65
1.65
2.72
2.65
2.6
2.55
1.59
1.55
1.46
1.43
1.41
1.38
1.36
1.36
1.35
1.34
1.32
1.35
1.37
1.41
1.44
1.47
1.51
1.54
1.58
1.61
1.67
1.71
1.76
1.8
1.58
1.62
1.69
1.76
1.82
4.18
4.15
4.14
4.11
4.09
4.06
4.05
4.03
4.01
4.0
3.98
3.97
3.97
3.95
3.95
3.72
3.63
3.94
3.93
3.93
3.93
3.93
3.93
3.94
3.94
3.94
3.95
3.95
3.95
3.96
3.97
3.98
4.0
4.02
4.03
4.05
4.07
2.63
2.47
2.31
2.2
2.11
2.02
1.93
1.86
1.79
1.73
1.66
1.61
1.56
1.52
1.47
1.43
1.39
1.36
1.33
1.29
1.27
1.23
1.2
1.18
1.16
1.14
