1.44
1.44
1.44
1.45
1.45
1.45
1.45
1.46
1.46
1.46
1.46
1.47
1.47
1.48
1.48
1.48
1.49
1.49
1.49
1.5
1.31
1.51
1.52
1.54
1.55
1.56
1.57
1.58
1.59
1.61
1.63
1.64
1.66
1.67
1.69
1.71
1.74
1.75
1.78
1.81
1.83
1.86
1.88
1.91
1.95
1.98
2.01
2.05
2.08
2.12
2.16
2.21
2.25
2.29
2.35
2.41
2.47
2.52
2.59
2.67
2.74
2.81
2.9
2.99
3.09
3.2
3.3
3.42
3.09
3.7
3.87
4.05
4.24
4.48
4.74
5.01
5.14
5.12
5.11
5.25
5.7
6.22
6.87
7.62
12.5
11.51
11.5
12.74
12.72
12.7
15.11
81.83
1.43
1.21
0.98
0.98
0.98
0.98
0.99
0.99
0.99
0.99
0.99
0.99
1.0
1.0
1.01
1.02
1.02
1.03
1.03
1.04
1.05
1.06
1.07
1.08
1.09
1.1
1.11
1.11
1.13
1.14
1.15
1.16
1.18
1.19
1.21
1.23
1.24
1.26
1.28
1.3
1.32
1.35
1.35
1.38
1.41
1.43
1.45
1.49
1.51
1.53
1.57
1.6
1.64
1.67
1.71
1.75
1.8
1.85
1.9
1.97
2.01
2.08
2.15
2.23
2.31
2.4
2.49
2.58
2.7
2.81
2.95
3.11
3.27
3.46
3.55
3.52
3.5
3.49
3.47
3.47
3.46
3.45
3.44
3.43
3.42
3.41
3.41
3.41
