3.32
3.32
3.32
3.32
3.32
3.33
3.35
3.36
3.0
3.36
3.09
3.08
3.08
3.11
3.13
3.14
3.14
3.5
3.52
3.55
3.57
3.59
3.62
3.66
3.68
3.72
3.75
3.79
3.83
1.64
1.6
1.56
1.51
1.47
1.46
1.42
1.38
1.36
1.28
1.24
1.21
1.19
1.18
1.15
1.12
1.1
1.06
1.07
1.08
1.1
1.13
1.17
1.19
1.21
1.25
1.3
1.33
1.37
1.41
1.46
1.52
1.56
1.63
1.71
1.77
1.85
1.92
2.01
2.12
2.23
2.35
2.47
2.64
2.81
3.03
7.52
7.49
6.95
6.64
6.65
6.65
6.85
7.45
7.45
7.44
6.09
6.08
6.08
6.07
7.37
6.7
6.68
2.96
2.96
2.97
2.97
2.98
2.98
2.98
2.99
3.0
3.01
3.02
3.04
3.05
3.07
3.08
3.1
3.11
3.12
3.16
3.18
3.21
3.23
3.27
3.29
3.32
3.36
3.39
3.42
3.46
3.5
3.54
3.6
3.64
3.68
3.75
3.8
3.86
3.92
3.99
4.05
4.13
4.19
4.26
4.35
4.43
4.53
4.62
4.72
4.83
4.94
5.06
5.18
5.32
5.45
5.62
5.78
5.96
7.19
7.07
0.96
0.96
0.95
0.94
0.94
0.94
0.93
0.93
0.94
0.94
0.94
0.94
0.94
0.94
0.94
0.93
0.94
1.4
1.54
1.54
1.54
1.55
1.55
1.54
1.54
1.54
1.54
1.54
1.54
