81.83
11.26
5.6
9.99
11.5
9.53
9.07
11.81
6.29
6.2
6.25
6.25
6.23
6.55
11.09
9.96
13.04
9.63
13.42
4.13
81.83
81.83
81.83
81.83
81.83
4.3
4.26
3.81
4.23
4.43
4.64
4.9
4.86
2.17
1.98
1.81
1.68
1.57
1.46
1.38
1.32
1.26
1.2
1.15
1.1
1.06
1.01
0.96
0.93
0.9
0.87
0.84
0.81
0.8
0.77
0.75
0.72
0.72
0.74
0.75
0.75
0.76
0.78
0.79
0.8
0.82
0.83
0.84
0.86
0.88
0.9
0.91
0.93
0.96
0.97
0.99
1.02
1.05
1.08
1.1
1.13
1.16
1.2
1.23
1.27
1.31
1.35
1.41
1.46
1.53
1.59
1.67
1.73
1.82
1.91
2.01
2.14
2.26
2.4
2.58
2.79
3.05
3.35
4.07
4.63
4.71
4.83
4.94
4.92
4.91
4.91
4.91
4.91
4.91
4.91
4.91
4.92
4.83
4.83
10.45
10.46
10.5
10.54
4.79
4.38
4.06
3.76
3.48
3.5
3.49
3.49
3.43
3.27
2.51
2.4
2.29
2.22
2.14
2.06
2.0
1.95
1.88
1.83
1.78
1.74
1.7
1.66
1.61
1.58
1.53
1.5
1.46
1.44
1.41
1.38
1.36
1.33
1.31
1.29
1.28
1.25
1.23
1.21
1.2
1.19
1.16
1.15
1.14
1.12
1.11
1.09
1.09
1.08
1.07
1.06
1.05
1.04
1.03
1.02
1.01
