2.93
2.98
5.76
5.83
5.89
5.95
6.03
5.7
5.57
5.66
2.14
2.09
2.06
2.02
1.97
1.94
1.94
1.98
2.03
2.07
2.1
2.14
2.19
2.24
2.3
2.36
2.41
2.48
2.54
2.63
2.7
2.78
2.88
2.97
3.08
3.19
3.31
3.44
3.58
3.75
3.92
4.14
4.35
4.59
4.87
4.92
4.9
4.88
4.87
4.85
4.84
4.82
4.82
4.8
4.8
4.79
4.79
4.79
4.78
4.78
4.78
4.78
4.78
3.0
2.43
2.07
2.03
2.0
2.0
2.01
2.02
2.02
2.03
2.05
2.06
2.06
2.07
2.08
2.09
2.1
2.12
2.13
2.15
2.17
2.13
2.05
1.98
1.91
1.84
1.78
1.73
1.68
1.62
1.59
1.54
1.5
1.46
1.43
1.4
1.36
1.35
1.33
1.31
1.37
1.41
1.44
1.46
1.49
1.52
7.1
7.18
7.07
5.31
5.31
6.79
6.72
6.65
6.57
5.84
5.55
5.51
5.44
5.38
5.35
5.31
5.28
5.26
5.12
5.13
3.46
3.44
3.42
3.41
3.38
3.38
3.38
3.36
3.35
3.33
3.33
3.13
3.12
3.1
3.08
3.08
3.11
3.42
3.42
3.42
3.42
3.42
3.42
3.42
3.42
3.42
3.43
3.43
3.5
5.67
5.69
5.71
5.72
5.74
5.76
5.78
5.81
5.83
5.86
5.9
5.93
5.96
5.79
5.54
5.33
5.13
4.93
4.77
4.61
4.48
4.35
