0.46
0.46
0.46
0.46
0.46
0.46
0.46
0.46
0.46
0.46
0.47
0.47
0.49
0.47
0.47
0.48
0.48
0.49
0.49
0.49
0.5
0.5
0.51
0.51
0.51
0.51
0.52
0.52
0.52
0.53
0.52
0.54
0.54
0.55
0.56
0.56
0.56
0.57
0.58
0.6
0.61
0.61
0.62
0.64
0.64
0.67
0.67
0.69
0.7
0.71
0.73
0.75
0.77
0.79
0.81
0.83
0.86
0.89
0.92
0.95
0.99
1.02
1.05
1.1
1.14
1.21
1.25
1.32
1.38
1.45
1.55
1.68
1.83
1.99
2.22
2.6
3.25
5.15
5.05
5.06
4.13
5.04
5.1
5.12
5.15
5.26
10.15
10.13
10.12
10.12
10.1
10.11
10.1
10.97
13.65
13.29
14.7
14.02
13.96
9.85
8.75
7.83
7.82
7.85
6.2
5.77
5.37
5.04
4.75
4.5
4.29
4.06
3.88
3.7
3.55
3.4
3.28
3.16
3.07
2.96
2.85
2.76
2.67
2.6
2.51
2.45
2.4
2.34
2.28
2.23
2.18
2.12
2.08
2.11
2.16
2.19
2.22
2.27
2.43
2.47
2.51
2.55
2.6
2.66
2.72
0.79
0.77
0.76
0.74
0.73
0.73
0.73
0.71
0.71
0.7
0.7
0.7
0.69
0.69
0.69
0.69
0.68
0.67
0.65
0.65
0.64
0.64
0.65
0.7
0.7
0.79
0.79
0.79
0.78
0.77
0.81
0.84
0.9
0.94
0.99
