0.86
0.85
0.85
0.86
0.85
0.85
0.85
0.85
0.86
0.86
0.85
0.86
0.85
0.85
0.84
0.84
0.85
0.86
0.85
0.86
0.86
0.86
0.86
0.87
0.87
0.87
0.88
0.88
0.89
0.9
0.91
0.92
0.93
0.93
0.94
0.95
0.96
0.98
0.99
1.0
1.01
1.02
1.03
1.05
1.06
1.08
1.09
1.11
1.12
1.14
1.16
1.18
1.2
1.22
1.25
1.27
1.31
1.33
1.36
1.38
1.42
1.45
1.49
1.53
1.57
1.61
1.66
1.72
1.79
1.85
1.93
1.99
2.07
2.17
2.27
2.37
2.49
2.64
2.82
3.03
3.32
3.66
4.14
4.82
9.39
9.35
9.3
9.26
9.23
9.19
6.55
6.52
6.49
6.48
6.45
6.45
6.44
6.43
6.43
6.42
6.42
6.42
6.42
6.43
6.42
6.44
6.44
6.45
6.46
6.49
6.56
5.2
4.73
4.37
4.04
3.76
3.52
3.33
3.15
2.98
2.84
2.69
2.57
2.46
2.36
2.27
2.19
2.11
2.04
1.97
1.91
1.85
1.79
1.74
1.68
1.63
1.6
1.56
1.52
1.48
1.44
1.42
1.39
1.37
1.33
1.31
1.28
1.27
1.24
1.23
1.21
1.18
1.17
1.16
1.14
1.14
1.11
1.11
1.1
1.08
1.07
1.08
1.09
1.11
1.17
1.21
1.25
1.31
5.78
4.55
4.56
5.67
5.64
5.61
5.57
5.54
5.51
5.48
5.47
5.44
