1.56
1.56
1.55
1.55
1.55
1.55
1.55
1.55
1.55
1.54
1.54
1.54
1.55
1.55
1.54
1.55
1.56
1.56
1.56
1.57
1.57
1.57
1.58
1.59
1.6
1.6
1.61
1.62
1.63
1.65
1.66
1.66
1.67
1.69
1.7
1.71
1.74
1.74
1.76
1.78
1.81
1.82
1.84
1.87
1.88
1.87
1.86
1.85
1.84
1.84
1.83
1.83
1.83
1.83
1.82
1.82
1.82
1.82
1.82
1.82
1.81
1.81
1.82
1.82
1.82
1.83
1.83
1.83
1.83
1.84
1.84
1.85
1.86
1.87
1.88
1.89
1.9
1.8
1.92
1.93
1.94
1.95
1.42
1.64
2.01
2.02
2.03
2.05
2.07
2.09
2.11
2.14
2.16
2.19
2.22
2.24
2.27
2.3
2.16
2.11
2.07
2.02
1.98
1.95
1.92
1.9
1.92
1.96
2.0
2.04
1.42
1.32
1.23
1.62
1.57
1.34
1.26
1.27
1.27
1.27
1.28
1.29
1.3
1.31
1.28
1.33
1.39
1.64
1.13
1.14
1.48
2.02
2.02
2.0
0.95
0.72
0.71
0.69
0.69
0.69
0.69
0.69
0.71
0.71
0.73
0.73
0.72
0.71
0.72
0.72
0.73
0.72
0.72
0.72
0.72
0.73
0.72
0.71
0.7
0.68
0.72
0.76
0.69
0.68
0.68
0.68
0.68
0.69
0.69
0.69
0.7
0.7
0.71
0.72
0.72
0.72
0.73
0.73
0.74
0.74
