1.47
1.49
1.51
1.54
1.55
1.57
1.6
1.63
1.64
1.67
1.71
1.75
1.76
1.81
1.85
1.89
1.93
1.98
2.02
2.07
2.13
2.19
2.25
2.31
2.38
2.46
2.54
2.62
2.72
2.82
2.93
3.05
3.17
3.33
3.48
3.68
3.88
4.1
4.36
4.66
5.01
5.41
13.73
10.5
10.14
10.11
10.0
17.35
10.88
14.35
81.83
81.83
81.83
8.47
8.54
81.83
81.83
81.83
81.83
81.83
81.83
81.83
81.83
81.83
81.83
81.83
81.83
6.86
6.91
6.93
3.32
3.13
2.97
2.82
2.7
2.57
2.46
2.36
2.27
2.2
2.11
2.04
1.98
1.89
1.85
1.79
1.74
1.69
1.65
1.6
1.57
1.53
1.49
1.46
1.43
1.4
1.37
1.35
1.32
1.3
1.3
1.3
1.34
1.22
1.2
1.19
1.17
1.15
1.15
1.12
1.11
1.1
1.09
1.08
1.05
1.06
1.05
1.04
1.03
1.02
1.02
1.0
1.0
0.99
0.99
0.99
0.99
0.99
0.98
0.97
0.97
0.97
0.97
0.96
0.96
0.95
0.95
0.95
0.94
0.94
0.94
0.95
0.95
0.94
0.94
0.95
0.95
0.95
0.95
0.96
0.96
0.96
0.96
0.96
0.96
0.96
0.98
0.98
0.97
0.98
0.98
0.98
0.99
1.0
1.0
1.01
1.0
1.03
1.03
1.03
1.05
1.05
1.05
1.07
1.08
1.09
1.1
1.11
1.13
1.15
