2.87
2.9
3.16
3.21
3.28
3.35
3.41
3.49
3.57
3.66
3.75
3.85
3.95
4.03
3.98
3.94
3.89
3.86
2.35
2.37
3.75
2.33
2.3
2.3
2.29
2.25
2.24
2.27
2.32
2.33
2.66
3.5
3.49
3.48
3.47
3.46
2.7
2.67
2.65
2.65
2.65
2.65
2.66
2.66
2.64
2.43
2.36
2.35
2.37
2.38
2.39
2.4
2.42
2.42
2.42
2.37
2.36
2.25
1.98
1.96
3.5
3.53
3.53
3.55
3.57
3.59
3.61
3.64
3.66
3.69
3.71
3.75
3.79
3.81
3.85
3.88
3.94
3.97
3.89
3.8
3.7
3.6
3.51
3.42
3.35
2.47
1.93
1.81
1.79
1.79
1.87
1.85
1.74
1.74
1.74
1.79
1.82
1.94
2.27
2.32
2.36
2.41
2.46
2.47
2.44
2.42
2.39
2.37
2.17
2.15
2.25
2.32
5.03
5.01
5.0
4.98
4.97
4.97
7.48
7.74
8.2
8.75
9.35
10.06
10.95
10.98
13.05
14.52
16.0
23.42
22.41
11.9
11.89
11.87
11.86
2.15
1.92
1.93
2.1
2.09
1.51
1.5
1.47
1.47
1.48
1.49
1.5
1.51
1.52
1.53
1.54
1.55
1.56
1.57
1.57
1.61
2.21
2.23
2.24
2.26
2.29
2.3
2.32
2.34
2.37
2.39
2.42
2.45
2.48
2.49
2.52
2.56
2.59
2.62
1.79
1.38
1.39
1.46
1.47
1.44
