3.12
3.15
3.17
3.19
3.21
3.23
3.26
3.29
3.3
3.35
3.37
3.41
3.44
3.48
3.52
3.56
3.6
3.64
3.7
3.74
9.81
9.15
8.49
7.98
7.5
7.08
6.73
6.77
6.81
7.09
5.61
5.39
5.19
5.0
4.83
4.68
4.51
4.37
4.25
4.12
4.02
3.91
3.81
3.73
3.62
3.56
3.47
3.41
3.33
3.26
3.19
3.13
3.07
3.01
2.96
2.91
2.86
2.82
2.78
2.74
2.71
2.68
2.64
2.6
2.57
2.54
2.51
2.48
2.46
2.43
2.41
2.39
2.37
2.35
2.34
2.32
2.31
2.3
2.28
2.27
2.26
2.25
2.25
2.21
2.35
2.61
2.76
2.91
3.08
5.9
3.33
3.31
5.84
5.81
5.81
6.07
5.69
5.72
5.32
5.5
6.69
6.71
6.71
6.55
6.0
6.01
6.0
6.01
5.94
5.89
5.99
6.51
6.58
2.17
2.03
1.91
1.81
1.71
1.63
1.57
1.5
1.44
1.39
1.33
1.28
1.24
1.2
1.15
1.13
1.08
1.05
1.01
1.0
0.96
0.94
0.92
0.89
0.87
0.85
0.84
0.82
0.8
0.79
0.77
0.77
0.75
0.75
0.74
0.73
0.71
0.7
0.69
0.68
0.68
0.68
0.66
0.66
0.65
0.64
0.64
0.63
0.62
0.62
0.62
0.61
0.61
0.6
0.6
0.6
0.6
0.59
0.59
0.6
0.59
0.59
0.59
0.59
0.58
0.58
0.58
