1.8
1.91
2.02
2.15
2.3
2.47
2.68
2.95
3.26
3.66
4.14
4.82
5.65
6.85
12.16
81.83
18.54
18.25
81.83
81.83
81.83
10.77
81.83
81.83
81.83
81.83
81.83
81.83
81.83
81.83
81.83
9.17
9.17
5.58
5.28
4.99
4.75
4.54
4.33
4.14
3.99
3.83
3.69
3.56
3.46
3.34
3.22
3.13
3.03
2.94
2.86
2.78
2.71
2.64
2.57
2.52
2.47
2.42
2.38
2.32
2.28
2.24
2.2
2.16
2.11
2.07
2.04
2.02
1.98
1.96
1.92
1.9
1.89
1.86
1.84
1.82
1.81
1.78
1.77
1.76
1.74
1.74
1.72
1.71
1.7
1.7
1.69
1.69
1.78
1.87
6.25
6.21
6.18
6.15
5.47
5.45
5.43
5.42
5.42
6.02
6.0
5.99
6.0
6.12
6.12
6.11
6.11
5.84
4.97
6.1
6.12
5.98
5.4
5.38
5.39
5.4
5.44
6.07
6.09
6.11
1.91
1.78
1.64
1.64
1.64
1.66
1.67
1.67
1.69
1.69
1.7
1.7
1.72
1.74
1.75
1.76
1.78
1.8
1.82
1.83
1.85
1.88
1.89
1.92
1.94
1.98
2.01
2.03
2.06
2.1
2.14
2.18
2.21
2.26
2.3
2.33
2.38
2.44
2.47
2.53
2.59
2.65
2.73
2.8
2.88
2.95
3.05
3.14
3.24
3.34
3.46
3.59
3.7
3.85
3.99
4.16
4.36
4.57
4.78
5.02
