1.14
1.17
1.2
1.22
1.26
1.29
1.35
1.39
1.44
1.48
1.52
1.6
1.68
1.78
1.9
2.04
2.21
2.42
2.66
3.0
3.46
6.33
6.33
5.74
6.02
6.4
6.42
6.53
11.45
11.43
11.42
11.41
11.41
11.41
11.54
14.97
15.0
15.97
15.24
11.24
9.57
9.08
7.71
6.95
6.28
5.78
5.37
4.98
1.77
1.67
1.53
1.53
1.53
1.53
1.54
1.57
1.58
1.52
1.52
1.53
1.54
1.54
1.55
1.56
1.57
1.57
1.59
1.6
1.61
1.62
1.63
1.64
1.66
0.67
0.66
0.66
0.67
0.64
0.61
0.61
0.6
0.59
0.59
0.58
0.58
0.57
0.55
0.54
0.54
0.54
0.53
0.53
0.52
0.52
0.51
0.5
0.5
0.5
0.5
0.5
0.49
0.48
0.49
0.48
0.47
0.47
0.47
0.47
0.46
0.45
0.45
0.45
0.46
0.45
0.45
0.46
0.47
0.46
0.47
0.46
0.46
0.46
0.46
0.46
0.45
0.46
0.46
0.46
0.46
0.47
0.46
0.46
0.45
0.45
0.45
0.46
0.46
0.47
0.47
0.47
0.48
0.48
0.48
0.48
0.49
0.49
0.5
0.5
0.5
0.51
0.51
0.52
0.53
0.52
0.53
0.53
0.54
0.54
0.55
0.56
0.57
0.58
0.58
0.58
0.59
0.59
0.61
0.61
0.62
0.63
0.64
0.65
0.68
0.69
0.68
0.7
0.72
0.74
0.76
0.77
