0.69
0.69
0.69
0.7
0.7
0.7
0.7
0.7
0.71
0.71
0.71
0.71
0.71
0.71
0.72
0.72
0.73
0.73
0.74
0.75
0.75
0.76
0.77
0.77
0.78
0.79
0.8
0.8
0.81
0.81
0.81
0.83
0.84
0.85
0.86
0.88
0.89
0.9
0.92
0.93
0.94
0.96
0.97
0.99
1.02
1.04
1.05
0.89
0.87
0.86
0.87
0.88
0.91
0.94
0.84
0.83
0.84
0.82
0.95
0.99
1.03
1.06
1.1
1.14
1.18
1.23
1.3
1.37
1.43
1.52
1.6
1.66
1.89
1.89
1.89
1.89
1.89
1.89
1.9
1.9
1.9
1.91
1.91
1.92
1.93
1.93
1.93
1.94
1.95
1.96
1.97
1.98
1.99
2.0
2.0
2.02
1.9
1.81
1.72
1.63
1.57
1.5
1.44
1.39
1.33
1.3
1.26
1.27
1.29
1.3
1.32
1.34
1.35
1.36
1.38
1.41
1.43
1.45
1.47
1.48
1.5
1.53
1.56
1.59
1.62
1.64
1.66
1.7
1.75
1.78
1.82
1.85
1.9
1.94
1.99
2.05
2.11
2.16
2.23
2.31
2.37
2.46
2.55
2.65
2.76
3.54
3.35
3.49
3.45
3.41
3.39
3.37
3.34
3.32
3.3
3.27
3.24
3.22
3.2
3.19
3.17
3.15
3.13
3.12
3.1
3.09
3.08
2.48
2.47
2.47
2.47
2.46
2.45
2.46
2.45
2.45
2.46
2.45
2.45
2.46
