2.3
2.29
2.28
2.27
2.25
2.25
2.24
2.37
2.36
2.35
2.35
2.35
2.34
2.33
2.32
2.32
2.31
2.3
2.3
2.3
1.15
1.11
1.1
1.1
1.12
2.29
2.29
2.3
2.3
2.31
2.31
2.31
2.16
2.16
2.13
1.6
1.57
1.57
1.6
1.57
1.58
1.57
1.57
1.6
1.62
1.63
1.68
1.67
1.68
2.01
2.38
2.4
2.43
2.45
2.47
2.5
2.53
2.56
2.59
2.65
2.65
2.69
2.72
2.77
2.81
2.85
2.9
2.94
2.99
3.05
3.11
2.06
2.06
3.31
3.37
1.44
1.38
1.4
3.35
3.31
3.28
3.24
3.16
3.17
3.15
3.11
3.07
3.06
3.02
3.0
2.98
2.96
2.94
2.92
2.92
2.9
2.1
2.08
2.05
2.03
2.02
2.02
2.05
2.03
2.01
1.99
2.0
2.0
2.01
2.01
2.01
2.0
2.01
2.01
2.01
2.0
2.0
2.0
2.01
2.0
2.0
2.0
2.0
2.02
2.04
2.06
2.82
2.82
2.83
2.84
2.86
2.87
2.89
2.92
2.92
1.95
1.96
2.37
3.01
3.04
3.06
3.08
3.12
3.16
3.17
3.21
3.25
3.3
2.32
2.35
3.42
3.47
3.45
3.38
3.31
3.24
3.18
3.12
2.95
2.95
2.95
2.9
2.86
2.81
2.78
2.74
2.7
2.66
2.63
2.59
2.56
1.86
1.62
1.61
1.61
1.59
1.58
1.57
1.56
1.55
