0.91
0.91
0.92
0.91
0.91
0.92
0.92
0.93
0.94
0.94
0.95
0.96
0.97
0.98
0.98
0.99
1.0
1.0
1.02
1.03
1.04
1.05
1.06
1.08
1.08
1.09
1.1
1.11
1.14
1.16
1.17
1.19
1.21
1.23
1.25
1.28
1.31
1.32
1.35
1.38
1.4
1.44
1.47
1.51
1.54
1.59
1.63
1.68
1.73
1.79
1.84
1.92
1.97
2.05
2.13
2.22
2.32
2.43
2.56
2.74
2.93
3.16
3.43
3.76
4.19
5.06
10.35
10.31
10.03
10.22
10.18
10.15
7.49
7.47
7.45
7.44
7.43
7.41
7.41
7.39
7.4
7.4
7.39
7.4
7.41
7.41
7.43
7.45
7.45
6.46
5.66
5.09
4.63
4.26
3.93
3.65
3.39
3.2
3.02
2.86
2.71
2.56
2.44
2.33
2.24
2.15
2.07
1.99
1.92
1.85
1.8
1.76
1.72
1.75
1.78
1.8
1.82
1.84
1.87
2.21
2.25
2.29
2.32
2.34
4.32
4.39
4.45
4.53
4.62
4.7
4.91
6.06
6.18
6.32
6.47
6.53
6.45
6.38
6.3
4.92
6.17
6.1
6.04
1.0
0.97
0.96
0.96
0.95
0.94
0.94
0.93
0.93
0.92
0.92
0.91
0.91
0.91
0.9
0.9
0.89
0.89
0.89
0.88
0.88
0.88
0.87
0.87
0.87
0.87
0.87
0.87
0.87
0.87
0.87
0.87
0.87
0.87
0.87
0.87
0.88
