1.72
1.7
1.21
1.22
1.65
1.64
1.62
1.36
1.34
1.32
1.31
1.31
1.29
1.29
1.28
1.27
1.25
1.24
1.23
1.24
1.28
1.35
1.45
1.45
1.44
1.44
1.43
1.44
1.43
1.43
1.43
1.43
1.43
1.42
1.32
1.32
1.42
1.42
1.42
1.42
1.43
1.43
1.43
1.44
1.44
1.44
1.45
1.45
1.46
1.47
1.44
1.45
1.49
1.5
1.5
1.51
1.53
1.53
1.54
1.55
1.57
1.58
1.59
1.6
1.61
1.23
1.22
1.65
4.3
4.19
4.1
4.0
3.91
1.0
1.0
1.0
3.58
3.51
3.46
3.39
3.33
3.27
3.21
3.16
3.15
3.21
5.0
4.92
4.86
4.79
4.73
4.67
4.63
4.56
4.52
4.49
4.44
4.39
4.36
4.33
4.29
4.25
4.22
4.19
4.17
4.14
4.1
3.89
3.84
3.82
3.8
3.78
3.77
3.76
3.76
3.94
3.93
3.93
3.91
3.91
3.9
3.89
3.89
3.89
3.88
3.89
3.88
3.89
3.89
3.89
3.9
3.91
3.92
3.92
3.93
3.94
3.95
3.96
3.98
2.43
2.44
2.44
2.46
2.46
2.48
2.49
2.52
2.53
2.54
2.56
2.58
2.6
2.63
2.65
2.67
2.7
2.74
2.76
2.79
2.82
1.05
1.03
0.9
0.89
1.07
0.91
1.12
1.15
1.15
1.19
1.2
1.21
1.25
1.25
81.83
1.31
81.83
1.14
1.3
1.42
