1.79
1.8
3.17
3.21
3.27
3.21
1.73
1.78
3.04
3.0
2.96
2.92
2.84
2.83
2.79
2.76
2.72
2.68
2.65
2.63
2.6
2.58
2.56
1.7
1.69
1.68
1.66
1.64
1.63
1.63
1.62
1.62
1.6
1.58
1.58
1.54
1.56
1.56
1.56
1.54
1.54
1.53
1.52
1.51
1.51
1.51
1.53
1.5
1.51
1.51
1.52
1.7
1.7
1.7
1.7
1.7
1.7
1.71
1.71
1.72
1.72
1.73
2.28
2.32
2.33
2.34
2.35
2.36
2.36
2.37
2.39
2.4
2.41
2.44
2.45
2.47
2.48
2.51
2.54
2.56
2.6
2.6
2.64
2.66
2.7
2.72
2.75
2.79
2.82
2.87
2.91
2.96
3.0
2.96
2.9
2.92
18.24
18.38
16.91
81.83
81.83
9.23
8.5
8.16
7.86
7.6
7.16
7.21
7.22
7.33
8.13
8.18
8.23
8.31
8.37
8.44
8.51
8.59
8.68
8.76
8.85
8.89
8.85
8.8
6.49
6.45
5.04
5.0
4.94
4.89
4.86
4.81
4.77
4.73
4.69
4.65
4.63
4.6
4.58
4.55
4.53
4.52
4.5
4.48
4.46
4.45
4.44
4.43
4.42
4.41
4.4
4.39
4.39
4.4
4.39
4.39
4.41
4.42
4.42
4.44
4.44
4.46
4.47
4.49
2.23
2.17
2.09
1.99
2.03
2.23
2.22
2.14
2.19
2.33
2.33
2.36
2.4
2.44
2.46
2.5
