0.41
0.41
0.41
0.41
0.41
0.41
0.41
0.41
0.41
0.42
0.42
0.42
0.43
0.43
0.43
0.44
0.43
0.44
0.44
0.44
0.44
0.45
0.45
0.45
0.46
0.46
0.46
0.46
0.47
0.47
0.48
0.48
0.49
0.5
0.5
0.51
0.53
0.53
0.54
0.55
0.55
0.56
0.56
0.57
0.58
0.59
0.61
0.62
0.63
0.65
0.66
0.68
0.7
0.72
0.72
0.74
0.76
0.79
0.82
0.84
0.87
0.9
0.93
0.97
1.02
1.05
1.1
1.16
1.2
1.26
1.32
1.41
1.49
1.58
1.7
1.83
1.98
2.16
2.37
2.66
3.0
3.46
3.91
3.88
4.21
7.79
7.79
7.8
7.79
7.52
7.8
7.81
7.82
7.82
3.71
3.24
3.23
3.19
2.23
2.07
1.95
1.96
2.0
1.81
1.6
1.6
1.53
1.53
1.53
1.54
1.51
1.46
1.39
1.35
1.3
1.16
1.12
1.08
1.06
1.03
0.76
0.73
0.7
0.71
0.72
0.74
0.75
0.76
0.77
0.77
0.69
0.67
0.66
0.66
0.64
0.63
0.63
0.61
0.61
0.6
0.59
0.59
0.58
0.58
0.58
0.57
0.57
0.56
0.56
0.55
0.55
0.55
0.54
0.54
0.53
0.53
0.53
0.53
0.55
0.45
0.44
0.44
0.44
0.44
0.44
0.44
0.43
0.43
0.43
0.43
0.42
0.42
0.42
0.41
0.41
0.42
0.52
0.52
0.52
0.53
