1.0
1.0
1.02
1.05
1.06
0.87
0.85
0.85
0.87
0.89
0.92
0.93
0.96
0.99
1.01
1.04
1.07
1.1
1.12
1.16
1.2
1.23
1.27
1.33
1.38
1.44
1.48
1.56
1.63
2.16
2.27
2.38
2.52
2.67
2.84
3.04
3.26
3.55
3.89
4.3
4.8
5.42
6.19
7.22
8.66
8.81
12.57
12.58
12.39
12.58
3.3
2.86
2.86
2.86
2.41
2.19
1.77
1.78
1.62
1.55
1.55
1.59
1.6
1.61
1.61
1.62
1.63
1.64
1.65
1.66
1.67
1.68
1.69
1.71
1.7
1.64
1.59
1.54
1.5
1.46
1.42
1.38
1.33
1.3
1.26
1.23
1.21
1.18
1.16
1.13
1.11
1.09
1.07
1.05
1.03
1.01
1.0
0.99
0.97
0.95
0.93
0.92
0.91
0.9
0.88
0.87
0.86
0.85
0.84
0.83
0.83
0.82
0.81
0.8
0.79
0.79
0.77
0.77
0.77
0.77
0.76
0.75
0.75
0.75
0.74
0.74
0.73
0.73
0.73
0.73
0.73
0.73
0.73
0.72
0.72
0.72
0.72
0.72
0.73
2.27
2.27
2.27
2.27
2.27
2.27
2.27
2.28
2.28
2.29
2.3
2.31
2.32
2.33
2.33
2.35
2.36
2.37
2.39
2.4
2.42
2.38
2.28
2.25
2.27
2.29
2.32
2.33
2.35
2.37
2.39
2.41
2.44
2.69
2.72
2.76
2.78
2.84
2.86
2.91
2.95
