3.75
3.74
3.74
3.73
3.73
3.73
3.74
3.8
5.94
5.95
5.96
5.97
5.98
5.99
6.01
6.03
6.05
6.08
6.09
6.12
6.14
6.17
6.19
5.88
5.59
5.33
5.09
4.87
4.66
4.49
4.33
4.18
4.05
3.92
3.8
3.7
3.6
3.49
3.41
3.32
3.23
3.19
3.2
3.25
3.3
3.35
7.91
81.83
81.83
81.83
5.92
5.51
4.25
4.13
4.07
4.04
4.12
2.3
2.26
2.24
2.22
2.19
2.16
2.14
2.12
2.15
2.81
2.9
3.0
3.07
3.04
3.01
2.98
2.97
3.01
3.94
3.92
3.9
3.87
4.03
4.69
4.67
4.68
4.66
4.66
4.64
4.64
4.61
4.6
4.6
4.59
4.57
4.66
4.67
4.67
4.66
4.67
4.67
4.68
4.69
4.69
4.71
4.71
4.62
2.99
2.7
2.47
2.27
2.11
1.98
1.85
1.75
1.67
1.58
1.51
1.44
1.38
1.33
1.28
1.22
1.19
1.14
1.11
1.08
1.04
1.01
0.99
0.95
0.93
0.91
0.89
0.87
0.85
0.83
0.82
0.82
0.82
0.83
0.84
0.84
0.85
0.86
0.87
0.88
0.89
0.9
0.91
0.92
0.93
0.95
0.96
0.97
0.98
0.99
1.01
1.03
1.04
1.06
1.08
1.1
1.13
1.15
1.16
1.19
1.21
1.24
1.27
1.3
1.33
1.37
1.4
1.44
1.48
1.54
1.59
1.63
1.69
1.77
1.83
1.92
