1.45
1.47
1.53
1.63
1.35
1.35
1.49
2.74
2.77
2.77
2.82
2.83
2.86
2.89
2.91
2.95
2.99
3.02
3.06
3.1
3.1
3.17
3.23
3.29
3.33
3.39
3.44
3.43
3.37
3.3
3.26
3.2
2.43
2.39
2.35
2.31
2.26
2.36
2.4
2.46
2.53
2.59
2.75
2.29
1.23
1.16
1.2
1.18
1.18
1.18
1.18
1.17
1.19
1.2
1.18
1.18
1.17
1.17
1.18
1.19
1.19
1.2
1.21
2.42
2.42
2.42
2.42
2.41
2.49
2.48
2.48
2.48
2.48
2.48
2.01
2.48
2.48
2.48
2.49
2.49
2.49
2.5
2.51
2.52
2.53
2.54
2.55
2.56
2.43
2.44
2.03
1.98
1.93
1.89
1.88
1.83
1.82
1.84
1.87
2.04
1.97
1.91
1.84
1.91
1.94
1.95
1.97
1.99
2.02
2.06
2.08
2.93
2.98
3.02
3.07
3.13
3.14
3.14
3.15
3.16
2.61
2.42
2.42
2.43
3.34
3.37
3.35
3.43
3.71
3.65
2.4
2.13
2.58
3.41
2.87
2.84
2.81
2.8
2.85
2.92
2.18
2.25
2.47
3.26
3.21
3.18
3.17
3.15
3.15
2.38
2.37
2.35
2.33
2.33
2.33
2.3
2.29
2.29
2.3
2.3
2.08
2.02
2.02
2.02
2.01
2.01
2.02
2.02
2.08
2.36
3.06
3.06
3.08
3.09
3.09
3.11
3.12
3.13
3.15
3.16
