5.31
5.06
81.83
6.17
8.16
7.32
7.14
6.98
6.89
6.98
7.1
8.44
8.49
8.56
8.47
8.09
8.03
7.93
1.53
1.46
1.41
1.36
1.37
1.38
1.39
1.42
1.42
1.45
1.46
1.49
1.51
1.53
1.55
1.58
1.6
1.63
1.64
1.68
1.71
1.73
1.76
1.79
1.83
1.86
1.82
1.81
1.79
1.75
1.74
1.71
1.7
1.68
1.67
1.65
1.63
1.61
1.6
1.58
1.58
1.57
1.55
1.54
1.52
1.52
1.5
1.49
1.48
1.47
1.46
1.46
1.45
1.44
1.44
1.43
1.43
1.42
1.41
1.41
1.41
1.41
1.41
1.41
1.41
1.41
1.41
1.41
1.41
1.41
1.41
1.41
1.41
1.41
1.41
1.42
1.43
1.43
1.44
1.44
1.44
1.46
1.46
1.47
1.48
1.49
1.51
1.52
1.53
1.54
1.55
1.56
1.58
1.59
1.63
1.64
1.66
1.67
1.69
1.71
1.74
1.74
1.77
1.54
1.48
1.46
1.42
1.4
1.36
1.34
1.33
1.3
1.27
1.25
1.22
1.21
1.19
1.18
1.17
1.14
1.13
1.11
1.1
1.09
1.08
1.08
1.06
1.05
1.04
1.03
1.02
1.02
1.0
1.0
0.99
0.99
1.02
1.23
1.29
1.31
1.36
1.41
1.3
1.29
1.29
1.29
1.28
1.28
1.27
1.27
1.28
1.28
1.6
1.29
1.27
1.25
1.22
1.2
1.05
1.03
1.02
1.0
