0.93
0.94
0.94
0.94
0.95
0.95
0.95
0.95
0.95
0.95
0.96
0.96
0.97
0.98
0.98
0.99
1.0
1.0
1.0
1.01
1.02
1.02
1.02
1.04
1.04
1.06
1.07
1.08
1.08
1.09
1.11
1.12
1.13
1.15
1.16
1.18
1.2
1.22
1.24
1.25
1.27
1.3
1.33
1.36
1.38
1.4
1.43
1.47
1.51
1.53
1.57
1.61
1.65
1.7
1.74
1.8
1.87
1.93
2.0
2.07
2.15
2.25
2.34
2.44
2.58
2.71
2.86
3.05
3.25
7.86
7.78
7.72
7.66
7.61
7.55
7.51
7.46
7.42
7.05
7.35
7.31
4.64
4.59
4.57
4.55
4.53
4.51
4.5
4.5
4.49
4.49
4.48
4.49
4.48
4.47
4.47
4.47
4.48
4.48
4.49
4.49
4.5
4.5
4.51
4.53
4.55
4.56
4.58
4.62
4.7
4.73
3.83
3.47
3.29
3.12
2.96
2.84
2.71
2.61
2.5
2.41
2.33
2.26
2.17
2.1
2.04
1.98
1.92
1.87
1.81
1.77
1.72
1.69
1.65
1.61
1.58
1.55
1.51
1.49
1.49
1.45
1.41
1.38
1.36
1.33
1.31
1.3
1.28
1.27
1.25
1.23
1.22
1.2
1.18
1.17
1.16
1.16
1.14
1.14
1.13
1.12
1.11
1.11
1.1
1.09
1.09
1.07
1.08
1.08
1.07
1.06
1.07
1.07
1.06
1.06
1.05
1.05
1.05
1.04
1.04
