1.17
1.15
1.13
1.11
0.99
0.99
0.98
0.97
0.94
0.93
0.92
0.92
0.9
0.89
0.88
0.87
0.86
0.85
0.85
0.84
0.83
0.83
0.82
0.81
0.8
0.8
0.8
0.8
0.8
0.79
0.77
0.77
0.77
0.77
0.78
0.77
0.77
0.77
0.77
0.77
0.77
0.77
0.77
0.77
0.77
0.77
0.77
0.77
0.77
0.77
0.77
0.77
0.78
0.78
0.78
0.78
0.78
0.78
0.79
0.79
0.79
0.8
0.81
0.81
0.82
0.82
0.82
0.83
0.84
0.84
0.85
0.85
0.85
0.86
0.95
0.96
0.97
0.97
0.97
0.98
0.99
0.99
1.0
1.01
1.01
1.03
1.03
1.05
1.05
1.07
1.08
1.08
1.06
1.04
1.04
1.08
1.09
1.11
1.12
1.14
1.15
1.16
1.18
1.2
1.23
1.24
1.26
1.3
1.32
1.35
1.36
1.4
1.43
1.46
1.5
1.52
9.85
6.57
11.5
7.0
6.37
6.16
6.09
6.11
6.15
6.15
6.32
6.5
11.34
9.55
9.55
13.32
7.4
4.1
81.83
81.83
81.83
7.87
7.86
4.23
4.22
3.74
3.77
4.3
4.56
4.83
4.81
4.76
4.73
2.19
2.05
1.93
1.83
1.74
1.66
1.59
1.52
1.47
1.43
1.37
1.32
1.28
1.23
1.2
1.16
1.12
1.1
1.07
1.05
1.02
1.0
0.98
0.95
0.92
0.9
0.9
0.88
0.86
0.84
0.83
