1.26
1.26
1.26
1.25
1.25
1.25
1.24
1.25
1.25
1.25
1.25
1.25
1.25
1.24
1.25
1.25
1.25
1.25
1.26
1.26
1.27
1.27
1.28
1.28
1.29
1.3
1.3
1.31
1.32
1.33
1.34
1.35
1.36
1.37
1.39
1.39
1.42
1.42
1.42
1.44
1.46
1.48
1.5
1.52
1.53
1.55
1.57
1.6
1.61
1.64
1.67
1.69
1.72
1.75
1.79
1.82
1.86
1.91
1.95
1.99
2.04
2.1
2.15
2.21
2.26
2.33
2.41
2.49
2.57
2.67
2.78
2.9
3.03
3.17
3.33
3.54
3.78
4.07
4.42
4.92
5.56
7.15
12.1
11.79
12.02
11.98
9.32
9.29
9.26
9.24
9.24
9.2
9.22
9.22
9.21
9.21
9.21
9.21
9.22
9.23
6.67
5.61
4.82
4.21
3.76
3.41
3.36
3.37
3.39
3.4
2.31
2.16
2.03
1.93
1.83
1.74
1.66
1.58
1.52
1.46
1.41
1.35
1.3
1.26
1.21
1.21
1.15
1.1
1.06
1.04
1.02
0.98
0.96
0.93
0.92
0.89
0.87
0.86
0.84
0.83
0.83
0.8
0.79
0.78
0.77
0.75
0.75
0.74
0.73
0.71
0.71
0.7
0.7
0.68
0.68
0.68
0.67
0.66
0.65
0.65
0.65
0.63
0.63
0.64
0.63
0.63
0.62
0.61
0.62
0.61
0.61
0.6
0.6
0.59
0.6
0.6
0.59
0.59
0.59
0.59
