2.64
2.69
3.37
2.14
2.12
2.11
2.07
2.07
2.12
2.14
2.17
2.14
2.42
3.67
3.7
3.75
3.8
3.83
3.88
3.88
3.78
3.7
3.61
3.45
3.45
3.39
3.3
3.26
3.19
3.13
2.2
2.17
2.14
2.13
2.06
2.02
1.99
1.96
1.94
1.9
1.9
1.87
1.85
1.88
1.93
2.01
2.07
2.13
2.23
2.29
2.39
2.38
2.25
2.2
2.29
2.37
2.36
2.45
2.59
2.75
2.92
3.13
3.38
3.67
4.01
4.41
5.94
5.93
6.78
8.0
9.84
11.94
11.92
11.93
11.92
21.42
81.83
23.69
23.98
13.68
11.4
10.6
10.03
9.54
7.37
2.21
1.18
1.15
1.24
1.41
1.44
1.45
1.46
1.46
1.48
1.48
1.49
1.48
1.5
1.32
1.3
1.33
1.33
1.61
1.56
1.84
1.66
1.78
1.87
1.86
1.5
1.48
1.94
1.68
1.63
1.65
1.72
1.72
1.76
1.86
1.97
2.04
2.06
2.17
2.11
2.43
3.44
3.38
3.33
3.28
1.89
1.84
3.18
3.13
3.11
3.07
3.04
3.02
2.99
2.96
2.94
2.91
2.89
2.87
2.88
2.84
2.82
2.82
2.8
2.78
2.77
2.01
2.0
1.98
1.98
1.97
1.95
1.94
1.93
1.94
1.94
1.94
1.92
1.92
1.92
1.92
1.93
1.93
1.95
1.95
1.93
1.93
1.93
1.94
1.96
2.72
2.74
2.75
2.76
2.77
