1.54
1.51
1.49
1.45
1.43
1.41
1.45
1.41
1.33
1.3
1.29
1.26
1.25
1.23
1.21
1.19
1.18
1.16
1.14
1.13
1.12
1.11
1.09
1.09
1.07
1.06
1.05
1.04
1.04
1.03
1.02
1.02
1.01
1.0
1.0
0.98
0.99
0.98
0.98
0.98
0.98
0.97
0.97
0.97
0.97
0.97
0.96
0.97
0.96
0.96
0.95
0.96
0.96
0.96
0.97
0.96
0.97
0.97
0.97
0.97
0.97
0.97
0.97
0.98
0.99
0.97
0.98
0.99
1.0
1.0
1.0
1.01
1.02
1.02
1.03
1.04
1.05
1.06
1.07
1.07
1.08
1.09
1.1
1.12
1.13
1.14
1.15
1.14
1.17
1.19
1.2
1.21
1.23
1.25
1.27
1.28
1.3
1.33
1.35
1.38
1.39
1.44
1.46
1.49
1.52
1.56
1.61
1.65
1.7
3.15
3.13
3.1
3.08
3.07
3.05
3.03
2.77
2.75
2.73
2.7
2.68
2.66
2.8
2.94
3.1
3.28
3.47
3.7
3.93
4.23
4.56
4.99
5.43
5.98
6.69
8.54
8.47
8.46
8.44
8.43
8.42
8.41
8.41
8.41
8.41
8.43
8.44
8.43
8.45
4.15
4.04
3.99
4.04
4.09
4.15
4.2
4.28
4.33
4.38
4.38
4.35
4.22
4.31
4.3
4.31
3.19
3.33
3.37
3.4
3.43
3.47
3.52
3.54
3.46
81.83
81.83
81.83
81.83
3.63
81.83
