2.63
2.73
2.72
2.59
2.43
2.68
2.69
2.23
1.9
1.85
1.85
1.86
1.85
1.86
1.89
1.9
1.9
1.89
1.91
1.92
1.9
1.9
1.9
1.91
1.93
1.94
1.95
1.93
1.96
1.97
1.98
1.98
2.02
2.02
2.03
2.04
2.06
2.07
2.18
2.16
2.21
2.23
2.26
2.99
3.04
3.08
3.11
3.14
3.17
3.21
3.26
3.3
3.34
3.39
3.44
3.5
3.55
3.62
3.68
3.64
3.57
2.02
1.98
3.4
3.35
3.29
3.26
3.21
3.16
3.13
3.1
3.05
3.02
2.99
2.96
2.95
2.9
2.88
2.86
2.83
2.81
2.79
2.78
2.75
2.73
2.72
2.71
2.02
1.85
1.84
1.84
1.83
1.82
1.81
1.8
1.79
1.77
1.77
1.77
1.79
2.42
2.7
2.7
2.7
2.7
2.7
2.7
2.7
2.71
2.71
2.71
2.53
2.33
2.73
1.58
1.52
1.57
2.77
2.78
2.79
2.8
2.68
2.7
2.69
2.71
2.74
2.62
2.5
2.39
2.31
2.2
2.11
2.15
2.17
2.19
2.21
2.23
2.24
2.27
2.3
3.15
3.2
3.25
3.28
3.33
3.38
3.43
3.49
3.55
3.61
3.67
3.74
3.82
3.9
3.97
4.07
4.11
4.04
3.99
2.37
2.37
3.84
3.8
3.78
3.08
3.06
3.04
2.99
3.07
3.22
3.39
3.5
3.47
3.45
3.43
3.41
2.64
2.61
2.59
2.57
