1.78
1.73
1.72
1.69
1.67
1.64
1.62
1.6
1.61
1.62
1.63
1.65
1.67
1.7
1.71
1.75
1.78
1.8
1.83
1.86
1.89
1.94
1.96
2.0
2.04
2.09
2.13
2.19
2.23
2.29
2.35
2.42
2.48
2.56
2.64
2.73
2.84
2.94
3.08
3.17
3.32
3.5
3.68
3.91
4.2
4.56
4.93
5.62
6.78
18.64
22.38
23.24
22.52
81.83
16.35
8.78
7.64
6.91
6.35
5.85
5.45
5.08
4.79
4.51
4.26
4.04
3.85
3.67
3.51
3.35
3.24
3.24
3.28
3.33
5.96
6.02
6.08
6.14
6.2
2.37
2.32
2.26
2.2
2.18
2.21
2.24
2.28
2.3
2.33
2.37
2.41
2.45
2.5
2.53
2.59
2.64
2.68
2.74
2.8
2.86
2.93
3.0
3.08
3.16
3.24
3.33
3.43
3.53
3.64
3.76
3.88
4.03
4.17
4.34
4.51
4.71
4.93
4.94
4.91
4.88
4.86
4.84
4.82
4.8
4.79
4.77
4.75
4.73
4.72
4.71
4.7
1.96
1.89
1.89
1.89
1.88
1.89
1.88
1.89
1.89
1.89
1.89
1.89
1.89
1.9
1.9
1.91
1.91
1.92
1.93
1.94
2.0
1.86
1.75
1.65
1.57
1.48
1.41
1.36
1.3
1.26
1.2
1.16
1.1
1.07
1.02
1.03
1.04
1.05
1.07
1.09
1.11
1.12
1.14
1.15
1.17
1.18
5.14
6.09
6.18
