3.56
3.53
3.51
3.48
3.45
3.43
3.41
3.38
3.36
3.34
3.31
3.3
3.29
3.28
3.27
3.26
3.25
3.24
3.22
3.21
3.21
3.19
3.18
3.18
3.17
3.2
3.2
3.19
3.19
3.19
3.2
3.21
3.22
3.23
3.24
3.26
3.26
3.28
3.29
6.86
7.46
8.23
9.14
10.31
11.71
17.62
17.58
81.83
81.83
81.83
16.02
81.83
81.83
81.83
81.83
9.6
7.75
6.49
5.96
6.0
4.5
4.07
3.74
3.41
3.17
2.95
2.76
2.61
2.46
2.33
2.21
2.09
1.99
1.91
1.83
1.75
1.69
1.62
1.56
1.51
1.47
1.41
1.38
1.33
1.3
1.26
1.23
1.19
1.16
1.14
1.11
1.08
1.05
1.04
1.02
1.02
0.99
0.98
0.96
0.94
0.92
0.92
0.9
0.89
0.87
0.87
0.84
0.84
0.84
0.82
0.81
0.8
0.8
0.79
0.78
0.78
0.77
0.76
0.76
0.75
0.75
0.74
0.74
0.74
0.74
0.74
0.74
0.73
0.73
0.73
0.73
0.73
0.71
0.73
0.8
1.06
1.22
1.33
1.47
1.57
1.86
1.86
1.84
1.82
4.42
4.27
4.27
4.34
4.41
3.9
5.03
5.34
5.03
4.56
5.24
4.64
4.68
4.7
4.71
4.74
4.68
4.63
4.68
5.3
5.37
5.44
5.67
5.72
5.77
5.83
5.74
5.63
5.66
5.74
5.82
6.2
4.03
6.03
5.9
5.76
