0.92
0.92
0.91
0.91
0.91
0.91
0.9
0.9
0.9
0.9
0.91
1.24
1.32
1.32
1.32
1.31
0.66
0.63
0.64
0.63
0.63
0.63
0.63
0.63
0.63
0.64
0.64
0.64
0.64
0.64
0.64
0.64
0.64
0.65
0.65
0.65
0.78
0.72
0.69
0.69
0.65
0.63
0.63
0.64
0.65
0.67
0.68
0.69
0.69
0.71
0.72
0.72
0.73
0.75
0.77
1.59
1.61
1.63
1.66
1.68
1.71
1.27
1.27
1.76
1.8
1.83
1.87
1.89
1.93
1.96
1.16
1.07
1.07
2.13
2.18
2.22
2.26
2.22
2.17
2.12
2.08
2.04
2.0
1.96
1.93
1.9
1.88
1.85
1.82
1.8
1.77
0.88
0.88
0.88
1.69
1.66
1.64
1.46
1.48
1.6
1.12
1.14
1.55
1.54
1.53
1.26
1.25
1.23
1.23
1.21
1.2
1.21
1.2
1.19
1.18
1.18
1.17
1.16
1.18
1.23
1.36
1.42
1.42
1.42
1.42
1.41
1.42
1.42
1.41
1.41
1.42
1.42
1.42
1.3
1.3
1.42
1.42
1.42
1.42
1.43
1.43
1.43
1.44
1.45
1.46
1.47
1.48
1.48
1.49
1.5
1.5
1.52
1.53
1.54
1.55
1.57
1.59
1.59
1.6
1.62
1.63
1.65
1.68
1.69
1.28
1.29
4.03
3.94
3.87
3.78
3.71
3.65
1.09
1.05
1.08
3.41
3.35
3.29
3.25
3.25
