2.17
2.15
2.14
2.15
2.95
3.1
3.08
3.06
3.05
3.03
3.03
3.98
3.96
3.95
3.95
4.75
4.74
4.75
4.74
4.73
4.71
4.7
4.7
4.69
4.69
4.69
4.68
4.77
4.77
4.77
4.78
4.79
4.8
4.8
4.82
4.83
4.83
4.76
3.65
3.12
2.89
2.68
2.51
2.36
2.24
2.12
2.02
1.93
1.85
1.78
1.71
1.65
1.59
1.54
1.49
1.45
1.4
1.38
1.33
1.28
1.25
1.22
1.19
1.15
1.13
1.12
1.09
1.06
1.04
1.03
1.03
1.02
1.02
1.03
1.04
1.05
1.06
1.07
1.09
1.11
1.11
1.14
1.15
1.16
1.17
1.2
1.21
1.22
1.24
1.26
1.29
1.29
1.33
1.35
1.39
1.4
1.43
1.47
1.51
1.54
1.58
1.62
1.67
1.72
1.77
1.82
1.87
1.95
2.02
2.09
2.19
2.29
2.38
2.54
2.61
2.78
2.95
3.19
3.41
3.85
4.34
5.33
21.74
22.0
21.99
15.86
15.87
8.61
8.31
7.31
6.74
6.28
5.88
5.53
5.22
4.95
4.72
4.5
4.28
4.11
3.93
3.78
3.64
3.51
3.39
3.28
3.17
3.07
2.99
2.89
2.88
2.91
2.94
5.85
5.92
6.0
6.09
6.18
6.26
6.35
4.38
6.54
81.83
2.14
2.1
2.06
2.03
1.99
1.97
1.97
1.99
2.04
2.09
2.15
2.21
2.27
2.33
2.4
2.48
2.55
