0.97
0.97
0.97
0.97
0.96
0.97
0.97
0.97
0.98
0.98
0.98
0.98
0.99
0.99
1.0
1.01
1.01
1.02
1.02
1.03
1.04
1.04
1.05
1.06
1.07
1.08
1.09
1.11
1.12
1.13
1.14
1.15
1.16
1.17
1.2
1.21
1.22
1.25
1.26
1.28
1.31
1.33
1.36
1.38
1.4
1.43
1.45
1.48
1.52
1.55
1.59
1.61
1.65
1.7
1.75
1.8
1.85
1.91
1.97
2.04
2.11
2.19
2.28
2.38
5.0
5.11
7.21
7.13
7.06
6.98
6.91
6.86
6.8
6.74
6.68
6.63
6.59
6.54
6.49
6.45
6.0
6.38
6.35
3.62
3.6
3.58
3.56
3.56
3.54
3.53
3.54
3.52
3.52
3.51
3.5
3.5
3.5
3.5
3.5
3.5
3.5
3.5
3.5
3.51
3.52
3.52
3.52
3.53
3.53
3.54
3.54
3.56
3.57
3.59
3.61
3.63
3.66
3.68
3.79
3.82
3.84
3.98
4.02
2.76
2.66
2.55
2.45
2.38
2.3
2.24
2.17
2.11
2.05
2.0
1.95
1.89
1.85
1.81
1.77
1.72
1.69
1.66
1.63
1.59
1.57
1.54
1.51
1.49
1.46
1.44
1.43
1.4
1.38
1.36
1.35
1.33
1.31
1.3
1.29
1.28
1.28
1.27
1.25
1.25
1.23
1.22
1.21
1.21
1.2
1.2
1.2
1.19
1.18
1.18
1.17
1.17
1.17
1.17
1.16
1.16
