1.27
1.28
1.28
1.29
1.29
1.29
1.3
1.3
1.31
1.31
1.32
1.32
1.33
1.33
1.33
1.34
1.35
1.36
1.37
1.38
1.39
1.4
1.41
1.42
1.44
1.45
1.47
1.48
1.49
1.5
1.52
1.54
1.56
1.57
1.6
1.62
1.64
1.66
1.69
1.72
1.74
1.77
1.8
1.83
1.86
1.9
1.95
1.98
2.02
2.07
2.1
2.16
2.22
2.28
2.34
2.4
2.47
2.53
2.62
2.71
2.79
2.89
3.0
3.12
3.23
3.34
3.32
3.29
3.27
3.26
3.24
3.23
3.21
3.2
3.18
3.16
3.15
3.14
3.15
3.14
3.13
3.13
3.12
3.12
3.11
3.11
3.11
3.11
3.11
3.11
3.11
3.11
3.12
3.13
3.13
3.14
1.77
1.59
1.45
1.36
1.25
1.17
1.1
1.02
0.97
0.9
0.86
0.82
0.78
0.75
0.71
0.69
0.66
0.63
0.61
0.6
0.58
0.57
0.55
0.53
0.52
0.52
0.5
0.49
0.48
0.47
0.48
0.49
0.49
0.48
0.48
0.46
0.46
0.45
0.47
0.47
0.48
0.49
0.51
0.52
0.53
0.54
0.55
0.56
0.59
0.6
0.6
0.62
0.65
0.66
0.69
0.71
0.74
0.77
0.8
0.83
0.88
0.92
0.96
1.02
1.01
1.01
1.01
1.0
0.99
0.99
0.98
0.99
0.99
0.98
0.98
0.98
0.98
0.98
0.98
0.98
0.97
0.98
0.98
0.97
