3.01
3.01
2.19
2.17
2.14
2.13
2.11
2.11
2.11
2.11
2.11
2.1
2.09
2.08
2.06
2.04
2.04
2.05
2.05
2.05
2.04
2.04
2.04
2.04
2.04
2.05
2.06
2.05
2.04
2.04
2.05
2.82
2.83
2.84
2.85
2.86
2.87
2.89
2.91
2.92
1.95
1.93
2.95
2.98
2.99
3.01
3.04
3.06
3.09
3.12
3.16
3.19
3.2
2.6
2.3
2.62
3.36
3.4
3.45
3.39
3.31
3.24
3.17
3.1
2.92
2.91
2.93
2.87
2.82
2.77
2.72
2.69
2.65
2.61
2.6
2.53
1.83
1.53
1.53
1.51
1.51
1.49
1.48
1.47
1.46
1.45
1.44
1.43
1.43
1.42
1.4
1.41
1.66
1.85
2.0
2.15
2.13
2.12
2.11
2.09
1.89
1.88
2.08
81.83
8.19
8.17
8.17
8.39
10.36
17.51
17.47
21.2
11.62
10.33
10.34
10.36
8.84
8.82
6.11
5.37
4.75
4.31
4.32
4.33
4.35
4.36
4.38
4.4
4.42
2.16
2.09
1.99
2.0
2.19
2.21
2.23
2.24
2.19
1.98
1.91
1.85
1.79
1.73
1.68
1.63
1.58
1.56
1.53
1.53
1.55
1.58
1.6
1.61
1.64
1.67
1.69
1.72
1.73
2.95
3.0
3.06
3.13
3.18
3.21
3.33
3.4
3.48
3.58
3.66
3.65
3.62
3.57
3.54
3.5
3.47
3.44
3.41
3.38
3.36
3.32
