4.95
4.99
5.02
5.06
5.09
4.17
3.34
3.23
2.95
2.86
2.84
2.86
2.89
2.92
2.96
2.99
3.04
3.07
3.11
3.15
3.19
3.25
3.29
3.34
3.4
3.45
3.51
3.58
3.65
3.72
3.79
3.84
5.68
5.61
5.53
5.47
5.41
2.45
2.4
2.35
2.31
2.3
2.32
2.36
2.41
2.46
2.49
2.55
2.6
2.66
2.73
2.79
2.86
2.94
3.02
3.1
3.19
3.3
3.4
3.51
3.65
3.79
3.95
4.14
4.37
4.63
4.95
5.31
5.82
6.56
16.04
16.04
16.05
16.06
16.09
16.1
16.14
81.83
12.08
10.76
10.31
8.91
8.21
7.57
7.06
6.61
6.22
5.88
5.56
5.28
5.03
4.8
4.61
4.52
4.56
4.59
5.49
7.4
7.47
7.29
7.08
6.85
6.89
6.98
7.04
7.1
81.83
7.28
7.23
7.38
8.6
8.72
8.86
7.4
8.82
8.65
8.52
8.38
8.26
8.14
7.1
7.01
6.36
6.96
7.13
7.3
2.12
2.08
2.06
1.75
1.57
1.55
1.51
1.48
1.45
1.44
1.4
1.38
1.36
1.32
1.31
1.29
1.29
1.27
1.25
1.23
1.21
1.19
1.18
1.16
1.14
1.15
1.15
1.13
1.12
1.1
1.1
1.08
1.08
1.07
1.07
1.07
1.0
1.05
1.04
1.03
1.02
1.01
1.01
1.0
1.0
0.99
0.98
0.96
0.97
0.97
0.96
0.95
0.94
0.93
