1.69
1.7
1.69
1.7
1.7
1.69
1.69
1.7
1.69
1.69
1.74
1.3
1.29
1.29
0.71
0.69
0.7
0.7
0.7
0.7
0.71
0.71
0.72
0.72
0.72
0.72
0.73
0.74
0.74
0.75
0.76
0.76
0.77
0.77
0.77
0.78
0.79
0.79
0.8
10.41
10.54
10.66
10.78
10.92
11.06
10.94
10.71
6.91
6.8
6.69
6.31
2.84
2.86
2.92
2.98
3.04
2.99
2.94
2.9
2.85
2.82
2.78
2.75
2.73
2.69
2.66
2.63
2.38
2.26
2.31
2.37
2.47
2.5
2.49
2.47
2.45
2.43
2.41
2.4
2.38
2.37
2.35
2.35
2.34
2.32
2.32
2.3
2.29
2.28
2.27
2.26
2.25
1.98
1.97
2.26
2.26
2.26
2.26
2.26
2.26
2.26
2.26
2.25
2.26
2.27
2.27
2.28
2.29
2.3
2.32
2.33
2.34
2.35
2.3
2.18
2.08
2.08
1.99
1.9
1.83
1.76
1.69
1.63
1.57
1.52
1.47
1.41
1.34
1.34
1.37
1.36
1.38
1.37
1.34
1.3
1.28
1.24
1.22
1.2
1.17
1.15
1.13
1.11
1.09
1.07
1.05
1.03
1.02
1.0
0.98
0.97
0.95
0.94
0.93
0.92
0.91
0.89
0.88
0.88
0.87
0.87
0.86
0.85
0.84
0.83
0.83
0.82
0.81
0.73
0.7
0.69
0.69
0.71
0.71
0.71
0.71
0.7
0.7
0.7
0.7
