1.64
3.61
3.62
3.63
3.64
3.66
3.68
3.7
3.71
3.73
3.76
3.77
3.8
3.83
3.85
3.87
3.9
3.92
3.96
4.01
4.04
4.09
2.0
4.14
2.21
2.74
4.3
4.34
4.37
4.45
4.51
4.58
2.13
2.21
2.9
2.92
2.54
2.53
4.93
2.94
1.83
1.82
1.86
4.05
5.36
5.38
5.4
5.4
3.48
3.49
1.59
1.56
1.57
5.55
5.59
5.61
5.65
5.66
5.71
5.75
5.79
5.83
5.87
5.92
5.98
3.71
3.76
6.15
6.21
6.28
3.59
3.59
1.66
1.67
5.68
5.56
1.62
1.67
5.23
3.79
3.1
3.1
3.81
1.97
1.96
1.72
1.72
2.65
81.83
4.74
4.68
4.58
4.54
4.51
3.01
2.52
2.51
4.35
2.17
2.18
4.14
4.09
4.07
4.03
3.99
3.99
3.98
81.83
81.83
81.83
2.89
2.88
81.83
81.83
81.83
81.83
81.83
81.83
81.83
2.05
81.83
1.94
1.89
1.88
81.83
81.83
81.83
81.83
1.72
1.74
1.72
1.66
1.66
1.57
1.55
1.52
1.47
1.44
1.44
1.42
1.4
1.39
1.36
1.36
1.33
1.33
1.33
1.3
1.29
1.27
1.28
1.27
1.27
1.22
1.22
1.4
1.38
1.4
1.43
1.42
6.73
4.06
4.09
6.09
4.31
5.85
3.23
3.22
6.0
4.89
4.29
3.39
3.36
3.37
3.39
3.41
3.43
3.45
3.47
3.5
