0.35
0.35
0.35
0.35
0.35
0.35
0.35
0.38
0.38
0.38
0.39
0.39
0.38
0.4
0.39
0.39
0.39
0.39
0.4
0.39
0.39
0.39
0.38
0.39
0.38
0.36
0.39
3.26
2.49
2.16
2.1
2.06
2.01
1.96
1.92
1.88
1.86
1.86
1.89
1.92
1.97
2.0
2.05
2.09
2.13
2.27
2.53
2.48
2.45
2.43
2.4
2.37
2.34
2.04
1.97
2.03
2.1
2.17
2.21
2.2
2.18
2.17
2.15
2.12
2.12
2.1
2.09
2.08
2.06
2.05
1.75
1.75
1.85
2.01
3.94
3.93
3.91
3.9
3.89
3.88
3.87
3.87
3.87
3.87
3.87
3.87
3.6
3.63
3.87
3.89
3.9
3.92
3.93
3.94
3.94
3.95
3.97
3.98
3.87
3.72
3.56
3.35
3.18
3.01
2.94
2.95
2.88
2.77
2.66
2.56
2.47
2.38
2.07
2.04
1.99
1.92
1.88
1.83
1.78
1.72
1.74
1.75
1.77
1.81
1.8
1.79
1.81
1.84
1.86
1.89
1.93
1.96
2.01
2.04
2.09
2.13
2.18
2.21
2.27
2.32
2.38
2.43
2.9
2.98
3.08
3.18
3.28
1.1
1.1
1.09
1.09
1.09
1.09
1.08
1.07
1.06
1.06
1.05
1.04
1.03
0.66
0.57
0.56
0.56
0.55
0.55
0.52
0.54
0.53
0.54
0.54
0.55
0.55
0.55
0.56
0.55
0.55
0.56
0.6
0.99
