12.51
12.5
12.5
12.51
12.51
12.54
12.53
12.56
8.27
8.09
8.14
8.25
8.36
8.48
8.46
7.28
7.33
7.41
5.72
5.42
5.14
4.88
4.66
4.44
4.24
4.07
3.91
3.77
3.64
3.53
3.41
3.32
3.23
3.14
3.06
2.98
2.89
2.83
2.76
2.7
2.64
2.59
2.53
2.48
2.44
2.4
2.35
2.32
2.29
2.24
2.21
2.17
2.15
2.11
2.08
2.07
2.04
2.01
1.99
1.97
1.94
1.93
1.91
1.9
1.88
1.86
1.85
1.83
1.81
1.8
1.78
1.78
1.76
1.75
1.74
1.73
1.72
1.71
1.71
1.71
1.71
1.7
1.69
1.69
1.68
1.68
1.67
1.67
1.67
1.67
1.67
1.67
1.66
1.67
1.67
1.67
1.67
1.67
1.68
1.68
1.69
1.69
1.69
1.7
1.71
1.71
1.71
1.72
1.73
1.74
1.75
1.77
1.78
1.78
1.8
1.81
1.83
1.85
1.86
1.88
1.89
1.91
1.93
1.94
1.97
1.99
2.02
2.05
2.07
2.08
2.12
2.15
2.18
2.22
2.25
2.29
2.32
4.2
4.95
5.28
4.07
4.08
5.17
5.16
4.95
3.61
4.81
4.85
4.88
81.83
4.02
81.83
4.25
8.37
81.83
81.83
81.83
81.83
7.82
10.9
14.25
6.82
6.4
6.36
6.28
6.27
6.35
13.71
12.15
13.6
81.83
81.83
5.44
81.83
81.83
4.58
4.64
81.83
4.79
4.56
