2.91
2.97
2.95
2.71
2.52
2.3
2.15
2.02
1.91
1.92
1.92
1.75
1.7
1.7
1.74
1.76
1.76
1.78
1.79
1.81
1.83
1.84
1.86
1.88
1.9
1.88
1.83
1.79
1.75
1.72
1.68
1.64
1.61
1.58
1.55
1.52
1.49
1.47
1.44
1.42
1.39
1.37
1.35
1.33
1.33
1.3
1.29
1.27
1.25
1.23
1.23
1.21
1.21
1.19
1.19
1.17
1.16
1.16
1.15
1.14
1.13
1.12
1.11
1.1
1.09
1.09
1.08
1.08
1.08
1.07
1.07
1.06
1.06
1.05
1.05
1.04
1.04
1.04
1.04
2.58
2.57
2.57
2.57
2.57
2.57
2.58
2.58
2.58
2.59
2.59
2.6
2.6
2.61
2.62
2.63
2.64
2.65
2.66
2.68
2.69
2.62
2.57
2.58
2.62
2.63
2.66
2.69
2.71
2.74
2.72
2.88
2.94
2.97
3.0
3.03
3.07
3.1
3.13
3.17
3.21
3.26
3.31
3.35
3.4
3.46
3.51
3.57
3.64
3.69
3.76
3.84
3.89
3.98
4.06
4.16
4.25
4.34
4.45
4.56
4.64
4.71
4.65
4.61
4.57
4.52
4.47
4.45
4.42
2.85
2.82
2.81
2.87
3.0
3.17
3.33
3.52
3.76
3.98
4.26
4.59
6.75
6.72
6.7
6.69
10.46
10.45
11.06
11.07
11.16
11.15
10.13
11.13
6.6
6.6
6.61
6.61
6.62
6.62
6.65
6.67
