4.87
4.87
4.87
2.78
2.18
2.14
2.1
2.1
2.1
2.11
2.11
2.12
2.12
2.13
2.14
2.16
2.16
2.18
2.19
2.2
2.21
2.23
2.24
2.16
2.07
1.99
1.93
1.85
1.79
1.73
1.68
1.63
1.59
1.54
1.5
1.46
1.43
1.39
1.39
1.41
1.42
1.45
1.48
1.51
1.54
1.56
6.82
6.93
7.05
7.2
7.16
7.07
5.34
6.86
6.77
6.7
6.63
6.56
5.59
5.52
5.46
5.4
5.38
5.31
5.28
5.25
5.13
5.11
3.45
3.43
3.4
3.39
3.38
3.37
3.36
3.35
3.34
3.31
3.3
3.11
3.09
3.08
3.06
3.06
3.28
3.4
3.39
3.38
3.38
3.38
3.38
3.38
3.38
3.38
3.39
3.39
3.46
5.62
5.64
5.64
5.66
5.68
5.69
5.71
5.74
5.77
5.8
5.82
5.85
5.88
5.91
5.66
5.4
5.2
5.0
4.81
4.64
4.49
4.35
4.21
4.09
3.97
3.87
3.76
3.68
3.59
3.49
3.42
3.33
3.28
3.2
3.14
3.07
3.03
3.03
3.09
3.15
3.2
5.84
5.8
5.37
5.43
4.23
4.15
4.04
3.99
3.97
3.97
4.14
4.26
4.39
4.52
4.67
2.25
2.23
2.21
2.19
2.18
2.16
2.14
2.13
2.14
3.1
3.08
3.06
3.05
3.04
3.06
3.98
3.97
3.97
4.77
4.79
4.79
4.78
4.78
4.77
4.76
4.76
4.76
