1.25
1.27
1.31
1.35
1.39
1.42
1.47
1.51
1.56
1.63
1.69
1.76
1.82
1.9
1.98
3.31
3.28
3.26
3.25
3.23
3.21
3.19
3.18
3.18
3.45
5.07
5.05
5.04
5.04
5.03
5.02
5.01
5.01
5.0
5.01
5.01
5.01
5.01
5.02
5.03
5.04
5.06
5.52
6.13
7.06
81.83
81.83
12.96
12.76
11.28
10.59
9.97
9.44
8.94
8.5
8.11
7.75
7.36
7.34
9.95
10.04
6.38
6.23
6.28
6.35
6.41
6.47
6.55
6.61
6.69
6.78
6.86
4.06
3.97
3.93
4.24
4.3
4.37
4.44
4.51
4.59
4.67
4.76
4.86
4.93
4.84
4.79
4.73
4.65
1.32
1.29
1.24
1.23
1.21
1.19
1.19
1.16
1.16
1.15
1.15
1.13
1.13
1.11
1.1
1.09
1.09
1.07
1.07
1.07
1.06
1.05
1.05
1.04
1.03
1.03
1.03
1.03
1.03
1.03
1.02
1.02
1.02
1.02
1.02
1.02
1.02
1.02
1.03
1.03
1.03
1.03
1.03
1.03
1.03
1.03
1.03
1.04
1.05
1.05
1.06
1.06
1.07
1.08
1.08
1.09
1.11
1.11
1.12
1.13
1.14
1.15
1.15
1.16
1.17
1.18
1.19
1.2
1.21
1.23
1.24
1.26
1.28
1.3
1.34
1.41
2.24
2.19
2.15
2.1
2.06
2.03
2.0
1.97
1.94
1.9
1.89
1.86
1.83
1.81
1.78
