0.73
0.73
0.73
0.73
0.74
0.75
0.75
0.75
0.76
0.76
0.77
0.78
0.79
0.8
0.81
0.82
0.83
0.83
0.84
0.86
0.86
0.87
0.89
0.9
0.91
0.93
0.94
0.95
0.97
0.99
1.01
1.03
1.06
1.08
1.09
1.12
1.15
1.17
1.21
1.23
1.26
1.31
1.34
1.38
1.43
1.47
1.53
1.58
1.64
1.7
1.76
1.85
1.95
2.05
2.18
2.32
2.49
2.73
2.98
3.34
3.89
4.89
10.85
11.12
11.08
11.07
8.44
8.41
8.4
8.39
8.38
8.38
8.37
8.38
8.38
8.38
8.39
8.39
8.4
8.42
8.44
8.52
6.76
6.1
5.56
5.14
4.75
4.42
4.15
3.9
3.67
3.47
3.29
3.14
2.99
2.87
2.76
2.68
2.73
2.76
2.78
2.8
3.13
3.17
3.19
3.24
3.27
4.95
5.07
5.13
1.82
1.74
1.69
1.66
1.62
1.59
1.56
1.52
1.5
1.48
1.45
1.42
1.4
1.38
1.36
1.35
1.33
1.31
1.29
1.27
1.26
1.24
1.24
1.23
1.22
1.2
1.2
1.19
1.17
1.16
1.15
1.14
1.16
1.15
1.15
1.13
1.13
1.13
1.13
1.12
1.11
1.09
1.11
1.09
1.1
1.11
1.09
1.08
1.09
1.09
1.09
1.09
1.08
1.09
1.09
1.09
1.08
1.09
1.09
1.08
1.08
1.1
1.1
1.1
1.1
1.1
1.1
1.11
1.11
1.12
