6.18
6.16
6.14
6.13
6.54
6.55
6.57
4.41
4.76
4.15
3.81
3.83
3.57
4.38
4.4
2.9
4.46
4.47
2.42
4.54
6.49
6.87
4.75
1.76
6.53
3.37
4.27
5.9
3.9
2.09
2.02
1.96
2.01
2.03
2.04
2.05
2.07
2.1
2.11
2.13
2.18
2.23
2.3
4.1
4.04
1.84
3.92
3.86
3.8
2.67
3.66
3.65
3.6
3.56
3.52
3.48
3.44
3.4
3.37
3.35
3.32
3.29
3.26
3.23
3.21
3.19
3.16
3.14
3.12
3.09
3.08
3.07
3.05
3.04
3.02
3.02
3.01
2.99
2.99
2.98
2.97
2.96
2.96
2.95
2.95
2.95
2.95
2.95
2.95
2.95
2.95
2.95
2.96
2.96
2.96
2.97
2.98
2.71
2.47
2.26
2.08
1.94
1.81
1.71
1.6
1.52
1.44
1.36
1.3
1.25
1.2
1.15
1.1
1.06
0.71
0.67
0.64
0.63
0.6
0.58
0.58
0.56
0.54
0.53
0.52
0.5
0.49
0.49
0.47
0.45
0.45
0.43
0.43
0.42
0.42
0.41
0.4
0.4
0.4
0.4
0.39
0.38
0.37
0.37
0.36
0.35
0.35
0.34
0.35
0.34
0.33
0.33
0.33
0.32
0.32
0.31
0.31
0.31
0.31
0.31
0.31
0.3
0.3
0.3
0.3
0.3
0.3
0.29
0.29
0.29
0.29
0.29
0.29
0.29
0.29
0.28
0.28
0.28
0.28
0.27
