2.33
2.39
2.45
2.53
2.6
2.67
2.76
2.85
2.96
3.07
3.19
3.31
3.43
3.57
3.73
3.91
4.1
4.33
4.56
4.82
5.13
6.5
6.42
6.37
6.34
6.31
6.31
6.28
6.27
6.25
6.25
6.24
6.23
6.19
6.22
6.22
6.22
1.97
1.91
1.86
1.81
1.75
1.75
1.78
1.8
1.82
1.84
1.87
1.9
1.93
1.96
1.99
2.02
2.06
2.09
2.13
2.12
2.21
2.2
2.19
2.18
2.11
2.04
1.96
1.93
1.75
1.88
1.77
1.72
1.66
1.62
1.54
1.51
1.46
1.42
1.42
1.39
1.36
1.33
1.33
1.31
1.3
1.21
1.08
1.09
1.27
1.3
1.35
1.36
1.37
1.39
1.4
1.42
81.83
81.83
81.83
81.83
81.83
81.83
81.83
81.83
81.83
81.83
81.83
81.83
81.83
81.83
81.83
81.83
2.77
2.76
4.23
4.1
4.4
4.73
4.71
4.7
4.79
5.9
6.05
5.96
9.06
11.68
13.97
17.86
17.86
8.13
7.07
6.83
6.83
6.84
6.86
6.08
5.37
5.37
5.45
6.79
6.82
6.84
6.87
6.91
2.7
2.55
2.42
2.3
2.2
2.11
2.03
1.95
1.87
1.82
1.75
1.68
1.64
1.58
1.53
1.49
1.44
1.4
1.36
1.34
1.3
1.26
1.24
1.21
1.19
1.17
1.14
1.12
1.11
1.1
1.1
1.11
1.13
1.15
1.18
1.21
1.22
1.25
1.28
