1.24
1.25
1.24
1.2
5.05
5.06
6.34
18.26
14.21
11.26
9.79
8.59
7.58
7.3
7.31
7.34
7.36
6.89
6.37
5.87
5.89
7.36
7.41
7.45
7.49
7.54
7.6
7.64
7.52
7.23
6.96
3.27
3.18
3.07
2.97
2.9
2.81
2.73
2.66
2.6
2.53
2.48
2.42
2.36
2.32
2.26
2.21
2.17
2.12
2.09
2.06
2.02
1.99
1.95
1.92
1.89
1.87
1.89
1.94
1.99
2.04
2.09
2.15
2.19
2.27
2.33
2.41
2.49
2.56
2.65
2.75
2.85
2.96
3.09
3.21
3.35
3.52
3.72
3.92
4.17
4.44
4.75
5.1
5.53
6.02
6.6
7.24
8.12
13.13
13.01
13.13
13.92
81.83
81.83
81.83
11.5
81.83
81.83
81.83
81.83
81.83
81.83
81.83
81.83
6.0
5.42
4.96
4.55
4.23
3.97
3.68
3.44
3.25
3.07
2.92
2.78
2.65
2.53
2.42
2.32
2.23
2.15
2.08
2.0
1.94
1.87
1.83
1.77
1.73
1.69
1.73
1.76
1.78
1.82
1.84
1.86
2.18
2.2
2.25
2.28
2.31
2.35
2.39
2.44
2.48
4.79
4.91
4.58
4.57
6.51
6.55
6.46
4.72
6.32
6.25
6.19
6.12
6.06
6.01
5.97
5.9
5.85
5.11
1.04
1.02
1.02
1.02
1.0
1.01
1.0
0.99
0.99
0.99
0.99
0.99
0.99
0.99
0.98
0.97
0.97
