0.48
0.49
0.49
0.48
0.48
0.48
0.48
0.48
0.48
0.48
0.5
5.07
5.08
5.05
5.01
5.01
10.81
10.71
10.08
5.06
4.8
4.57
4.35
4.16
3.99
3.82
3.78
3.81
3.81
3.77
3.65
3.54
3.45
3.34
2.87
2.78
2.72
2.65
2.6
2.55
2.49
2.45
2.4
2.36
2.32
2.28
2.24
2.2
2.17
2.14
2.1
2.08
2.05
2.02
2.0
1.97
1.94
1.93
1.9
1.88
1.85
1.84
1.81
1.8
1.78
1.78
1.76
1.75
1.73
1.72
1.71
1.7
1.69
1.67
1.66
1.66
1.66
1.64
1.63
1.63
1.63
1.62
1.62
1.6
1.6
1.59
1.59
1.59
1.58
1.58
1.58
1.58
1.58
1.59
1.59
1.59
1.6
1.6
1.61
1.61
1.62
1.63
1.63
1.63
1.64
1.65
1.66
1.67
1.67
1.68
1.69
1.71
1.71
1.72
1.74
1.76
1.77
1.79
1.79
1.81
1.83
1.85
1.83
1.79
1.74
1.69
1.65
1.5
1.48
1.44
1.41
1.38
1.35
1.33
1.3
1.27
1.24
1.23
1.2
1.18
1.16
1.15
1.13
1.11
1.09
1.09
1.07
1.06
1.04
1.03
1.02
1.01
1.0
1.0
0.99
0.98
0.97
0.97
0.95
0.94
0.93
0.93
0.92
0.92
0.91
0.91
0.9
0.9
0.89
0.89
0.89
0.9
0.97
0.96
0.95
0.94
0.94
0.92
0.92
0.91
