3.95
4.86
5.55
5.55
5.18
5.2
5.58
5.6
5.62
5.63
10.66
10.64
10.61
10.58
10.57
10.55
10.54
10.53
10.53
10.77
14.06
13.67
13.73
15.0
14.34
9.02
8.15
6.93
6.14
5.47
4.98
0.83
0.79
0.73
0.63
0.6
0.6
0.59
0.59
0.61
0.61
0.6
0.6
0.61
0.61
0.61
0.64
0.64
0.65
0.66
0.64
0.61
0.6
0.6
0.6
0.61
0.62
0.62
0.63
0.63
0.63
0.64
0.64
0.65
0.65
0.66
0.67
0.68
0.68
0.69
0.7
0.71
0.71
0.72
0.73
0.75
0.75
0.77
0.78
0.8
0.81
0.83
0.84
0.85
0.87
0.88
0.9
0.92
0.94
0.96
0.99
1.03
1.05
1.07
1.11
1.15
1.18
1.27
3.51
2.13
3.59
3.58
3.56
3.56
3.55
3.55
3.54
3.54
3.54
3.54
3.54
3.53
3.54
3.54
3.55
3.55
3.56
3.57
3.58
3.59
3.6
1.86
1.86
1.9
3.65
3.67
3.69
3.7
3.68
3.67
3.77
3.79
3.82
3.85
3.88
3.91
3.46
3.69
3.44
3.29
3.09
3.01
3.24
3.27
3.33
3.39
3.42
3.33
3.32
2.59
81.83
81.83
2.46
3.87
3.81
3.74
0.49
0.48
0.46
0.46
0.45
0.43
0.42
0.42
0.41
0.4
0.41
0.41
0.41
0.4
0.41
0.4
0.39
0.4
0.39
0.39
0.41
0.42
0.41
0.49
