3.18
3.18
3.19
3.2
3.2
3.22
3.23
3.24
1.98
1.95
3.28
3.3
3.31
3.33
3.35
3.37
3.3
3.18
3.05
2.93
2.83
2.71
2.74
2.76
2.79
2.83
2.85
2.87
2.92
2.98
2.93
2.87
2.8
2.74
2.68
2.63
2.58
2.53
2.49
2.44
2.41
2.37
2.33
1.96
1.92
1.88
1.88
1.84
1.82
1.77
1.77
1.82
1.74
1.74
1.73
1.7
1.69
1.68
1.66
1.65
1.64
1.65
1.66
1.74
1.85
1.84
1.83
1.81
1.8
1.8
1.79
1.78
1.78
1.77
1.77
1.76
1.75
1.75
1.75
1.75
1.74
1.73
1.74
1.74
1.74
1.74
1.74
1.55
1.55
1.59
0.84
0.81
0.83
0.82
1.76
1.78
1.78
1.64
1.54
1.44
1.37
1.29
1.22
1.15
1.1
1.06
1.01
0.96
0.92
0.88
0.85
0.82
0.79
0.77
0.74
0.73
0.71
0.69
0.67
0.66
0.64
0.63
0.62
0.6
0.58
0.57
0.56
0.55
0.55
0.54
0.53
0.53
0.52
0.51
0.5
0.5
0.49
0.49
0.48
0.47
0.47
0.46
0.46
0.45
0.45
0.45
0.45
0.44
0.44
0.43
0.42
0.42
0.41
0.41
0.41
0.41
0.4
0.4
0.4
0.4
0.4
0.39
0.39
0.39
0.39
0.39
0.39
0.39
0.39
0.39
0.39
0.39
0.39
0.39
0.38
0.4
0.39
0.38
0.38
0.38
