15.89
81.83
17.82
5.02
4.34
3.91
3.58
3.3
3.06
2.86
2.7
2.55
2.43
2.34
2.25
2.16
2.08
2.0
1.94
1.88
1.83
1.76
1.72
1.68
1.63
1.59
1.56
1.52
1.49
1.46
1.42
1.4
1.37
1.35
1.32
1.29
1.27
1.26
1.24
1.22
1.2
1.17
1.16
1.15
1.13
1.12
1.11
1.09
1.08
1.06
1.05
1.05
1.04
1.04
1.03
1.02
1.01
1.01
1.0
1.03
1.07
1.13
1.21
1.29
2.84
2.94
3.05
3.16
3.29
3.42
3.48
3.49
3.52
3.76
3.98
4.22
4.49
4.79
5.15
5.56
6.03
6.63
7.04
7.03
7.0
8.71
9.85
12.01
18.73
18.62
19.7
19.81
22.14
8.41
8.01
8.02
8.03
8.04
8.05
8.06
8.09
6.12
5.57
5.07
4.7
4.37
4.06
3.8
3.58
3.39
3.2
3.03
2.89
2.76
2.66
2.55
2.44
2.51
2.53
2.56
2.58
2.62
2.68
2.71
2.74
2.77
2.8
2.84
2.88
2.9
5.07
4.97
4.85
4.85
4.93
5.0
5.08
5.07
4.99
4.9
4.83
4.76
4.69
4.63
4.56
4.5
4.45
4.4
4.35
4.29
4.26
4.21
4.16
4.13
4.09
4.04
4.01
3.99
1.14
1.09
1.09
1.08
1.07
1.07
1.06
1.06
1.05
1.04
1.04
1.04
1.03
1.03
1.03
1.02
1.02
1.03
1.02
1.01
1.01
1.02
