6.71
7.44
12.3
12.19
12.19
81.83
81.83
81.83
81.83
10.66
10.63
81.83
81.83
81.83
81.83
81.83
81.83
81.83
81.83
81.83
5.08
4.65
4.32
3.98
3.72
3.48
3.3
3.13
2.94
2.8
2.66
2.53
2.43
2.32
2.24
2.16
2.09
1.99
1.96
1.89
1.83
1.77
1.72
1.67
1.63
1.59
1.54
1.5
1.47
1.43
1.4
1.37
1.34
1.33
1.3
1.27
1.26
1.23
1.21
1.2
1.17
1.16
1.14
1.13
1.12
1.11
1.1
1.09
1.09
1.1
1.13
1.19
1.23
1.27
1.3
1.86
1.92
1.99
5.73
5.69
5.66
5.63
5.58
5.55
5.52
4.88
4.83
4.82
4.8
4.78
4.76
5.37
5.36
5.34
5.34
5.49
5.49
5.48
5.48
5.48
5.42
4.28
4.36
5.48
5.49
4.86
4.76
4.74
4.74
4.77
4.79
5.42
5.45
5.47
5.49
5.52
5.55
4.24
4.24
1.83
1.79
1.27
1.22
1.17
1.11
1.05
1.04
1.04
1.05
1.06
1.07
1.08
1.09
1.1
1.12
1.12
1.14
1.15
1.17
1.19
1.2
1.21
1.24
1.26
1.28
1.31
1.33
1.36
1.38
1.4
1.44
1.47
1.5
1.54
1.58
1.61
1.66
1.71
1.77
1.82
1.87
1.94
1.99
2.06
2.13
2.21
2.3
2.39
2.49
2.6
2.72
2.88
3.04
3.21
3.37
3.59
3.84
4.13
4.46
4.84
