3.03
2.99
2.95
2.93
2.9
2.86
2.84
2.81
2.78
2.77
2.74
2.72
2.7
2.68
2.66
2.64
2.63
2.6
2.6
2.59
2.57
2.57
2.56
2.54
2.53
2.52
2.51
2.5
2.5
2.5
2.49
2.49
2.51
2.63
2.74
2.89
3.06
3.26
3.49
3.76
4.1
4.54
5.24
23.84
81.83
17.71
81.83
10.16
9.39
8.71
8.15
7.65
7.21
6.83
6.5
6.19
5.91
5.65
5.41
5.22
5.02
4.83
4.73
4.74
4.8
7.5
7.57
7.65
3.89
3.8
3.68
3.69
3.74
3.78
3.83
3.89
3.96
4.0
4.07
4.14
4.21
4.29
4.36
4.44
4.53
4.62
4.72
4.83
4.92
5.03
5.16
5.28
5.41
5.56
5.71
5.87
6.06
6.19
3.05
3.02
2.99
2.96
1.89
1.87
1.87
1.86
1.84
1.83
1.82
1.81
2.57
2.73
2.93
3.07
3.07
3.05
3.03
3.02
3.0
2.99
3.0
3.01
3.0
3.0
2.99
3.01
3.0
3.0
5.39
81.83
4.33
4.29
4.29
4.35
4.21
4.2
5.49
5.5
5.25
4.93
4.93
4.94
4.97
4.99
5.32
5.09
5.1
5.12
5.15
5.17
5.92
5.98
6.02
6.07
6.13
6.19
6.25
6.32
4.72
4.7
6.52
6.62
6.48
6.33
6.19
2.47
2.43
2.39
2.35
2.31
2.29
2.25
2.22
2.18
2.08
1.89
1.87
1.85
1.82
1.79
