1.19
1.19
1.18
1.18
1.18
1.18
1.17
1.17
1.17
1.17
1.17
1.16
1.17
1.17
1.17
1.16
1.17
1.17
1.17
1.17
1.17
1.17
1.17
1.17
1.17
1.17
1.18
1.18
1.19
1.19
1.2
1.21
1.22
1.23
1.24
1.24
1.26
1.27
1.27
1.27
3.67
3.66
3.64
3.64
3.63
3.62
3.6
3.6
3.59
3.59
3.58
3.58
3.14
4.18
4.19
4.05
2.94
2.95
4.21
4.22
3.79
4.06
2.48
3.68
3.65
3.67
3.7
3.71
81.83
2.87
2.9
81.83
3.09
81.83
81.83
7.21
7.27
81.83
81.83
81.83
6.7
9.73
81.83
13.02
9.64
5.26
5.25
5.22
5.13
5.12
5.18
12.51
12.47
8.8
5.92
81.83
81.83
81.83
4.31
81.83
81.83
81.83
81.83
3.47
81.83
3.59
81.83
81.83
81.83
3.52
81.83
81.83
81.83
81.83
81.83
81.83
81.83
81.83
81.83
81.83
81.83
81.83
81.83
81.83
2.79
81.83
81.83
81.83
81.83
2.64
2.61
2.58
2.56
2.53
2.5
2.48
2.47
2.44
2.42
2.39
2.4
2.37
2.36
2.34
2.32
2.3
2.28
2.31
81.83
2.41
2.44
2.5
2.55
2.59
2.65
2.71
81.83
2.57
2.53
2.53
2.5
2.47
2.48
2.75
2.73
2.7
2.68
2.65
2.63
2.62
2.59
2.57
2.57
2.64
2.79
2.85
2.84
2.82
2.81
2.81
