0.75
0.75
0.76
0.76
0.77
0.78
0.78
0.79
0.8
0.81
0.81
0.82
0.82
0.83
0.84
0.84
0.86
0.87
0.88
0.88
0.89
0.91
0.92
0.93
0.95
0.96
0.98
1.0
1.02
1.03
1.05
1.07
1.1
1.12
1.15
1.17
1.2
1.23
1.27
1.29
1.33
1.38
1.42
1.45
1.5
1.57
1.62
1.68
1.74
1.83
1.92
2.03
2.14
2.3
2.47
2.68
3.02
3.36
3.88
5.02
4.21
4.21
4.04
4.23
3.82
4.24
4.25
4.25
4.27
4.34
9.3
9.28
9.26
9.25
9.22
9.2
9.19
9.18
9.18
9.18
9.28
10.31
12.73
12.32
13.75
13.04
13.01
8.7
7.67
6.86
6.89
6.91
5.39
5.0
4.66
4.34
4.09
3.86
3.66
3.5
3.36
3.18
3.04
2.92
2.8
2.7
2.61
2.52
2.44
2.36
2.29
2.21
2.17
2.11
2.04
1.99
1.95
1.89
1.85
1.81
1.77
1.73
1.69
1.67
1.63
1.6
1.57
1.54
1.51
1.5
1.47
1.46
1.44
1.4
1.41
1.38
1.37
1.35
1.34
1.33
1.34
1.37
1.42
1.47
1.53
1.77
1.83
1.88
1.96
2.03
3.95
3.69
3.66
3.62
3.62
3.62
3.61
3.6
3.59
3.58
3.58
3.57
3.81
3.81
3.8
3.79
3.79
3.79
3.78
3.78
3.78
3.78
3.77
2.87
2.87
3.79
3.79
3.62
3.23
2.91
