81.83
81.83
81.83
1.22
81.83
81.83
81.83
81.83
2.86
3.52
3.05
1.13
1.13
1.12
1.11
1.1
1.08
1.07
1.06
1.06
1.02
0.86
1.02
1.02
1.02
1.02
1.01
1.01
0.98
0.95
0.93
0.92
0.92
0.94
0.95
0.97
0.99
1.01
1.03
1.04
1.04
6.63
6.62
3.46
6.61
6.63
6.63
4.35
3.39
3.37
3.35
3.33
3.3
3.28
3.26
3.24
3.22
3.21
3.21
3.19
3.18
3.16
3.15
3.13
3.13
3.13
3.12
3.12
3.11
3.1
3.1
3.1
3.1
3.1
3.11
3.11
5.98
6.05
6.12
6.19
3.49
3.51
2.84
6.56
6.65
6.75
6.54
6.43
6.41
5.74
5.72
5.71
5.09
5.0
4.84
4.76
4.72
0.87
4.94
5.05
5.19
5.33
5.47
5.64
5.8
5.97
0.9
0.9
7.62
7.56
7.5
0.76
0.77
0.75
0.8
0.8
0.83
0.85
0.85
0.86
0.88
0.91
0.92
0.94
0.96
1.0
0.99
1.04
81.83
81.83
81.83
81.83
1.19
81.83
1.3
1.33
1.41
1.43
1.43
81.83
81.83
1.55
81.83
81.83
81.83
81.83
81.83
81.83
81.83
81.83
3.3
3.32
3.34
3.35
3.38
3.43
3.48
3.53
3.55
3.59
3.62
3.64
3.67
3.71
3.76
3.73
3.83
3.88
3.92
2.6
4.01
2.1
4.13
4.17
3.45
4.33
4.32
3.56
4.27
4.33
