1.42
1.45
1.51
1.55
1.62
1.67
1.74
1.8
1.88
1.96
2.06
2.14
2.24
2.37
2.49
2.63
2.8
3.0
3.22
3.45
3.73
4.09
4.52
5.0
6.6
6.63
7.81
9.5
12.52
12.51
12.51
12.5
12.51
12.51
12.51
12.53
8.14
8.09
8.11
8.21
8.3
8.42
8.38
7.19
7.27
5.59
5.25
4.94
4.64
4.38
4.15
3.94
3.77
3.61
3.47
3.34
3.22
3.11
3.0
2.9
2.81
2.72
2.64
2.58
2.5
2.45
2.38
2.33
2.29
2.23
2.19
2.14
2.11
2.06
2.02
1.98
1.95
1.92
1.88
1.86
1.82
1.79
1.77
1.74
1.73
1.71
1.69
1.67
1.64
1.63
1.61
1.6
1.58
1.56
1.55
1.54
1.52
1.51
1.5
1.49
1.48
1.47
1.46
1.45
1.44
1.43
1.43
1.41
1.41
1.41
1.4
1.4
1.4
1.4
1.39
1.39
1.39
1.39
1.39
1.39
1.39
1.39
1.39
1.39
1.39
1.39
1.39
1.38
1.38
1.39
1.39
1.39
1.4
1.41
1.41
1.41
1.43
1.43
1.43
1.44
1.45
1.47
1.48
1.5
1.5
1.51
1.53
1.53
1.54
1.55
1.57
1.58
1.61
1.62
1.63
1.66
1.68
1.7
1.72
1.74
1.77
1.79
1.82
1.85
1.88
1.91
1.94
1.97
2.01
2.05
2.09
2.12
5.13
3.86
3.89
5.0
4.81
4.64
3.47
3.44
