1.28
2.73
2.81
2.91
2.99
3.09
3.2
3.31
3.46
3.56
3.55
3.54
3.77
3.97
4.19
4.43
4.72
5.03
5.4
5.82
6.32
6.91
7.08
7.07
7.06
8.77
11.46
12.07
18.56
18.74
19.77
22.17
20.81
8.05
8.04
8.06
8.06
8.08
8.09
8.11
6.33
5.71
5.14
4.72
4.34
4.02
3.74
3.51
3.31
3.1
2.94
2.79
2.67
2.55
2.45
2.51
2.53
2.55
2.57
2.6
2.67
2.7
2.73
2.76
2.78
2.81
2.84
2.88
5.16
5.05
4.93
4.83
4.83
4.9
4.97
5.04
5.05
4.97
4.88
4.8
4.73
4.66
4.6
4.53
4.47
4.42
4.36
4.3
4.25
4.2
4.15
4.13
4.08
4.04
3.98
1.04
1.02
1.02
1.01
1.0
1.0
0.99
0.98
0.98
0.97
0.97
0.97
0.95
0.95
0.94
0.94
0.94
0.94
0.93
0.93
0.93
0.93
0.92
0.93
0.92
0.92
0.92
0.93
0.92
0.93
0.93
0.93
0.93
0.94
0.94
0.93
0.94
0.94
0.95
0.95
0.96
0.96
0.97
0.97
0.96
0.97
0.98
0.99
0.99
1.0
1.0
1.02
1.02
1.04
1.05
1.06
1.06
1.07
1.08
1.09
1.11
1.11
1.13
1.15
1.15
1.17
1.18
1.2
1.22
1.24
1.26
1.28
1.3
1.33
1.36
1.39
1.41
1.45
1.49
1.51
1.54
1.57
1.62
1.67
1.71
