0.71
0.71
0.72
0.73
0.73
0.72
0.71
0.71
0.71
0.71
0.71
0.71
0.71
0.72
0.72
0.72
0.73
0.73
0.73
0.73
0.74
0.74
0.74
0.75
0.76
0.76
0.77
0.77
0.78
0.79
0.79
0.8
0.8
0.82
0.82
0.83
0.84
0.85
0.86
0.87
0.88
0.89
0.91
0.92
0.94
0.94
0.96
0.97
0.99
1.01
1.03
1.05
1.07
1.09
1.12
1.14
1.16
1.18
1.22
1.25
1.28
1.32
1.37
1.39
1.43
1.48
1.52
1.57
1.61
1.6
1.58
1.57
1.57
1.56
1.55
1.54
1.53
1.52
1.52
1.51
1.5
1.5
1.49
1.48
1.48
1.47
1.47
1.46
1.46
1.46
1.46
1.45
1.45
1.45
1.45
1.45
1.45
1.45
1.46
1.46
1.46
1.47
1.47
1.48
1.48
1.49
1.49
1.5
1.5
1.5
1.51
1.52
1.53
1.54
1.55
1.55
1.57
1.58
1.59
1.6
1.62
1.64
1.65
1.67
1.68
1.7
1.71
1.74
1.76
1.77
1.79
1.82
1.84
1.87
1.9
1.92
1.95
1.99
2.01
2.05
2.09
2.13
2.15
2.2
2.25
2.3
2.35
2.41
2.46
2.52
2.02
1.33
1.32
1.29
2.44
2.43
2.41
2.37
2.35
2.3
2.37
2.46
2.57
2.68
2.82
2.95
2.97
2.96
2.94
2.95
2.93
2.92
2.91
2.89
2.89
2.87
2.87
1.29
1.31
2.86
