4.73
4.72
4.71
4.71
4.7
4.7
4.7
4.7
4.7
4.7
4.71
4.72
4.72
4.74
4.75
4.76
4.77
4.78
4.79
4.81
4.83
4.85
4.88
4.89
4.91
4.94
5.0
7.35
7.32
7.27
7.26
7.22
7.21
6.95
7.17
6.48
7.48
7.7
7.67
7.52
6.3
6.97
7.06
81.83
81.83
81.83
17.75
17.73
19.26
81.83
19.21
81.83
81.83
10.19
10.22
81.83
7.9
7.73
5.8
5.78
2.17
2.2
1.96
1.95
1.94
1.92
1.9
1.88
1.86
1.85
1.85
1.91
2.0
2.09
2.07
2.06
2.05
2.03
2.02
2.01
1.99
1.98
1.88
1.86
1.85
1.83
1.84
1.82
1.81
1.81
1.83
1.83
1.83
1.82
2.21
1.46
1.33
1.33
1.6
1.92
1.92
1.97
2.59
2.6
2.6
2.58
2.59
2.62
2.62
2.64
2.65
2.65
2.66
2.67
2.69
2.71
2.71
2.73
2.76
2.78
2.8
2.8
2.84
2.84
2.87
2.91
2.93
2.97
3.01
3.04
3.08
3.12
3.16
3.14
3.06
2.12
2.07
0.87
0.81
0.81
0.79
0.78
0.78
0.77
0.77
0.77
0.77
0.76
0.75
0.75
0.74
0.74
0.72
0.72
0.72
0.73
0.75
0.75
0.75
0.74
0.74
0.74
0.74
0.74
0.74
0.84
1.99
1.98
1.97
1.97
1.96
1.96
1.94
1.94
1.93
1.93
1.92
1.92
1.99
1.98
