7.44
10.07
6.49
6.29
6.34
6.41
6.46
6.52
6.59
6.67
6.74
6.82
4.17
4.1
4.0
4.26
4.31
4.37
4.43
4.5
4.58
4.66
4.73
4.82
4.92
4.94
4.87
1.33
1.28
1.26
1.24
1.22
1.21
1.19
1.18
1.17
1.15
1.15
1.15
1.13
1.12
1.11
1.1
1.08
1.07
1.07
1.07
1.05
1.05
1.04
1.04
1.03
1.03
1.02
1.02
1.02
1.01
1.01
1.01
1.0
1.0
1.0
0.99
0.99
1.0
0.99
0.99
0.98
0.99
0.99
0.99
0.99
0.99
1.0
1.0
1.0
1.01
1.01
1.01
1.02
1.03
1.03
1.03
1.03
1.04
1.04
1.05
1.06
1.07
1.07
1.08
1.1
1.11
1.12
1.13
1.14
1.15
1.16
1.17
1.19
1.19
1.21
1.23
1.28
2.23
2.17
2.13
2.09
2.04
2.0
1.97
1.94
1.91
1.87
1.84
1.82
1.79
1.76
1.74
1.72
1.69
1.67
1.65
1.63
1.62
1.6
1.58
1.57
1.56
1.55
1.53
1.52
1.5
1.49
1.48
1.47
1.46
1.45
1.44
1.43
1.42
1.41
1.4
1.4
1.39
1.39
1.38
1.39
1.39
1.39
1.39
1.39
1.38
1.38
1.38
1.38
1.38
1.38
1.38
1.37
1.36
1.38
1.38
1.39
1.38
1.38
1.38
1.38
1.39
1.39
1.39
1.4
1.42
1.42
1.43
1.44
1.44
1.45
1.46
1.48
