1.73
1.8
1.87
1.95
2.03
2.13
2.22
2.33
2.45
2.59
2.78
2.98
3.2
3.48
4.37
4.67
4.71
4.87
4.96
4.95
4.94
4.93
4.92
4.91
4.91
4.91
4.91
4.91
4.81
4.82
10.43
10.45
10.46
10.49
4.78
4.3
3.95
3.62
3.47
3.48
3.47
3.47
3.27
2.42
2.3
2.21
2.11
2.01
1.95
1.89
1.82
1.76
1.71
1.67
1.61
1.57
1.53
1.48
1.45
1.41
1.38
1.34
1.31
1.28
1.26
1.23
1.21
1.18
1.16
1.13
1.11
1.09
1.08
1.08
1.05
1.03
1.02
1.0
0.98
0.97
0.96
0.95
0.95
0.93
0.92
0.91
0.9
0.89
0.88
0.87
0.86
0.85
0.84
0.83
0.83
0.83
0.83
0.82
0.81
0.8
0.8
0.8
0.79
0.79
0.79
0.78
0.78
0.77
0.77
0.76
0.76
0.76
0.76
0.76
0.76
0.77
0.77
0.76
0.77
0.77
0.77
0.77
0.77
0.78
0.79
0.79
0.79
0.8
0.81
0.81
0.82
0.82
0.83
0.83
0.83
0.84
0.84
0.85
0.86
0.88
0.89
0.89
0.9
0.9
0.91
0.92
0.93
0.94
0.96
0.97
0.97
0.99
1.0
1.02
1.04
1.06
1.06
1.08
1.09
1.12
1.14
1.16
1.18
1.21
1.23
1.25
1.28
1.29
1.26
1.25
1.24
1.23
1.22
1.2
1.18
1.17
1.16
1.14
1.13
1.12
