0.94
0.94
0.94
0.94
0.95
0.95
0.96
0.96
0.96
0.97
0.97
0.97
0.98
0.98
0.99
1.0
1.0
1.01
1.02
1.02
1.02
1.03
1.04
1.05
1.06
1.07
1.07
1.09
1.11
1.11
1.12
1.13
1.14
1.16
1.18
1.19
1.21
1.23
1.25
1.27
1.29
1.31
1.33
1.36
1.38
1.41
1.43
1.46
1.49
1.53
1.98
2.29
2.27
2.24
2.22
2.19
2.16
2.14
2.12
2.11
2.08
2.07
2.05
2.03
2.02
2.01
1.99
1.98
1.96
1.95
1.93
1.92
1.92
1.91
1.9
1.89
1.89
1.88
1.87
1.87
1.86
1.86
1.85
1.86
1.86
1.85
1.85
1.85
1.85
1.85
1.85
1.85
1.86
1.86
1.87
1.87
1.87
1.88
1.89
1.89
1.89
1.9
1.91
1.92
1.92
1.94
1.95
1.96
1.98
1.99
2.0
1.93
1.85
1.78
1.73
1.67
1.61
1.55
1.53
1.48
1.44
1.4
1.37
1.34
1.3
1.27
1.25
1.21
1.19
1.17
1.15
1.13
1.11
1.09
1.06
1.05
1.03
1.01
1.0
0.99
0.98
0.97
0.95
0.94
0.93
0.92
0.91
0.9
0.88
0.88
0.87
0.86
0.86
0.85
0.84
0.83
0.83
0.83
0.82
0.81
0.81
0.8
0.8
0.79
0.79
0.79
0.78
0.78
0.78
0.78
0.78
0.78
0.77
0.77
0.78
0.77
0.78
0.77
0.77
0.78
