11.45
11.45
11.45
11.49
15.04
15.07
16.01
15.31
11.34
9.69
9.13
7.77
6.97
6.28
5.78
5.35
1.82
1.74
1.57
1.57
1.57
1.58
1.58
1.61
1.59
1.56
1.56
1.56
1.57
1.58
1.59
1.6
1.61
1.62
1.62
1.63
1.64
1.66
1.65
0.7
0.68
0.68
0.68
0.64
0.63
0.61
0.61
0.59
0.58
0.58
0.57
0.56
0.56
0.55
0.54
0.54
0.54
0.53
0.52
0.52
0.51
0.51
0.5
0.5
0.49
0.49
0.48
0.48
0.48
0.48
0.47
0.47
0.46
0.46
0.46
0.46
0.46
0.45
0.44
0.44
0.44
0.44
0.44
0.44
0.44
0.44
0.45
0.44
0.44
0.45
0.46
0.45
0.45
0.46
0.46
0.44
0.44
0.45
0.45
0.44
0.44
0.44
0.44
0.44
0.44
0.44
0.44
0.45
0.45
0.46
0.45
0.46
0.46
0.46
0.46
0.47
0.47
0.48
0.48
0.48
0.49
0.49
0.5
0.5
0.5
0.52
0.52
0.52
0.53
0.53
0.54
0.54
0.57
0.57
0.58
0.59
0.59
0.59
0.61
0.62
0.63
0.64
0.66
0.66
0.68
0.69
0.71
0.73
0.75
0.77
0.78
0.81
0.84
0.87
0.9
0.93
0.97
1.01
1.04
1.09
1.15
1.19
1.26
1.32
1.39
1.46
1.55
1.63
1.74
1.88
2.03
2.2
2.4
2.63
2.93
3.3
3.78
4.28
5.18
7.69
