0.78
0.78
0.79
0.79
0.79
0.79
0.8
0.8
0.8
0.8
0.82
0.82
0.83
0.83
0.84
0.85
0.86
0.87
0.87
0.88
0.88
0.89
0.9
0.91
0.92
0.93
0.94
0.95
0.97
0.99
1.0
1.01
1.03
1.04
1.07
1.09
1.12
1.14
1.16
1.18
1.2
1.23
1.26
1.29
1.33
1.37
1.4
1.44
1.48
1.53
1.57
1.63
1.67
1.76
1.8
1.89
1.99
2.12
2.26
2.43
2.65
2.92
3.26
3.71
6.67
6.56
6.58
6.46
6.62
6.65
6.72
11.68
11.65
11.64
11.63
11.62
11.61
11.61
12.75
15.14
14.94
16.15
15.44
10.63
9.25
9.27
7.26
6.5
1.92
1.7
1.7
1.71
1.7
1.73
1.73
1.67
1.67
1.68
1.68
1.68
1.69
1.69
1.69
0.78
0.76
0.76
0.71
0.68
0.67
0.64
0.62
0.6
0.58
0.57
0.56
0.55
0.53
0.53
0.51
0.5
0.49
0.49
0.47
0.47
0.45
0.45
0.45
0.44
0.43
0.43
0.42
0.42
0.41
0.4
0.41
0.4
0.4
0.4
0.4
0.39
0.39
0.38
0.38
0.38
0.38
0.38
0.37
0.37
0.37
0.36
0.37
0.37
0.37
0.37
0.36
0.37
0.36
0.37
0.36
0.37
0.36
0.37
0.37
0.37
0.37
0.37
0.37
0.36
0.37
0.37
0.37
0.37
0.37
0.37
0.37
0.37
0.36
0.37
0.37
0.37
