1.52
1.52
1.52
1.52
1.52
1.53
1.52
1.52
1.52
1.53
1.53
1.54
1.55
1.56
1.56
1.57
1.58
1.59
1.6
1.61
1.61
1.61
1.63
1.64
1.65
1.67
1.68
1.69
1.71
1.73
1.75
1.76
1.78
1.81
1.82
1.84
1.86
1.89
1.91
1.94
1.97
2.0
2.03
2.06
2.1
2.15
2.17
2.21
2.26
2.3
2.35
2.41
2.46
2.52
2.58
2.65
2.72
2.79
2.86
2.96
3.05
3.14
3.24
3.33
3.46
3.58
3.73
3.88
4.05
4.24
4.45
4.69
4.94
5.22
5.53
5.91
6.32
6.81
18.7
11.34
11.3
11.21
11.33
81.83
10.46
81.83
81.83
9.62
9.71
81.83
81.83
81.83
81.83
81.83
81.83
81.83
81.83
81.83
4.11
3.68
3.36
3.09
2.84
2.63
2.45
2.32
2.19
2.11
1.95
1.86
1.77
1.69
1.61
1.55
1.49
1.42
1.38
1.33
1.28
1.24
1.2
1.15
1.13
1.09
1.06
1.04
1.01
0.98
0.97
0.97
0.94
0.9
0.89
0.87
0.86
0.84
0.82
0.82
0.8
0.8
0.78
0.77
0.76
0.75
0.75
0.73
0.73
0.71
0.7
0.7
0.7
0.7
0.68
0.67
0.68
0.66
0.67
0.66
0.66
0.65
0.64
0.64
0.65
0.64
0.64
0.64
0.63
0.63
0.63
0.63
0.62
0.62
0.62
0.62
0.62
0.62
0.62
0.61
0.61
0.61
