1.12
1.12
1.13
1.14
1.15
1.16
1.17
1.17
1.19
1.2
1.21
1.23
1.24
1.25
1.25
1.27
1.28
1.3
1.31
1.31
1.33
1.35
1.37
1.39
1.4
1.42
1.45
1.48
1.51
1.53
1.56
1.59
1.62
1.65
1.68
1.72
1.75
3.88
3.87
4.48
5.25
6.98
6.97
6.97
6.96
6.96
6.96
6.97
1.87
1.87
1.95
6.99
7.0
4.55
4.54
4.53
4.53
5.18
81.83
81.83
14.31
13.39
13.13
11.95
11.35
10.8
10.29
9.84
9.46
9.07
8.74
8.42
8.14
7.86
7.62
7.58
7.66
10.59
81.83
9.99
10.05
10.18
10.32
10.34
10.39
11.73
11.9
12.12
11.89
11.66
11.47
81.83
81.83
81.83
81.83
81.83
3.85
81.83
81.83
81.83
2.8
2.95
2.85
2.89
81.83
2.93
81.83
81.83
81.83
81.83
81.83
81.83
1.99
81.83
2.22
8.72
8.66
4.23
8.56
5.54
8.47
5.22
8.4
4.73
4.4
8.3
8.28
8.27
8.24
4.23
6.59
6.72
8.18
4.7
5.16
1.28
1.26
1.24
1.22
1.2
1.18
1.17
1.01
0.99
0.99
0.99
0.99
1.0
1.0
1.01
1.01
1.02
1.02
1.03
1.04
1.05
1.05
1.06
1.05
1.04
1.04
1.03
1.02
1.02
1.01
1.01
1.05
1.16
81.83
81.83
81.83
3.76
3.7
3.49
6.11
6.12
6.13
81.83
81.83
6.13
