0.64
0.63
0.63
0.63
0.63
0.63
0.64
0.64
0.64
0.64
0.64
0.65
0.65
0.66
0.65
0.66
0.66
0.66
0.66
0.66
0.66
0.67
0.67
0.68
0.69
0.7
0.7
0.71
0.72
0.73
0.74
0.75
0.75
0.76
0.77
0.78
0.79
0.81
0.82
0.83
0.84
0.86
0.88
0.89
0.9
0.92
0.94
0.96
0.97
0.99
1.02
1.05
1.07
1.09
1.12
1.16
1.18
1.23
1.27
1.3
1.36
1.42
1.46
1.53
1.59
1.66
1.74
1.83
1.94
2.06
2.24
2.46
2.73
3.06
3.78
5.67
4.83
4.83
4.22
4.49
4.73
4.87
4.89
4.9
5.01
9.93
9.91
9.9
9.88
9.88
9.86
9.85
9.86
9.87
10.97
13.51
13.05
14.43
13.69
13.65
8.92
7.85
7.53
7.57
6.04
5.57
5.18
4.8
4.51
4.25
4.02
3.82
3.62
3.44
3.3
3.15
3.03
2.91
2.79
2.71
2.62
2.53
2.44
2.37
2.31
2.23
2.17
2.11
2.06
2.01
1.96
1.92
1.87
1.83
1.8
1.78
1.82
1.87
1.9
1.93
1.98
2.13
2.16
2.21
2.25
2.28
2.34
2.39
2.44
4.58
4.52
4.48
4.43
4.38
4.34
4.01
3.99
3.95
3.87
0.48
0.5
0.49
0.49
0.49
0.49
0.49
0.49
0.48
0.47
0.47
0.48
0.47
0.47
0.47
0.47
0.47
0.47
0.47
0.47
0.48
