3.47
3.53
5.7
5.7
5.72
5.73
5.74
5.76
5.78
5.79
5.82
5.83
5.86
5.88
5.9
5.95
5.97
5.67
5.43
5.19
4.97
4.76
4.58
4.42
4.28
4.15
4.02
3.9
3.79
3.68
3.59
3.5
3.42
3.34
3.27
3.18
3.12
3.05
3.04
3.05
3.09
3.16
3.21
81.83
5.84
5.78
8.73
8.75
4.16
4.03
3.97
3.92
3.94
4.08
4.19
4.3
2.19
2.19
2.17
2.16
2.14
2.11
2.1
2.08
2.08
2.1
2.95
3.03
3.02
2.99
2.98
2.97
3.05
3.91
3.89
3.89
4.7
4.7
4.71
4.71
4.7
4.69
4.67
4.67
4.67
4.66
4.66
4.66
4.74
4.75
4.75
4.76
4.77
4.77
4.78
4.8
4.81
4.82
4.8
4.75
3.41
3.07
2.88
2.7
2.56
2.43
2.32
2.21
2.13
2.03
1.94
1.87
1.81
1.75
1.7
1.64
1.58
1.55
1.51
1.46
1.42
1.39
1.35
1.32
1.28
1.26
1.23
1.21
1.18
1.16
1.14
1.12
1.11
1.09
1.07
1.07
1.07
1.08
1.09
1.11
1.12
1.14
1.14
1.15
1.17
1.19
1.2
1.22
1.24
1.26
1.27
1.29
1.32
1.35
1.38
1.4
1.44
1.47
1.51
1.55
1.58
1.62
1.66
1.7
1.75
1.8
1.86
1.92
2.0
2.07
2.15
2.25
2.34
2.45
2.62
2.73
2.91
3.13
3.37
3.73
