0.8
0.83
0.84
0.84
0.84
0.84
0.84
0.84
0.83
0.83
0.83
0.85
0.86
0.88
0.89
0.9
0.92
0.94
0.96
0.98
0.98
0.99
0.99
1.02
0.99
0.95
0.95
0.96
0.94
0.94
0.96
0.96
0.97
0.98
0.98
1.02
1.03
1.04
1.06
1.09
1.1
1.11
1.12
1.15
1.17
81.83
81.83
81.83
81.83
1.28
81.83
81.83
81.83
81.83
81.83
81.83
81.83
81.83
81.83
81.83
81.83
81.83
81.83
1.86
1.86
4.02
3.98
3.96
3.92
3.89
3.87
3.23
3.67
3.48
3.78
3.76
3.75
3.73
3.73
3.97
4.92
4.92
5.4
4.98
5.55
7.35
7.37
7.37
81.83
7.35
7.35
7.13
5.98
5.84
5.85
5.85
5.87
5.66
5.01
4.36
4.36
4.38
5.81
5.84
5.86
5.88
5.91
5.93
5.96
5.99
6.03
6.06
5.88
1.74
1.67
1.61
1.55
1.51
1.46
1.4
1.36
1.33
1.29
1.25
1.21
1.19
1.16
1.13
1.11
1.09
1.07
1.04
1.02
1.0
1.0
0.98
0.95
0.94
0.93
0.91
0.89
0.88
0.87
0.86
0.85
0.84
0.83
0.82
0.81
0.79
0.79
0.77
0.76
0.76
0.76
0.75
0.75
0.74
0.73
0.72
0.72
0.71
0.71
0.7
0.7
0.69
0.69
0.69
0.68
0.68
0.68
0.68
0.67
0.67
0.67
0.67
0.67
0.67
0.67
0.66
