2.75
1.63
1.62
1.63
1.49
1.48
1.5
1.52
1.54
1.55
1.58
1.65
1.54
1.54
1.48
1.44
1.45
3.15
3.14
3.14
3.15
3.15
3.16
3.18
3.19
3.2
3.21
3.23
3.24
3.27
3.29
3.3
3.31
3.29
1.3
1.25
1.21
1.16
1.11
1.07
1.03
1.0
0.94
0.93
0.97
0.98
0.98
1.0
1.01
1.02
1.04
1.06
1.08
1.1
1.11
1.12
1.15
1.17
1.2
1.22
1.22
1.26
1.28
1.3
1.33
1.25
1.22
1.26
1.28
1.31
1.35
1.39
1.41
3.45
3.42
3.39
3.37
3.34
3.31
3.28
3.25
3.24
3.22
3.19
3.18
3.16
3.15
3.14
3.12
3.1
3.09
3.08
3.07
3.07
3.06
3.05
3.04
3.04
3.05
3.04
3.05
3.05
3.04
3.05
3.06
3.06
3.07
3.07
3.08
3.1
3.11
3.13
3.14
3.15
3.16
3.19
3.21
1.23
1.17
1.12
1.01
1.03
1.25
1.26
1.27
1.27
1.29
1.28
1.29
1.29
1.26
1.22
1.18
1.15
1.11
1.09
1.06
1.03
1.0
0.98
0.96
0.94
0.92
0.9
0.88
0.86
0.85
0.83
0.8
0.84
0.86
0.87
0.89
0.91
0.94
0.96
0.97
1.0
1.03
1.06
1.08
1.11
2.33
2.39
2.47
2.55
2.64
2.74
2.85
2.97
2.94
2.93
2.91
2.89
2.88
2.86
2.86
2.84
2.83
2.81
