2.53
2.54
2.57
2.58
2.58
2.61
2.63
2.66
2.69
2.71
2.74
2.76
2.79
2.82
2.86
2.91
2.94
2.98
3.03
3.07
3.08
3.01
2.97
3.53
17.27
81.83
16.72
81.83
81.83
9.27
9.46
8.44
8.11
7.82
7.19
7.27
7.28
7.45
8.17
7.09
8.28
8.35
8.41
8.49
8.55
8.64
8.71
8.79
8.88
8.96
8.9
8.86
6.51
6.49
5.06
5.0
4.95
4.9
4.86
4.82
4.77
4.74
4.7
4.66
4.63
4.6
4.58
4.55
4.52
4.5
4.48
4.45
4.44
4.43
4.42
4.41
4.39
4.38
4.37
4.37
4.36
4.35
4.35
4.35
4.37
4.37
4.38
4.39
4.4
4.41
4.43
2.18
2.11
2.03
1.94
2.17
2.18
2.09
1.98
2.2
2.22
2.3
2.31
2.34
2.36
2.4
2.43
2.46
2.49
2.51
2.46
2.42
2.36
2.32
2.29
2.25
2.21
2.17
2.14
2.1
2.14
2.2
2.24
2.29
2.34
2.58
3.57
3.67
3.78
3.76
3.73
3.68
3.64
3.61
3.58
3.55
3.52
3.46
3.46
3.44
3.42
3.4
3.38
3.36
3.34
3.33
3.32
3.31
3.3
3.28
3.27
3.26
3.26
3.25
3.25
2.49
2.5
2.49
2.48
2.48
2.47
2.19
2.49
1.92
2.08
2.51
2.48
2.5
2.53
2.54
2.55
2.54
2.56
2.58
2.52
2.41
2.43
2.43
2.55
2.5
