8.11
8.19
8.29
4.32
4.24
4.16
4.17
4.23
4.29
4.36
4.44
4.52
4.6
4.69
4.78
4.87
4.96
5.07
5.18
5.3
5.42
5.55
5.69
5.85
6.0
6.18
6.38
6.57
6.74
3.6
3.58
3.55
3.52
2.44
2.43
2.41
2.4
2.39
2.37
2.37
3.2
3.41
3.62
3.62
3.6
3.59
3.58
3.56
3.54
3.51
3.52
3.53
3.53
3.53
3.5
5.92
4.84
5.92
5.19
4.84
4.89
5.95
5.97
5.97
5.98
5.87
5.39
5.4
5.41
5.44
5.5
5.51
5.52
5.54
5.56
5.58
6.31
6.36
6.39
6.44
6.49
6.54
6.61
6.66
5.08
2.82
2.74
2.69
2.63
2.57
2.51
2.16
2.12
2.06
2.02
1.97
1.98
1.99
2.03
2.06
2.08
2.13
2.16
2.12
2.1
2.06
2.03
2.01
1.98
1.95
1.92
1.9
1.88
1.85
1.83
1.81
1.8
1.79
1.83
1.82
1.87
1.94
2.02
2.09
2.18
2.29
2.39
2.51
2.64
2.8
2.97
3.14
3.9
3.88
3.86
3.85
3.84
3.83
3.82
3.81
3.81
3.81
3.79
3.8
3.8
3.8
3.8
3.8
3.8
3.79
3.79
3.81
3.81
3.81
3.82
3.83
3.85
3.86
3.88
3.79
3.53
3.31
3.13
2.98
2.83
2.68
2.56
2.45
2.35
2.25
2.16
2.09
2.01
1.95
1.88
1.82
1.77
1.73
1.68
1.64
