2.36
2.38
2.38
2.41
2.42
2.43
2.46
2.47
2.5
2.51
2.53
2.56
2.6
2.63
2.66
2.69
2.74
2.77
2.82
2.84
2.89
2.94
2.99
3.04
3.1
3.15
3.14
3.09
3.04
2.99
2.97
1.26
1.26
1.26
2.8
2.76
2.73
2.69
2.66
2.64
2.6
2.6
2.56
2.53
2.52
2.51
2.5
2.48
2.46
2.44
2.43
2.42
2.41
1.63
1.62
1.62
1.59
1.6
1.59
1.59
1.57
1.56
1.55
1.57
1.57
1.57
1.57
1.56
1.56
1.56
1.56
1.56
1.56
1.57
1.58
1.57
1.57
1.56
1.56
1.56
1.57
1.58
1.6
1.63
1.58
1.6
1.63
1.61
1.6
1.62
1.65
2.07
2.51
2.52
2.54
2.56
2.58
2.61
2.62
2.65
2.67
2.7
2.74
2.76
2.79
2.83
2.86
2.91
2.95
2.98
3.02
3.09
3.07
3.01
2.96
2.94
1.68
1.68
2.76
2.73
2.68
2.65
2.62
2.59
2.55
2.51
2.49
2.46
2.43
2.41
2.41
2.38
2.34
2.33
2.31
1.76
1.74
1.73
1.74
1.72
1.72
1.29
1.27
1.26
1.25
1.23
1.23
1.25
1.26
1.26
1.25
1.24
1.25
1.26
1.24
1.25
1.26
1.25
1.26
2.11
2.12
2.12
1.89
1.95
4.64
4.65
4.66
4.67
4.69
4.69
4.71
4.73
10.33
9.52
7.99
7.54
7.12
6.76
6.42
6.12
