1.27
3.45
3.39
3.0
2.93
2.92
2.91
2.91
2.88
2.84
1.14
1.1
2.84
3.02
3.51
3.5
3.49
3.46
3.48
3.47
2.42
3.09
3.46
3.46
0.73
0.72
0.72
0.71
0.71
0.71
0.71
0.71
0.7
0.7
0.7
0.7
0.7
0.7
0.7
0.7
0.7
0.7
0.69
0.68
0.67
0.67
0.68
0.75
0.85
0.86
0.85
0.9
3.79
3.81
3.84
3.88
3.72
3.58
3.44
3.33
3.2
3.16
3.18
3.22
3.24
3.27
3.31
3.34
3.39
3.43
3.48
3.52
3.56
3.61
3.67
3.72
3.79
3.85
3.92
3.99
4.05
4.14
4.22
4.3
4.4
5.27
5.18
4.94
5.01
4.93
4.87
1.31
1.26
1.22
1.21
1.21
1.2
1.2
1.21
1.28
1.31
1.36
1.4
1.43
1.19
1.18
1.2
1.24
1.3
1.34
1.41
1.47
1.55
1.62
1.72
1.81
1.91
2.13
2.81
3.0
3.25
3.53
3.89
4.32
4.87
5.56
6.42
7.62
9.12
10.84
13.01
13.01
12.75
5.87
3.42
3.29
3.26
3.0
2.7
2.22
2.21
2.0
1.98
2.01
2.02
2.03
2.04
2.05
2.06
2.07
2.09
2.1
2.11
2.12
2.04
1.96
1.89
1.83
1.76
1.71
1.64
1.6
1.55
1.5
1.47
1.43
1.4
1.35
1.32
1.3
1.27
1.23
1.2
1.18
1.17
1.14
1.12
1.1
1.08
1.07
