3.73
3.71
3.69
3.68
3.66
0.85
0.85
0.84
0.84
0.83
0.82
0.82
0.81
0.8
0.8
0.78
0.78
0.78
0.79
0.8
0.79
0.8
0.79
0.8
0.8
0.8
0.8
0.79
0.8
0.8
0.78
0.87
1.55
1.56
1.56
1.57
1.58
1.59
1.59
1.6
1.61
1.62
1.64
1.63
1.65
1.66
1.67
1.69
1.7
1.71
1.72
1.74
1.77
1.79
1.8
1.82
1.85
1.86
1.89
1.92
1.95
1.97
2.0
2.02
2.05
2.1
2.13
2.16
2.22
2.24
2.29
2.34
2.41
2.32
2.5
2.56
2.61
2.56
2.53
2.49
1.86
1.83
1.81
1.79
1.77
1.75
1.74
1.73
1.72
1.7
1.7
1.69
1.68
1.67
1.67
1.76
0.89
0.84
0.86
0.89
2.17
2.16
2.15
2.11
2.14
2.14
2.13
2.13
2.12
2.12
2.12
2.11
2.11
2.11
2.11
2.12
2.12
2.12
2.12
2.13
2.13
2.14
2.14
2.16
2.15
2.16
2.11
2.0
1.87
1.76
1.66
1.57
1.5
1.47
1.48
1.48
1.5
1.51
1.53
1.54
1.57
1.57
1.58
1.6
1.62
1.64
1.66
1.72
1.7
1.66
1.62
1.6
1.56
1.53
1.5
1.47
1.44
1.42
1.4
1.37
1.35
1.33
1.3
1.29
1.28
1.26
1.24
1.22
1.2
1.2
1.18
1.17
1.16
1.15
1.14
1.12
1.11
1.11
1.1
1.09
