1.17
1.17
1.17
1.17
1.21
5.79
5.73
5.51
5.15
5.08
5.11
5.2
5.86
5.91
5.95
5.99
6.04
6.06
6.14
4.68
4.66
5.51
6.35
6.41
6.48
6.54
6.62
6.59
2.38
2.37
2.32
2.29
2.26
2.23
1.91
1.85
1.82
1.81
1.75
1.68
1.68
1.7
1.73
1.76
1.81
1.84
1.89
1.94
1.99
2.04
2.1
2.16
2.21
2.3
2.37
2.44
2.52
2.62
2.7
2.82
2.93
3.05
3.19
3.34
3.51
3.7
3.9
4.15
4.39
4.68
5.03
5.42
5.88
7.34
7.25
7.23
7.21
7.19
7.19
7.16
7.17
7.16
7.16
7.13
7.16
7.16
7.17
7.16
7.17
2.89
2.81
2.74
2.72
2.76
2.79
2.83
2.87
2.91
2.96
3.01
3.06
3.07
3.11
3.12
3.03
2.99
2.95
2.71
2.82
2.78
2.63
2.56
2.46
2.18
2.03
1.95
2.15
2.2
2.22
2.24
2.26
2.29
2.33
2.37
2.41
2.38
81.83
81.83
81.83
81.83
81.83
81.83
2.57
81.83
81.83
81.83
81.83
81.83
81.83
81.83
81.83
81.83
81.83
3.33
5.52
5.47
5.42
5.38
5.34
4.68
4.88
5.22
5.19
5.16
5.12
5.17
5.39
6.28
6.28
6.39
6.3
6.86
8.26
9.01
0.99
0.99
0.98
0.97
0.97
0.97
0.97
0.96
0.97
0.96
0.97
0.97
0.97
0.97
0.97
0.98
