4.91
4.92
4.94
2.47
4.98
5.0
5.04
4.11
3.16
3.43
2.83
2.39
2.26
2.28
2.29
2.29
2.3
2.31
2.3
2.37
5.3
5.1
4.91
4.79
4.8
4.85
4.9
4.94
4.99
5.05
5.1
5.18
5.23
5.3
5.37
5.44
2.82
2.72
2.7
2.7
2.76
2.62
2.61
2.65
2.69
2.73
2.77
2.81
2.86
2.91
2.96
3.02
3.08
3.14
3.2
1.21
1.19
1.18
1.17
1.16
1.15
1.16
1.19
1.23
1.27
1.3
1.35
1.39
1.44
1.49
1.55
1.61
1.68
1.74
1.82
1.91
2.0
2.1
2.21
2.35
2.41
2.4
2.4
2.39
2.38
2.37
2.37
2.36
2.35
2.35
2.35
2.34
2.35
2.35
2.34
2.35
2.35
2.35
2.35
2.34
2.35
2.35
2.36
2.37
2.37
2.38
2.39
2.4
2.4
2.4
2.42
2.43
2.44
2.3
2.24
2.13
2.04
1.95
1.88
1.8
1.73
1.68
1.63
1.56
1.52
1.46
1.45
1.41
1.37
1.33
1.29
1.26
1.24
1.21
1.18
1.15
1.14
1.12
1.1
1.08
1.06
1.04
1.03
1.01
1.0
0.98
0.96
0.96
0.94
0.93
0.91
0.9
0.88
0.89
0.89
0.87
0.87
0.86
0.85
0.84
0.83
0.83
0.82
0.81
0.81
0.82
0.81
0.8
0.8
0.8
0.79
0.78
0.78
0.78
0.77
0.77
0.77
0.77
0.76
0.76
