3.63
3.95
3.96
3.96
4.0
3.93
3.74
3.69
3.65
3.6
3.57
3.53
3.5
3.47
3.43
3.41
3.39
3.36
3.33
3.31
3.29
3.26
3.24
2.74
3.15
3.18
2.5
2.49
3.57
1.97
3.34
3.72
3.71
3.71
3.7
3.52
3.69
3.68
3.29
3.05
3.05
2.22
2.25
3.07
81.83
2.81
2.38
2.42
15.49
15.23
15.02
14.78
81.83
81.83
81.83
81.83
81.83
81.83
81.83
6.42
6.46
81.83
81.83
81.83
10.42
8.86
7.9
7.8
4.41
4.36
4.34
4.31
4.19
4.21
4.25
4.38
11.71
9.95
11.59
3.47
3.4
8.32
81.83
81.83
81.83
81.83
81.83
81.83
81.83
2.5
81.83
2.59
2.48
81.83
81.83
2.69
81.83
2.5
81.83
81.83
81.83
81.83
81.83
81.83
2.22
81.83
81.83
2.11
2.1
81.83
2.05
81.83
1.97
1.96
1.94
1.92
1.91
1.89
1.87
1.86
1.83
1.82
1.79
1.79
1.77
1.76
1.75
1.73
1.72
1.71
1.69
1.68
1.67
1.67
1.66
1.65
1.64
1.64
1.63
1.62
1.61
1.61
1.61
1.59
1.58
1.57
1.56
1.56
1.56
1.56
1.56
1.56
1.56
1.56
1.56
1.56
1.56
1.57
81.83
81.83
81.83
1.96
2.06
2.2
81.83
81.83
2.73
2.02
2.0
2.01
2.01
2.0
2.0
1.99
1.99
2.26
2.26
2.25
2.25
2.25
