2.67
2.66
2.66
2.71
2.61
2.51
2.43
2.35
2.28
2.2
2.13
2.07
2.02
1.96
1.91
1.86
1.81
1.77
1.73
1.69
1.65
1.61
1.6
1.56
1.53
1.5
1.48
1.46
1.44
1.42
1.39
1.37
1.35
1.33
1.33
1.31
1.29
1.28
1.26
1.24
1.23
1.22
1.21
1.2
1.18
1.17
0.72
0.65
0.63
1.02
1.14
1.13
1.12
1.12
1.11
1.1
1.1
1.1
1.1
1.09
1.09
1.08
1.08
1.08
1.07
1.07
1.07
1.06
1.06
1.06
1.06
1.06
1.06
1.06
1.06
1.06
1.06
1.07
1.07
1.08
1.08
1.09
1.09
1.09
1.1
1.1
1.1
1.1
1.11
1.12
1.12
1.13
1.14
1.15
1.16
1.17
1.18
1.19
1.17
1.17
0.85
0.84
1.03
1.0
0.98
0.96
0.96
0.96
0.96
0.96
0.97
0.99
1.0
1.02
1.05
1.06
1.08
1.09
1.12
1.45
1.63
1.68
1.71
1.75
1.79
1.83
1.88
1.93
1.98
2.04
2.1
2.17
2.24
2.31
2.29
2.26
2.26
2.24
2.23
2.22
2.21
2.19
2.18
2.16
2.16
2.25
2.24
2.24
2.21
2.18
2.17
2.15
2.15
2.16
2.17
2.39
2.8
2.79
2.79
2.79
2.78
1.52
1.52
1.55
2.8
2.8
2.81
2.81
2.82
2.82
2.84
2.83
2.85
2.86
2.87
2.89
2.89
2.91
2.93
2.94
