1.79
1.82
1.86
1.9
1.95
1.99
2.04
2.09
2.15
2.2
2.27
2.33
2.41
2.49
2.57
2.67
2.76
2.86
2.98
3.1
3.23
3.4
3.57
3.77
3.99
4.25
4.54
4.87
5.25
5.67
6.17
6.78
7.55
12.25
12.18
12.2
81.83
11.46
81.83
81.83
10.62
81.83
81.83
81.83
81.83
81.83
81.83
81.83
81.83
81.83
5.51
5.05
4.64
4.32
4.01
3.74
3.51
3.31
3.18
2.97
2.83
2.7
2.57
2.46
2.36
2.27
2.2
2.11
2.05
1.98
1.91
1.85
1.8
1.75
1.7
1.66
1.61
1.57
1.53
1.5
1.48
1.44
1.4
1.37
1.35
1.33
1.32
1.29
1.27
1.25
1.22
1.21
1.19
1.18
1.16
1.15
1.14
1.12
1.11
1.11
1.1
1.1
1.09
1.12
1.18
1.23
1.27
1.32
1.91
2.0
5.71
5.68
5.66
5.61
5.58
5.54
5.43
4.85
4.84
4.83
4.81
4.81
5.38
5.39
5.37
5.37
5.51
5.5
5.49
5.49
5.49
5.49
4.32
4.33
5.5
5.51
5.38
4.79
4.75
4.77
4.77
4.83
5.47
5.49
5.51
5.54
5.57
5.59
4.27
4.23
1.91
1.84
1.79
1.31
1.26
1.21
1.14
1.07
1.07
1.09
1.1
1.1
1.12
1.13
1.14
1.15
1.16
1.18
1.19
1.21
1.23
1.25
1.27
1.29
1.31
1.33
1.35
1.38
1.41
1.43
