0.6
0.6
0.6
0.61
0.61
0.61
0.61
0.61
0.62
0.62
0.63
0.64
0.64
0.65
0.66
0.65
0.66
0.67
0.67
0.68
0.69
0.7
0.71
0.71
0.72
0.73
0.73
0.74
0.75
0.76
0.77
0.78
0.8
0.82
0.83
0.85
0.86
0.88
0.9
0.92
0.94
0.97
0.99
1.02
1.05
1.07
1.09
1.13
1.17
1.2
1.23
1.29
1.32
1.38
1.43
1.49
1.55
1.61
1.69
1.78
1.87
1.97
2.1
2.24
2.39
2.59
2.8
3.07
3.37
3.76
4.22
4.87
5.65
6.8
6.89
10.53
10.54
10.54
10.54
10.53
6.12
4.88
3.03
3.0
2.18
1.89
1.65
1.46
81.83
81.83
81.83
1.04
1.06
1.08
1.08
1.09
1.11
1.11
1.07
1.03
0.97
0.94
0.9
0.85
0.83
0.79
0.77
0.74
0.72
0.69
0.67
0.65
0.64
0.62
0.61
0.6
0.59
0.6
0.59
0.56
0.53
0.52
0.52
0.51
0.51
0.5
0.49
0.48
0.47
0.46
0.46
0.45
0.45
0.44
0.44
0.44
0.43
0.44
0.43
0.42
0.42
0.42
0.41
0.42
0.41
0.41
0.41
0.41
0.41
0.41
0.4
0.4
0.4
0.39
0.4
0.39
0.38
0.37
0.37
0.36
0.36
0.37
0.39
0.38
0.39
0.38
0.38
0.38
0.38
0.38
0.37
0.39
0.39
0.47
0.89
0.9
0.9
0.83
0.74
0.67
