0.46
0.46
0.45
0.46
0.46
0.46
0.46
0.46
0.46
0.45
0.45
0.45
0.46
0.45
0.45
0.46
0.46
0.46
0.47
0.47
0.47
0.46
0.46
0.46
0.46
0.46
0.47
0.47
0.47
0.47
0.48
0.48
0.48
0.49
0.49
0.5
0.51
0.51
0.52
0.53
0.53
0.54
0.54
0.55
0.56
0.57
0.57
0.58
0.58
0.6
0.6
0.61
0.62
0.64
0.65
0.66
0.68
0.7
0.71
0.73
0.75
0.77
0.78
0.81
0.84
0.86
0.9
0.93
0.97
1.01
1.05
1.09
1.15
1.19
1.26
1.32
1.38
1.47
1.55
1.65
1.75
1.88
2.01
2.19
2.38
2.55
3.43
3.43
3.6
11.69
17.08
17.95
16.56
16.55
13.41
13.42
13.42
10.61
10.65
10.7
10.38
10.07
7.81
4.84
4.83
4.76
4.86
4.73
4.38
3.43
3.82
3.59
3.38
3.2
3.06
2.92
2.79
2.13
2.57
2.48
2.39
2.31
2.23
2.16
2.09
2.03
1.96
1.91
1.86
1.8
1.77
1.73
1.7
1.65
1.61
1.59
1.56
1.53
1.5
1.47
1.45
1.17
1.4
1.39
1.37
1.34
1.32
1.3
1.29
1.28
1.26
1.25
1.23
1.21
1.2
1.19
1.18
1.17
1.17
1.15
1.14
1.13
1.13
1.12
1.11
1.1
1.09
1.08
1.08
1.07
1.06
1.06
1.06
1.05
1.04
1.04
1.04
1.04
1.04
1.04
