1.78
1.76
1.73
1.71
1.7
1.68
1.64
1.62
1.61
1.6
1.58
1.56
1.55
1.53
1.52
1.52
1.51
1.5
1.49
1.48
1.47
1.46
1.45
1.44
1.43
1.42
1.42
1.41
1.41
1.41
1.4
1.4
1.4
1.4
1.4
1.39
1.39
1.39
1.39
1.39
1.4
1.39
1.39
1.39
1.39
1.4
1.4
1.4
1.41
1.41
1.41
1.42
1.43
1.43
1.44
1.45
1.45
1.47
1.47
1.48
1.5
1.5
1.52
1.52
1.53
1.54
1.55
1.57
1.59
1.6
1.62
1.62
1.65
1.67
1.69
1.71
1.73
1.76
1.77
1.8
1.83
1.86
1.88
1.92
1.95
1.99
2.02
2.06
4.66
5.06
3.83
3.88
4.88
4.77
4.61
3.64
3.4
4.65
4.65
81.83
3.85
3.86
81.83
81.83
81.83
81.83
81.83
10.73
10.72
81.83
13.93
6.26
6.23
6.2
6.13
6.14
6.21
13.5
6.93
5.34
5.33
81.83
81.83
81.83
81.83
4.47
4.47
81.83
81.83
81.83
81.83
81.83
81.83
81.83
81.83
81.83
81.83
81.83
81.83
81.83
3.69
3.7
81.83
81.83
81.83
81.83
81.83
81.83
81.83
81.83
81.83
81.83
81.83
81.83
81.83
3.0
2.98
3.02
3.04
3.1
3.11
3.14
3.19
3.24
3.25
3.08
3.03
2.97
2.96
3.21
3.26
3.21
3.19
3.11
3.08
3.0
2.96
2.92
2.92
2.99
