0.72
0.72
0.84
0.78
0.75
0.74
0.72
0.71
0.69
0.69
0.72
0.74
0.74
0.75
0.76
0.76
0.79
0.78
0.8
0.82
1.63
1.64
1.67
1.69
1.71
1.73
1.37
1.31
1.38
1.83
1.86
1.88
1.9
1.94
1.97
1.11
1.11
1.14
2.13
2.17
2.21
2.27
2.28
2.22
2.18
2.14
2.09
2.05
2.02
1.98
1.95
1.91
1.88
1.85
1.8
0.9
0.89
1.28
1.71
1.69
1.68
1.66
1.54
1.62
1.14
1.14
1.58
1.56
1.55
1.3
1.26
1.25
1.25
1.23
1.22
1.21
1.21
1.2
1.19
1.18
1.17
1.16
1.15
1.2
1.29
1.42
1.41
1.41
1.41
1.4
1.4
1.4
1.4
1.4
1.39
1.39
1.4
1.3
1.28
1.31
1.4
1.4
1.39
1.41
1.41
1.42
1.42
1.42
1.42
1.43
1.43
1.45
1.44
1.45
1.46
1.47
1.48
1.5
1.5
1.52
1.52
1.54
1.55
1.56
1.58
1.59
1.61
1.63
1.64
1.23
1.23
4.12
4.03
3.93
3.85
3.78
3.7
3.64
1.02
1.0
1.03
3.38
3.32
3.27
3.22
3.21
3.23
3.25
4.95
4.89
4.83
4.77
4.72
4.66
4.6
4.57
4.51
4.49
4.44
4.4
4.36
4.33
4.3
4.28
4.24
4.21
4.19
4.17
3.92
3.9
3.89
3.87
3.85
3.84
3.81
3.87
4.02
4.0
4.0
3.99
