2.96
2.92
2.86
2.84
2.8
2.77
2.73
2.69
2.66
2.64
2.61
2.59
2.57
1.72
1.7
1.68
1.68
1.66
1.64
1.63
1.62
1.6
1.61
1.6
1.59
1.56
1.59
1.58
1.56
1.56
1.53
1.56
1.54
1.52
1.53
1.55
1.54
1.53
1.53
1.52
1.71
1.71
1.71
1.71
1.72
1.72
1.73
1.73
1.74
1.74
1.75
2.31
2.32
2.34
2.34
2.36
2.36
2.37
2.39
2.4
2.42
2.43
2.45
2.47
2.48
2.5
2.52
2.56
2.57
2.6
2.62
2.64
2.67
2.71
2.74
2.76
2.8
2.84
2.88
2.92
2.96
3.01
2.99
2.94
2.92
81.83
81.83
16.82
81.83
81.83
9.21
9.4
8.43
8.08
7.79
7.51
7.23
7.22
7.29
8.12
7.33
8.24
8.29
8.36
8.43
8.5
8.58
8.66
8.75
8.84
8.92
8.89
8.84
6.52
6.47
6.43
5.0
4.97
4.92
4.88
4.83
4.79
4.75
4.72
4.68
4.65
4.62
4.6
4.57
4.55
4.53
4.51
4.48
4.46
4.44
4.43
4.43
4.42
4.41
4.4
4.39
4.38
4.38
4.38
4.38
4.39
4.4
4.4
4.42
4.43
4.44
4.45
4.47
4.49
2.17
2.13
2.06
2.0
2.22
2.24
2.13
2.05
2.3
2.31
2.35
2.38
2.42
2.46
2.48
2.52
2.56
2.57
2.51
2.48
2.44
2.39
2.35
2.31
2.28
2.25
