1.24
1.25
1.24
1.25
1.25
1.26
1.26
1.27
1.28
1.29
1.28
1.29
1.3
1.31
1.31
1.32
1.34
1.35
1.36
1.37
1.38
1.4
1.42
1.42
1.45
1.54
1.53
1.51
1.52
1.54
1.56
1.59
1.61
1.64
1.66
1.69
1.72
1.75
1.78
1.82
1.86
1.9
1.94
1.98
2.04
2.08
2.14
2.19
2.26
2.33
2.39
2.45
2.55
2.62
2.72
2.82
2.92
3.02
3.14
3.27
3.42
4.74
4.71
4.68
4.65
4.64
4.62
4.6
4.57
4.56
4.54
4.53
4.52
4.51
4.49
4.52
5.7
6.88
9.21
13.96
13.95
16.32
16.17
16.18
16.49
16.51
18.77
5.36
4.7
4.34
4.03
3.77
3.57
3.39
3.25
3.1
2.98
2.89
2.79
2.7
2.62
2.55
2.48
2.41
2.35
2.29
2.25
2.19
2.14
2.1
2.05
2.01
1.98
1.94
1.91
1.88
1.84
1.82
1.81
1.78
1.76
1.73
1.71
1.68
1.67
1.66
1.64
1.62
1.53
1.26
1.59
1.57
1.56
1.53
1.54
1.53
1.52
1.51
1.5
1.49
1.48
1.47
1.47
1.46
1.45
1.44
1.44
1.44
1.44
1.43
1.42
1.42
1.37
1.01
1.42
1.43
1.42
1.42
1.42
1.42
1.42
1.43
1.43
1.44
1.44
1.44
1.45
1.45
1.47
1.47
1.3
1.24
1.19
1.14
1.09
1.07
1.03
0.99
0.96
0.93
