0.9
0.91
0.9
0.91
0.9
0.91
0.9
0.9
0.9
0.9
0.91
0.91
0.91
0.92
0.93
0.93
0.94
0.93
0.94
0.94
0.94
0.95
0.95
0.96
0.97
0.98
0.98
0.99
1.0
1.01
1.02
1.04
1.05
1.05
1.06
1.07
1.09
1.09
1.11
1.12
1.14
1.16
1.18
1.19
1.21
1.24
1.25
1.27
1.29
1.32
1.34
1.36
1.4
1.42
1.46
1.5
1.53
1.57
1.62
1.67
1.71
1.77
1.84
1.89
1.95
2.03
2.11
2.2
2.29
2.42
2.53
2.69
2.84
3.04
3.25
7.98
7.91
7.86
7.8
7.74
7.69
7.64
7.6
7.39
7.51
7.49
7.45
4.77
4.75
4.72
4.71
4.7
4.68
4.67
4.66
4.65
4.66
4.65
4.66
4.64
4.64
4.64
4.64
4.65
4.66
4.66
4.68
4.68
4.69
4.7
4.72
4.73
4.75
4.8
4.88
4.9
3.77
3.54
3.36
3.17
3.03
2.9
2.78
2.66
2.55
2.46
2.38
2.29
2.22
2.14
2.09
2.02
1.97
1.91
1.86
1.81
1.76
1.72
1.68
1.64
1.62
1.57
1.54
1.51
1.48
1.45
1.43
1.41
1.38
1.36
1.34
1.32
1.3
1.28
1.27
1.25
1.23
1.22
1.21
1.19
1.19
1.18
1.17
1.15
1.13
1.13
1.12
1.11
1.1
1.1
1.1
1.1
1.09
1.08
1.07
1.07
1.07
1.07
1.06
1.06
