1.58
1.58
1.56
1.52
1.47
1.47
1.46
1.47
1.47
1.48
1.58
3.23
3.26
3.23
3.14
1.68
1.69
2.86
2.78
2.71
1.59
1.49
1.47
1.4
1.37
1.35
1.35
1.36
1.33
1.34
1.35
1.37
1.39
1.42
1.44
1.47
1.49
1.53
1.56
1.59
1.62
1.66
1.69
1.74
1.54
1.55
1.62
1.67
1.74
1.78
4.2
4.16
4.14
4.12
4.08
4.06
4.04
4.0
3.98
3.97
3.95
3.93
3.92
3.9
3.9
3.89
3.87
3.86
3.73
3.83
3.84
3.84
3.83
3.83
3.83
3.76
3.72
3.83
3.84
3.84
3.85
3.85
3.86
3.87
3.88
3.9
3.91
3.93
3.93
3.95
2.39
2.25
2.13
2.02
1.93
1.84
1.76
1.69
1.62
1.57
1.52
1.45
1.41
1.36
1.32
1.28
1.24
1.2
1.18
1.14
1.12
1.09
1.06
1.03
1.02
1.0
0.97
0.95
0.92
0.9
0.89
0.89
0.88
0.86
0.85
0.84
0.82
0.81
0.81
0.8
0.79
0.77
0.77
0.75
0.75
0.74
0.73
0.72
0.71
0.71
0.71
0.71
0.71
0.7
0.7
0.69
0.69
0.68
0.68
0.67
0.67
0.67
0.66
0.66
0.66
0.66
0.66
0.66
0.66
0.66
0.65
0.65
0.65
0.65
0.65
0.65
0.65
0.64
0.65
0.65
0.65
0.65
0.65
0.65
0.66
0.66
0.66
0.66
0.67
0.67
