1.29
1.29
1.3
1.3
1.31
1.32
1.33
1.34
1.35
1.36
1.36
1.09
1.02
1.4
1.41
1.43
1.44
1.46
1.47
1.49
1.5
1.51
1.52
1.55
1.56
1.59
1.61
1.64
1.66
1.69
1.72
1.74
1.56
1.57
1.84
1.88
1.92
1.96
1.99
2.03
1.87
1.86
2.01
1.98
1.68
1.94
1.92
1.71
1.71
1.78
1.75
1.73
1.71
1.32
1.21
1.19
1.21
1.75
1.75
1.54
1.57
1.71
1.71
1.7
1.69
1.68
1.68
1.67
1.66
1.66
1.65
1.65
1.66
1.66
1.65
1.66
1.66
1.65
1.66
1.66
1.66
1.66
1.66
1.66
1.66
1.66
1.67
1.68
1.68
1.69
1.69
1.7
1.71
1.72
1.73
1.74
1.75
1.75
1.77
1.78
1.79
1.81
1.82
1.83
1.85
1.87
1.89
1.9
1.93
1.95
1.97
1.99
2.01
2.04
2.06
2.09
2.13
2.15
2.19
2.23
2.26
2.3
2.34
2.37
2.41
2.47
2.52
2.56
2.63
2.67
1.14
2.79
2.87
2.94
3.02
3.1
3.19
3.28
3.38
3.48
1.62
3.72
3.86
4.0
1.04
1.03
1.0
0.99
0.99
0.97
0.96
0.95
0.95
0.92
0.84
0.55
0.54
0.9
0.88
0.86
0.87
0.86
0.87
0.85
0.84
0.86
0.86
0.88
0.9
0.9
0.9
0.91
0.92
0.93
0.93
0.94
0.95
0.95
0.97
5.66
