1.3
1.3
1.31
1.32
1.33
1.32
1.31
1.3
1.31
1.32
1.32
1.33
1.33
1.34
1.35
1.35
1.36
1.37
1.37
1.38
1.39
1.39
1.4
1.41
1.41
1.41
1.42
1.44
1.45
1.47
1.48
1.49
1.51
1.53
1.55
1.56
1.58
1.6
1.63
1.65
1.67
1.69
1.71
1.74
1.77
1.8
1.82
1.85
1.89
1.94
1.97
2.02
2.06
2.1
2.16
2.21
2.28
2.32
2.4
2.47
2.54
2.63
2.73
2.83
2.93
3.04
3.18
3.35
3.54
3.74
4.03
4.35
4.74
5.23
6.06
11.58
11.54
11.19
11.44
11.39
8.74
8.72
8.69
8.66
8.64
8.62
8.61
8.61
8.6
8.59
8.59
8.59
8.59
8.6
8.61
6.3
5.21
4.34
3.8
3.31
2.97
2.68
2.71
2.74
2.75
2.76
2.78
3.07
1.62
1.53
1.45
1.38
1.31
1.26
1.2
1.15
1.1
1.05
1.02
0.98
0.95
0.92
0.9
0.87
0.84
0.82
0.8
0.78
0.76
0.74
0.72
0.71
0.7
0.68
0.69
0.68
0.66
0.65
0.65
0.62
0.66
0.61
0.6
0.6
0.58
0.59
0.57
0.56
0.55
0.54
0.54
0.54
0.53
0.51
0.52
0.52
0.52
0.52
0.51
0.51
0.51
0.5
0.5
0.49
0.5
0.5
0.5
0.49
0.49
0.49
0.48
0.49
0.49
0.48
0.48
0.48
0.48
0.48
0.48
0.49
