1.53
1.55
1.58
1.6
1.62
1.63
1.67
1.71
1.74
1.76
1.79
1.82
1.87
1.9
1.87
1.85
1.82
1.8
1.78
1.74
1.74
1.71
1.69
1.67
1.66
1.65
1.62
1.6
1.6
1.58
1.57
1.56
1.56
1.55
1.53
1.52
1.51
1.51
1.5
1.48
1.48
1.46
1.46
1.45
1.45
1.44
1.44
1.43
1.43
1.42
1.42
1.42
1.42
1.43
1.42
1.42
1.43
1.42
1.42
1.42
1.42
1.42
1.43
1.44
1.44
1.44
1.44
1.45
1.46
1.46
1.47
1.48
1.49
1.5
1.51
1.52
1.53
1.54
1.55
1.57
1.58
1.61
1.63
1.65
1.67
1.68
1.7
1.72
1.74
1.75
1.52
1.49
1.45
1.41
1.38
1.35
1.32
1.29
1.27
1.24
1.23
1.2
1.18
1.17
1.15
1.12
1.11
1.1
1.08
1.07
1.06
1.04
1.03
1.01
1.0
1.0
0.98
0.97
0.96
0.95
0.94
0.95
0.94
0.96
1.1
1.15
1.23
1.25
1.29
1.36
1.26
1.25
1.25
1.25
1.24
1.24
1.23
1.23
1.24
1.24
1.41
1.29
1.21
1.22
1.19
1.17
1.04
0.99
0.97
0.96
0.94
0.94
0.93
0.91
0.9
0.9
0.89
0.87
0.87
0.87
0.86
0.85
0.84
0.83
0.83
0.81
0.81
0.81
0.81
0.8
0.8
0.8
0.8
0.79
0.79
0.78
0.79
0.79
0.78
0.79
