1.23
1.24
1.24
1.25
1.25
1.25
1.25
1.26
1.26
1.27
1.26
1.27
1.28
1.29
1.3
1.31
1.32
1.33
1.34
1.35
1.36
1.38
1.39
1.4
1.42
1.43
1.45
1.48
1.5
1.53
1.53
1.56
1.57
1.6
1.63
1.65
1.68
1.71
1.74
1.77
1.81
1.85
1.89
1.93
1.98
2.03
2.07
2.13
2.18
2.25
2.32
2.38
2.46
6.06
6.01
5.96
5.9
5.85
5.81
5.77
5.73
5.69
5.66
5.62
5.58
5.56
5.51
5.5
5.39
5.53
5.63
5.62
5.6
5.59
81.83
81.83
81.83
81.83
81.83
81.83
81.83
81.83
81.83
7.08
81.83
81.83
81.83
9.05
8.87
8.8
8.91
8.97
16.34
12.14
81.83
81.83
81.83
10.96
81.83
81.83
7.21
81.83
4.54
3.75
3.2
2.84
2.57
2.36
2.2
2.06
1.94
1.85
1.76
1.69
1.62
1.57
1.5
1.46
1.4
1.36
1.32
1.27
1.23
1.2
1.18
1.15
1.11
1.08
1.07
1.05
1.03
1.0
1.0
0.97
0.95
0.94
0.92
0.91
0.89
0.88
0.86
0.85
0.84
0.84
0.82
0.81
0.8
0.79
0.78
0.77
0.76
0.76
0.75
0.74
0.74
0.74
0.73
0.72
0.72
0.71
0.71
0.7
0.7
0.7
0.69
0.69
0.69
0.68
0.69
0.68
0.68
0.67
0.67
0.68
0.67
0.67
0.68
0.67
0.68
0.68
