2.5
2.65
2.8
2.97
3.18
3.42
3.73
4.11
4.56
5.13
5.81
6.7
7.95
8.76
12.64
12.62
12.64
12.42
4.38
2.91
2.92
2.91
2.46
2.33
1.83
1.84
1.67
1.6
1.6
1.64
1.65
1.66
1.66
1.67
1.67
1.69
1.7
1.71
1.72
1.73
1.74
1.76
1.71
1.65
1.61
1.55
1.5
1.46
1.42
1.38
1.34
1.31
1.27
1.24
1.2
1.18
1.16
1.13
1.1
1.09
1.06
1.05
1.03
1.01
0.99
0.98
0.96
0.95
0.93
0.92
0.92
0.9
0.89
0.87
0.86
0.85
0.84
0.84
0.83
0.82
0.81
0.8
0.8
0.79
0.77
0.77
0.76
0.76
0.75
0.74
0.74
0.73
0.73
0.73
0.73
0.73
0.72
0.72
0.72
0.72
0.71
0.71
0.72
0.9
2.26
2.26
2.26
2.26
2.25
2.26
2.26
2.26
2.26
2.27
2.27
2.27
2.27
2.28
2.29
2.31
2.32
2.32
2.33
2.34
2.36
2.37
2.38
2.4
2.28
2.23
2.23
2.26
2.28
2.3
2.32
2.34
2.36
2.38
2.41
2.49
2.68
2.71
2.74
2.78
2.81
2.84
2.88
2.92
2.96
3.01
3.05
3.1
3.16
3.22
3.28
3.34
3.4
3.47
3.54
3.61
3.69
3.77
3.87
3.97
4.06
4.18
4.29
4.42
4.53
4.56
4.51
4.47
4.45
4.41
4.37
4.33
4.3
4.29
4.26
4.23
