1.02
0.89
0.78
0.71
0.67
0.64
0.65
0.65
0.66
0.68
0.68
0.69
0.69
0.7
0.7
0.71
0.72
0.72
0.73
0.73
0.74
0.74
0.75
0.75
0.86
0.87
0.88
0.89
0.9
0.91
0.92
0.93
0.94
0.95
0.96
0.99
0.99
1.01
1.03
1.03
1.05
1.08
1.09
1.11
1.14
1.17
1.21
3.39
3.36
3.32
3.27
3.23
3.21
3.17
3.14
3.12
3.08
2.97
2.74
2.72
2.69
2.67
2.64
2.63
2.68
2.62
2.6
2.59
2.59
2.57
2.57
2.57
2.72
2.79
2.77
2.76
2.76
2.75
2.74
2.74
2.74
2.74
2.74
2.74
2.74
2.74
2.74
2.54
2.55
1.82
1.81
2.75
2.76
2.72
2.47
2.27
2.1
1.94
1.82
1.7
1.59
1.53
1.44
1.37
1.31
1.25
1.18
1.15
1.1
1.05
1.02
0.98
0.95
0.92
0.9
0.87
0.85
0.83
0.81
0.78
0.77
0.75
0.73
0.72
0.71
0.69
0.68
0.67
0.66
0.64
0.64
0.63
0.61
0.61
0.6
0.59
0.58
0.57
0.57
0.56
0.56
0.56
0.55
0.54
0.54
0.54
0.53
0.53
0.52
0.52
0.52
0.51
0.51
0.5
0.5
0.5
0.49
0.49
0.49
0.49
0.49
0.48
0.48
0.48
0.48
0.48
0.48
0.48
0.47
0.47
0.47
0.47
0.46
0.47
0.46
0.47
0.47
0.47
0.47
0.47
