0.84
0.86
0.88
0.91
0.91
0.94
0.98
1.8
1.77
1.74
1.72
1.69
1.48
1.46
1.47
1.61
1.59
1.56
1.54
1.53
1.51
1.49
1.48
1.46
1.46
1.45
1.43
1.43
1.42
1.41
1.4
1.39
1.39
1.38
1.38
1.37
1.36
1.35
1.34
1.34
1.33
1.33
1.33
1.33
1.33
1.33
1.33
1.32
1.33
1.33
1.32
1.33
1.33
1.33
1.33
1.33
1.34
1.34
1.34
1.33
1.33
1.34
1.35
1.36
1.36
1.36
1.37
1.38
1.28
1.21
1.15
1.11
1.05
1.02
0.97
0.94
0.89
0.87
0.83
0.83
0.83
0.84
0.85
0.86
0.88
0.89
0.9
0.91
0.91
0.93
0.95
0.96
0.97
0.98
1.0
1.03
1.05
1.06
1.07
1.1
1.13
1.15
1.17
1.19
1.22
1.26
1.29
1.32
1.37
1.41
1.45
1.49
1.53
1.58
1.63
1.7
1.76
1.82
1.9
1.89
1.88
1.87
1.86
1.84
1.84
1.83
1.83
1.81
1.81
1.81
1.81
1.8
1.8
1.79
1.79
1.78
1.78
1.78
1.78
1.77
1.77
1.77
1.77
1.78
1.78
1.78
1.78
1.79
1.79
1.79
1.8
1.8
1.8
1.81
1.82
1.83
1.84
1.84
1.85
1.86
1.88
1.89
1.91
1.91
1.92
1.93
1.95
1.97
1.99
2.01
2.02
2.05
2.07
2.1
2.12
2.14
2.16
2.18
6.16
6.25
