0.96
0.97
0.98
0.98
0.99
0.99
1.0
1.01
1.02
1.01
1.02
1.03
1.04
1.05
1.07
1.07
1.08
1.11
1.11
1.14
1.15
1.16
1.18
1.23
1.24
1.24
1.26
1.3
1.32
1.34
1.37
1.41
1.44
1.47
1.5
1.54
1.57
1.62
1.66
1.71
1.76
1.8
1.87
1.93
2.01
2.07
3.64
3.61
3.58
3.57
3.35
3.33
3.3
3.28
3.16
3.16
3.12
3.12
3.1
3.09
3.08
3.07
3.06
3.05
3.04
3.04
3.03
3.03
3.03
3.03
3.03
3.03
3.04
3.03
3.03
3.03
3.06
3.05
3.05
3.06
3.06
3.07
3.09
3.1
3.11
3.12
3.13
3.14
3.15
3.18
3.2
3.21
3.23
3.25
3.27
3.3
3.32
3.36
6.01
81.83
6.46
6.52
6.58
6.67
6.74
6.81
6.9
6.98
4.7
4.54
4.19
4.09
4.09
4.14
4.19
4.26
4.33
4.42
4.51
4.59
4.69
4.79
4.89
4.98
5.1
5.22
5.34
5.48
5.61
5.78
5.97
6.12
6.31
6.52
6.74
6.98
7.23
7.49
7.81
8.13
9.29
9.23
9.18
9.11
9.08
9.04
3.62
3.21
2.83
2.63
2.6
2.59
2.6
2.61
2.62
2.63
2.64
2.66
2.68
2.7
2.72
2.73
2.75
2.77
2.77
2.66
2.57
2.49
2.41
2.35
2.28
2.22
2.17
2.12
2.06
2.02
1.99
1.94
1.9
1.86
