2.45
2.6
2.75
2.92
3.11
3.36
3.63
3.93
4.3
4.76
6.0
6.35
7.34
8.78
10.71
12.02
12.0
11.98
12.03
21.49
23.73
24.05
24.06
11.92
10.96
10.28
9.76
1.26
1.22
1.36
1.53
1.52
1.53
1.53
1.53
1.54
1.55
1.55
1.55
1.46
1.37
1.49
1.46
2.24
1.57
2.02
1.75
1.74
1.71
1.75
1.91
1.51
1.54
1.98
1.74
1.69
1.68
1.74
1.78
1.85
1.9
2.19
2.09
2.09
2.14
2.07
2.35
3.52
3.44
3.4
3.35
1.88
1.89
3.21
3.17
3.13
3.1
3.07
3.03
3.0
2.99
2.97
2.92
2.91
2.89
2.88
2.85
2.83
2.82
2.8
2.79
2.77
1.98
1.97
1.95
1.94
1.93
1.92
1.92
1.9
1.89
1.9
1.9
1.88
1.89
1.9
1.88
1.89
1.88
1.89
1.88
1.89
1.89
1.9
1.89
1.87
1.98
2.67
2.68
2.69
2.7
2.7
2.72
2.73
2.74
2.77
2.34
2.17
2.15
2.15
1.89
2.3
2.31
2.31
2.64
2.73
2.75
2.78
2.81
3.01
3.11
3.14
3.18
3.22
3.27
3.3
3.27
3.2
3.13
3.06
3.01
2.95
2.89
2.84
2.8
2.75
2.7
2.66
2.61
2.58
2.54
2.51
2.48
2.46
1.6
1.58
1.57
1.56
1.55
1.5
1.5
1.46
1.45
1.31
1.34
1.35
1.38
1.37
1.35
1.32
