0.79
0.78
0.77
0.77
0.77
0.77
0.76
0.76
0.75
0.74
0.74
0.72
0.72
0.72
0.72
0.72
0.72
0.7
0.71
0.71
0.7
0.7
0.7
0.7
0.7
0.7
0.7
0.69
0.7
0.7
0.69
0.7
0.7
0.7
0.7
0.7
0.7
0.71
0.7
0.7
0.7
0.71
0.71
1.32
1.38
1.4
1.42
1.45
1.47
1.5
1.52
1.54
1.58
1.61
1.65
1.69
1.7
1.99
2.04
2.1
2.15
2.21
2.28
2.34
2.42
2.5
2.56
2.53
2.53
2.53
2.66
2.72
2.76
2.83
2.9
2.88
2.86
2.83
2.8
2.77
2.75
2.72
2.69
2.66
2.65
2.63
2.61
2.32
2.4
2.52
2.53
2.52
2.51
2.49
2.48
2.47
2.46
2.45
1.04
0.87
0.74
0.68
0.7
0.7
0.7
0.7
0.71
0.7
0.71
0.71
0.71
0.72
0.72
0.72
0.72
0.72
0.73
0.74
0.75
0.75
0.76
0.77
0.79
0.79
0.8
0.81
0.82
0.83
0.84
0.85
0.87
0.96
1.11
1.13
1.16
1.18
1.2
1.21
1.19
1.16
1.15
1.13
1.11
1.1
1.09
1.06
1.05
1.03
1.02
1.0
1.0
0.99
0.96
0.63
0.62
0.65
0.68
0.71
0.73
0.76
0.79
0.83
0.86
0.88
0.86
0.86
0.86
0.86
0.85
0.85
0.85
0.85
0.85
0.85
0.84
0.84
0.84
0.84
0.84
0.84
