1.79
1.8
1.81
1.82
1.44
1.44
1.45
1.46
1.47
1.47
1.49
1.5
1.5
1.52
1.53
1.56
1.87
1.89
1.9
1.91
1.91
1.87
1.87
1.9
1.93
1.96
1.99
2.02
2.04
2.08
2.1
2.27
2.31
3.26
3.32
3.4
3.46
3.53
3.59
1.78
1.79
1.8
1.85
1.91
4.1
4.03
3.98
3.94
3.9
3.84
3.84
3.79
3.14
3.1
3.09
3.04
3.1
3.23
3.38
3.56
3.57
3.13
3.5
3.49
3.47
2.69
2.39
2.19
2.08
2.1
2.1
2.1
2.12
2.12
2.14
2.15
2.17
2.19
2.44
3.46
3.47
3.47
3.47
3.0
3.49
3.49
3.49
3.51
3.52
3.53
3.54
3.56
3.45
3.43
2.99
2.91
2.89
2.85
2.88
3.03
2.95
2.88
2.9
2.93
2.96
2.98
3.01
3.04
3.84
3.87
3.92
3.97
4.01
4.02
4.02
3.98
3.31
3.3
3.31
4.24
4.23
2.89
2.92
2.93
3.35
3.34
4.41
3.6
2.86
2.86
2.86
3.63
3.7
3.76
3.95
3.91
2.99
2.95
2.91
2.9
2.86
2.83
2.53
2.51
2.48
2.46
2.46
2.43
2.4
2.44
2.51
2.62
2.75
2.97
3.17
3.33
3.32
3.31
3.31
3.29
3.32
2.04
2.06
2.01
1.93
1.99
2.01
2.09
2.06
2.03
2.03
2.01
1.98
3.27
3.28
3.28
1.37
1.33
1.29
1.28
