3.37
3.24
3.13
3.02
2.92
2.83
2.74
2.66
2.59
2.51
2.44
2.39
2.32
2.28
2.22
2.17
2.13
2.08
2.05
2.01
1.96
1.93
1.9
1.86
1.83
1.8
1.78
1.76
1.73
1.7
1.69
1.66
1.64
1.61
1.6
1.58
1.57
1.55
1.54
1.52
1.51
1.5
1.49
1.48
1.47
1.45
1.44
1.44
1.43
1.42
1.42
1.41
1.4
1.4
1.39
1.38
1.38
1.38
1.37
1.37
1.36
1.36
1.36
1.36
1.36
1.36
1.36
1.36
1.36
1.36
1.36
1.36
1.36
1.36
1.36
1.36
1.37
1.38
1.38
1.39
1.39
1.4
1.41
1.41
1.42
1.43
1.44
1.43
1.45
1.45
1.47
1.48
1.5
1.51
1.51
1.53
1.54
1.56
1.58
1.59
1.6
1.62
1.64
1.67
1.69
1.7
1.72
1.75
1.77
1.8
1.84
1.86
1.9
1.93
1.97
2.01
2.05
5.06
5.07
5.1
5.08
4.88
4.7
4.59
3.39
3.41
4.68
81.83
4.4
4.23
8.18
4.09
81.83
81.83
81.83
13.91
10.77
14.04
10.67
6.34
6.26
6.24
6.14
6.13
6.2
12.04
13.48
11.99
13.43
81.83
5.35
5.43
5.43
81.83
81.83
4.59
4.54
81.83
4.52
81.83
81.83
81.83
81.83
81.83
81.83
81.83
81.83
81.83
81.83
3.72
81.83
81.83
81.83
81.83
81.83
81.83
81.83
81.83
81.83
81.83
