3.06
3.11
3.17
3.23
3.31
3.37
3.44
1.74
3.59
3.69
3.79
3.88
3.98
4.07
4.09
4.09
4.11
4.12
4.14
4.16
4.18
4.19
4.21
4.24
4.26
4.29
4.32
4.24
4.37
3.86
4.44
4.47
4.51
4.56
4.6
4.65
4.7
4.5
4.38
3.56
3.97
3.13
2.93
2.86
2.8
2.62
2.57
2.52
2.51
2.55
2.59
2.63
2.68
2.73
2.79
2.84
2.91
2.95
3.03
3.1
3.18
3.25
3.33
3.42
3.52
3.62
3.74
5.42
5.39
5.33
5.29
5.25
5.21
5.17
5.14
5.11
5.08
5.05
2.46
2.43
2.41
2.38
2.36
2.34
2.41
2.49
2.57
2.66
2.76
2.87
2.97
3.12
3.26
3.43
3.65
3.9
4.19
4.57
5.08
5.97
16.37
16.4
16.42
16.47
81.83
81.83
12.6
11.51
10.7
10.73
9.24
8.67
8.16
7.7
7.34
6.98
6.65
6.36
6.11
5.86
5.63
5.43
5.25
5.07
5.07
5.13
8.0
7.93
7.72
7.54
7.45
7.54
7.64
7.72
7.85
7.84
7.87
9.22
9.37
9.52
8.03
8.03
9.27
9.13
9.01
8.87
8.76
7.72
7.63
7.47
7.76
7.97
8.15
8.1
2.78
2.75
2.71
2.24
2.21
2.17
2.11
2.09
2.06
2.02
1.99
1.96
1.92
1.89
1.87
1.84
1.81
1.79
1.77
1.76
1.74
1.71
1.71
1.64
1.66
1.65
