1.24
1.25
1.25
1.26
0.93
0.89
1.13
1.08
1.05
1.04
1.02
1.02
1.02
1.02
1.02
1.04
1.06
1.07
1.08
1.09
1.11
1.12
1.13
1.13
1.21
1.6
1.63
1.65
1.69
1.72
1.74
1.78
1.81
1.85
1.89
1.94
1.98
2.04
2.09
2.14
2.2
2.27
2.28
2.27
2.23
2.23
2.21
2.18
2.17
2.15
2.14
2.12
2.07
2.09
2.19
2.19
2.19
2.16
2.14
2.12
2.1
2.08
2.08
2.08
2.32
2.72
2.74
2.74
1.48
1.42
1.44
2.71
2.73
2.73
2.73
2.74
2.73
2.73
2.74
2.74
2.75
2.75
2.76
2.76
2.77
2.79
2.8
2.8
2.81
2.84
2.85
2.86
2.88
2.9
2.91
2.93
2.96
2.98
3.01
2.97
2.87
1.94
1.66
1.62
1.57
1.5
1.54
1.57
1.38
1.24
1.21
1.19
1.16
1.13
1.11
1.1
1.06
1.04
1.03
1.01
1.0
0.95
0.95
1.01
1.03
1.05
1.08
1.1
1.13
1.18
1.2
1.24
1.29
1.32
1.32
1.32
1.35
1.39
1.46
1.49
7.11
7.4
7.77
8.83
8.82
9.04
9.55
10.14
10.82
11.63
12.53
16.77
16.73
16.81
81.83
4.6
3.69
3.31
3.0
2.99
3.0
3.0
3.02
3.03
3.66
3.66
3.65
3.64
3.65
3.78
3.79
3.79
3.81
3.83
3.84
3.86
3.88
3.88
3.9
3.93
