0.84
0.86
0.86
0.84
0.86
0.86
0.86
0.86
0.86
0.84
0.86
0.84
0.83
0.84
0.85
0.86
0.87
0.87
3.18
3.19
3.2
3.21
3.23
3.25
3.27
2.07
2.08
3.35
3.38
3.4
3.44
3.47
3.44
3.31
3.22
3.14
3.06
2.97
2.9
2.87
2.91
2.94
2.99
3.04
3.09
3.23
3.18
3.12
3.06
3.01
2.96
2.92
2.88
2.83
2.79
2.75
2.71
2.68
2.65
2.61
2.58
2.55
2.54
2.51
2.48
2.45
2.44
2.42
2.12
2.37
2.36
2.35
2.33
2.31
2.3
2.28
2.27
2.26
2.25
2.24
2.23
2.22
2.21
2.2
2.2
2.2
2.2
2.19
2.14
1.98
2.18
2.18
2.18
2.18
2.18
2.18
2.18
2.19
2.19
2.19
1.87
2.2
2.2
2.21
2.22
2.23
2.24
2.1
2.01
1.98
1.95
1.89
1.94
1.97
2.03
2.09
2.13
2.4
2.4
2.43
2.45
2.47
2.5
2.53
2.55
2.57
2.61
2.64
2.67
2.7
2.74
2.78
2.82
2.86
2.89
2.94
3.0
3.04
3.09
3.05
3.01
2.96
2.93
2.87
2.85
2.79
2.84
2.89
2.77
2.72
2.69
2.4
2.36
2.15
2.14
2.12
2.13
3.26
3.24
2.18
0.73
0.77
0.75
0.73
0.73
0.72
0.72
0.71
0.71
0.7
0.69
0.69
0.71
0.71
0.72
0.69
0.7
0.71
0.72
0.71
