2.81
2.89
3.28
3.37
3.5
3.58
5.18
5.33
5.52
5.71
5.65
3.43
3.42
3.47
5.49
5.44
4.81
4.77
4.76
4.93
5.29
4.83
5.23
5.22
5.21
3.98
3.79
3.8
3.82
3.85
3.86
3.88
5.13
5.16
5.16
4.84
4.79
5.16
5.16
5.16
5.16
5.17
4.68
4.49
4.43
4.45
4.68
4.43
4.44
4.47
4.48
4.5
4.46
4.45
5.19
5.31
4.16
4.17
1.45
1.4
1.38
1.35
1.33
1.28
1.26
1.25
1.23
1.21
1.09
1.01
0.98
0.97
0.93
0.92
0.89
0.86
0.84
0.82
0.83
0.83
0.85
0.86
0.87
0.88
0.9
0.92
0.93
0.95
0.96
0.99
1.01
1.03
1.05
1.09
1.13
1.16
1.21
1.24
1.29
1.34
1.39
1.44
1.5
1.56
1.63
1.7
1.79
1.89
1.99
2.09
2.21
2.36
2.51
2.7
2.94
3.21
3.48
3.85
4.35
4.89
6.56
6.86
8.44
10.95
12.47
12.46
12.45
12.46
12.45
12.47
12.49
12.5
8.04
8.02
8.13
8.22
8.32
8.39
8.36
7.2
7.29
5.66
5.33
5.03
4.77
4.51
4.3
4.1
3.92
3.77
3.63
3.49
3.38
3.26
3.17
3.06
2.98
2.9
2.82
2.74
2.66
2.6
2.55
2.48
2.43
2.38
2.34
2.29
2.25
2.21
2.17
2.12
2.1
2.05
2.02
2.0
1.97
1.94
1.91
1.89
