2.53
2.47
81.83
2.4
2.41
2.43
2.44
2.46
2.46
2.48
2.49
2.52
2.53
2.55
2.56
2.59
2.36
2.33
2.24
2.22
2.44
2.46
2.48
2.52
2.39
2.33
2.27
2.23
2.18
2.13
2.08
2.09
2.13
2.16
2.21
2.25
2.28
2.25
2.24
2.21
1.86
1.88
1.94
1.99
2.01
2.08
2.49
2.53
2.59
2.69
2.75
3.02
4.49
4.64
4.82
4.87
4.82
4.79
2.65
2.62
2.65
4.65
4.63
4.03
4.0
3.97
3.96
4.22
4.5
4.48
4.05
4.44
4.43
4.42
3.51
3.33
3.17
3.08
3.09
3.11
3.13
3.16
3.18
3.22
4.49
4.49
4.48
4.36
4.52
4.52
4.52
4.54
4.56
4.57
4.45
3.96
3.89
3.86
3.95
3.99
3.89
3.91
3.94
3.97
3.99
4.04
4.8
4.84
4.9
4.93
4.98
4.97
4.22
4.21
4.97
4.92
3.84
5.04
4.2
4.21
3.71
3.7
3.94
4.35
4.41
4.46
4.52
3.71
3.66
3.61
3.2
3.16
3.12
3.07
3.03
3.1
3.13
3.24
1.16
1.18
1.18
1.17
1.17
1.16
1.16
1.14
1.13
1.12
1.12
1.11
1.12
1.13
1.13
1.13
1.11
1.12
1.13
1.13
1.12
1.12
1.01
1.0
1.0
0.99
0.99
0.99
1.01
1.01
1.0
1.0
1.0
1.0
0.99
0.99
0.98
12.93
12.96
12.98
13.02
13.02
