1.08
1.1
1.09
1.08
1.07
1.07
1.02
1.02
1.02
1.07
1.08
1.14
1.19
1.24
1.55
1.62
1.65
1.67
1.7
1.73
1.75
1.78
1.82
1.86
1.89
1.93
1.97
2.02
2.08
2.13
2.18
2.24
2.3
2.37
2.44
2.48
2.47
2.44
2.41
2.41
2.38
2.37
2.34
2.34
2.32
2.31
2.41
2.37
2.33
2.32
2.31
2.29
2.29
2.37
2.57
2.94
2.94
2.94
2.94
2.93
2.28
1.94
1.93
2.25
2.36
2.36
2.36
2.92
2.93
2.94
2.94
2.94
2.95
2.96
2.97
2.97
2.98
2.99
3.0
3.01
3.03
3.05
3.08
3.09
3.1
3.12
3.15
3.17
3.16
3.04
2.93
2.82
2.73
2.65
2.57
1.22
1.2
1.17
1.14
1.11
1.1
1.08
1.06
1.04
1.02
1.0
0.98
0.97
0.96
0.98
0.98
1.0
1.03
1.05
1.08
1.1
1.13
1.17
1.2
1.23
1.27
1.32
1.36
1.4
1.46
1.47
1.46
1.45
1.43
1.23
1.21
1.29
1.34
1.4
1.44
3.82
3.82
3.83
3.84
3.84
3.85
3.85
3.86
3.88
3.89
3.91
3.93
3.95
4.0
4.74
4.76
4.79
4.82
4.85
4.89
4.93
4.97
5.02
5.06
5.11
5.16
5.22
5.28
5.33
5.43
5.5
5.57
5.65
5.73
5.82
10.43
9.86
9.38
8.94
8.92
8.99
7.85
7.53
1.55
1.5
