3.27
3.27
3.29
3.3
3.3
3.31
3.31
3.33
6.71
7.29
7.97
8.82
9.88
11.25
12.98
17.6
81.83
81.83
81.83
16.07
81.83
81.83
81.83
81.83
9.86
7.92
6.61
6.01
6.03
4.51
4.07
3.71
3.39
3.14
2.92
2.74
2.56
2.43
2.3
2.19
2.07
1.98
1.89
1.81
1.74
1.67
1.62
1.56
1.52
1.45
1.42
1.38
1.34
1.29
1.26
1.22
1.2
1.16
1.14
1.1
1.07
1.05
1.03
1.01
0.99
0.97
0.96
0.93
0.91
0.91
0.91
0.89
0.88
0.86
0.85
0.85
0.84
0.83
0.82
0.81
0.8
0.79
0.78
0.78
0.78
0.77
0.75
0.76
0.74
0.74
0.73
0.73
0.73
0.72
0.72
0.72
0.71
0.69
0.69
0.73
0.83
0.94
1.15
1.23
1.32
1.4
1.53
1.84
1.84
1.86
1.83
1.82
4.36
4.27
4.25
4.26
4.34
3.88
3.95
5.31
5.3
5.32
4.97
4.75
4.61
4.66
4.67
4.69
4.78
4.63
4.61
4.65
5.26
5.33
5.4
5.64
5.68
5.73
5.78
5.69
5.57
5.62
5.7
5.76
6.16
3.99
5.97
5.84
5.71
5.58
4.28
1.9
1.86
1.82
1.8
1.77
1.73
1.5
1.43
1.41
1.38
1.37
1.36
1.33
1.22
1.19
1.17
1.16
1.15
1.14
1.12
1.11
1.11
1.09
1.08
1.07
1.07
1.07
1.06
1.06
