1.11
1.12
1.13
1.15
1.15
1.17
1.18
1.19
1.21
1.23
1.25
1.26
1.27
1.29
1.33
1.33
1.35
1.37
1.4
1.43
1.46
1.47
1.5
1.54
1.57
1.62
1.65
1.7
1.74
1.79
1.84
1.88
1.94
2.0
2.07
2.14
2.2
2.29
2.37
2.47
2.57
2.68
2.81
2.94
3.1
3.27
3.46
3.7
3.96
4.27
4.61
5.05
5.45
5.72
5.7
5.69
5.69
5.68
1.41
1.43
0.85
0.84
2.56
2.77
5.67
5.67
5.66
3.44
3.43
3.44
3.44
3.45
3.46
3.47
3.49
3.52
3.54
0.97
0.94
0.93
0.89
0.92
0.92
0.92
0.91
0.92
0.91
0.91
0.89
0.9
0.91
0.92
0.92
0.93
0.95
0.97
0.98
0.98
1.0
1.02
1.07
1.08
1.1
1.13
1.16
1.19
1.22
3.16
3.11
0.72
0.7
0.72
2.91
2.87
2.84
2.81
2.76
2.74
2.7
2.67
2.65
2.61
2.55
1.33
2.54
2.52
2.5
2.48
2.45
2.43
2.42
2.41
2.4
2.38
2.37
2.35
2.34
2.33
2.32
2.31
2.3
2.29
2.28
2.27
2.26
2.26
2.26
2.09
2.01
1.98
1.98
2.0
1.97
1.96
1.96
1.96
2.0
2.07
2.25
3.61
3.62
3.64
3.64
3.66
3.66
3.68
3.7
3.72
3.73
3.74
3.77
3.79
3.81
3.84
3.87
3.91
5.99
6.04
2.4
2.24
