1.95
1.94
1.94
2.25
2.43
2.37
2.08
2.08
2.42
3.01
3.02
3.01
3.01
3.03
3.03
3.04
3.05
3.05
3.07
3.08
3.09
3.11
3.14
3.16
3.17
3.2
3.21
3.23
3.11
2.99
2.88
1.27
1.25
1.2
1.19
1.16
1.13
1.1
1.06
1.04
1.03
1.0
0.98
0.98
1.0
0.99
1.03
1.03
1.07
1.07
1.09
1.12
1.14
1.17
1.2
1.23
1.27
1.3
1.33
1.37
1.41
1.44
1.46
1.43
1.43
1.23
1.23
1.25
1.28
1.33
1.37
1.42
3.77
3.78
3.78
3.78
3.78
3.79
3.79
3.8
3.8
3.81
3.83
3.84
3.85
3.85
3.87
3.89
3.96
4.68
4.7
4.74
4.76
4.79
4.83
4.86
4.9
4.94
5.0
5.04
5.09
5.14
5.2
5.26
5.33
5.4
5.47
5.55
5.62
5.7
5.79
10.2
9.65
9.14
8.84
8.87
8.96
1.46
1.41
1.38
1.35
1.29
1.26
1.26
1.47
1.48
1.5
1.5
1.47
1.42
1.38
1.35
1.32
1.28
1.25
1.22
1.19
1.17
1.14
1.11
1.11
1.08
1.06
1.01
1.05
1.07
1.09
1.11
1.13
1.16
1.2
1.21
1.24
1.28
1.31
1.37
1.36
1.36
1.35
1.35
1.35
1.38
1.42
1.45
2.02
2.08
2.16
2.24
2.7
3.1
3.09
3.07
3.06
3.06
3.04
3.03
3.03
3.02
3.02
3.01
