3.02
2.04
1.97
1.76
1.8
1.81
1.79
81.83
1.74
1.78
1.84
1.89
1.83
1.81
1.82
1.84
1.86
3.19
3.21
3.24
3.27
3.3
3.33
3.28
3.17
3.07
1.35
1.31
1.28
1.27
1.25
1.22
1.19
1.21
1.22
1.21
1.19
1.17
1.16
1.15
1.13
1.11
1.1
1.1
1.08
1.06
1.06
1.04
1.03
1.02
1.01
0.99
1.05
1.14
1.23
1.27
1.33
1.43
1.5
1.59
1.63
1.43
1.43
1.51
1.56
1.59
3.91
3.89
3.87
3.86
3.83
3.81
3.8
3.78
3.77
3.76
3.74
3.73
3.71
3.7
3.69
3.69
3.68
3.68
3.68
3.67
3.67
3.67
3.68
3.68
3.68
3.69
3.69
3.69
3.7
3.71
3.73
3.74
3.76
3.76
3.78
3.8
3.82
3.84
3.85
3.86
3.89
3.92
3.94
3.97
3.99
6.4
6.37
6.35
6.33
6.3
6.3
6.28
5.83
6.29
5.61
6.81
5.08
6.42
6.78
6.19
6.2
5.38
81.83
5.53
18.38
81.83
18.43
18.15
17.99
81.83
81.83
81.83
9.55
81.83
81.83
12.91
7.34
7.26
7.11
7.14
6.47
81.83
5.26
5.28
81.83
7.22
5.29
5.29
5.3
5.22
7.43
2.92
2.91
2.89
2.87
2.86
2.86
2.84
2.83
2.82
2.54
2.41
2.58
2.57
2.57
2.56
2.56
2.01
1.65
1.62
1.62
1.63
1.63
1.63
