0.64
0.64
0.65
0.65
0.66
0.67
0.68
0.67
0.68
0.68
0.69
0.7
0.7
0.71
0.72
0.72
0.73
0.74
0.75
0.76
0.77
0.78
0.78
0.76
0.64
0.64
0.68
0.68
0.69
0.7
0.71
0.71
0.71
0.73
0.73
0.75
0.76
0.76
0.76
0.76
0.78
0.81
3.94
3.86
3.79
3.73
3.67
3.61
3.55
3.5
3.44
3.41
3.36
3.3
3.27
3.24
3.2
3.16
3.13
3.09
3.06
3.04
3.0
2.98
2.95
2.93
2.9
2.89
2.87
2.85
2.83
2.81
2.8
2.78
2.78
2.76
2.74
2.74
2.73
2.72
2.71
2.7
2.69
2.68
2.68
2.67
2.67
2.67
2.67
2.67
2.67
2.67
2.67
2.67
2.67
2.67
2.68
2.68
2.69
2.7
2.71
2.72
2.73
2.74
2.75
2.77
2.78
2.79
2.8
2.82
2.83
2.86
2.88
2.9
2.92
2.94
2.96
2.99
3.01
3.04
3.07
3.11
5.46
5.45
5.45
5.44
5.43
4.95
5.78
5.65
4.77
6.01
5.93
4.26
5.7
5.43
5.46
5.48
4.64
81.83
4.85
81.83
81.83
81.83
81.83
81.83
8.97
8.95
81.83
81.83
8.3
10.35
6.81
6.76
6.66
6.61
6.67
7.63
14.34
81.83
5.67
4.78
81.83
4.85
81.83
4.8
81.83
81.83
81.83
81.83
81.83
3.74
81.83
81.83
81.83
81.83
81.83
81.83
81.83
81.83
