1.41
1.4
1.41
1.41
1.4
1.4
1.38
1.38
1.37
1.37
1.37
1.36
1.37
1.37
1.37
1.37
1.37
1.37
1.36
1.36
1.36
1.36
1.37
1.38
1.39
1.4
1.4
1.42
1.44
1.44
1.44
1.46
1.46
1.46
1.48
1.48
1.49
1.5
1.49
1.53
1.52
81.83
81.83
1.44
1.44
1.3
1.32
1.41
81.83
81.83
81.83
81.83
81.83
81.83
81.83
81.83
81.83
81.83
81.83
81.83
81.83
81.83
81.83
81.83
2.03
8.03
8.11
8.24
5.38
8.4
2.0
2.31
8.71
8.84
3.58
6.88
9.28
9.43
9.65
7.0
2.89
2.84
2.81
2.76
2.79
2.86
2.92
2.93
2.94
2.95
6.21
10.37
6.1
6.34
8.06
4.45
81.83
81.83
81.83
81.83
81.83
5.11
5.01
81.83
81.83
81.83
81.83
81.83
81.83
81.83
8.12
8.45
8.83
8.69
12.42
12.52
11.81
11.87
13.19
12.55
12.01
13.84
4.17
3.81
81.83
3.48
3.3
3.15
3.02
2.9
2.8
2.7
2.61
2.52
2.45
2.38
1.7
1.72
2.19
2.18
2.18
2.21
2.25
2.29
2.37
3.15
3.19
3.22
3.26
3.3
3.34
3.37
2.09
2.11
3.5
3.54
3.6
3.65
3.71
3.78
3.84
3.9
3.97
4.04
4.12
4.2
4.28
4.31
4.31
4.31
4.31
4.32
4.33
4.34
4.34
4.35
4.36
4.38
4.39
4.41
