1.67
1.69
1.31
1.3
1.73
4.31
4.35
4.29
4.17
1.05
1.05
3.89
3.81
3.73
3.65
3.57
3.5
3.45
3.38
3.31
3.26
3.2
3.2
3.26
5.05
4.98
4.9
4.85
4.78
4.71
4.66
4.6
4.56
4.49
4.46
4.42
4.38
4.34
4.31
4.26
4.24
4.2
4.18
4.14
4.11
3.88
3.87
3.83
3.81
3.8
3.78
3.77
3.76
3.94
3.93
3.92
3.92
3.91
3.9
3.89
3.88
3.88
3.88
3.88
3.87
3.87
3.88
3.88
3.88
3.89
3.9
3.9
3.91
3.92
3.93
3.93
2.39
2.41
2.4
2.42
2.43
2.45
2.46
2.47
2.49
2.5
2.51
2.54
2.54
2.57
2.59
2.61
2.64
2.66
2.68
0.95
0.98
0.85
0.83
1.01
1.04
1.04
1.05
1.05
1.06
1.1
1.12
1.12
1.15
1.16
1.2
1.22
1.23
1.24
1.27
1.3
1.34
81.83
0.48
0.46
81.83
81.83
81.83
1.64
1.65
81.83
81.83
81.83
81.83
81.83
81.83
81.83
81.83
81.83
2.46
1.78
1.78
1.77
1.71
0.95
1.3
1.74
1.74
1.73
1.73
1.72
1.71
1.7
1.7
1.69
1.68
1.67
2.29
2.32
2.32
2.31
1.4
1.34
1.28
1.24
1.2
1.17
1.14
1.11
1.08
1.06
1.03
1.01
1.0
1.0
1.01
1.03
1.04
1.05
1.07
1.09
1.11
1.12
1.15
1.17
