0.86
0.85
0.85
0.86
0.86
0.86
0.85
0.85
0.86
0.86
0.86
0.86
0.86
0.86
0.87
0.87
0.87
0.88
0.88
0.88
0.89
0.89
0.9
0.9
0.9
0.9
0.91
0.9
0.91
0.92
0.93
0.94
0.95
0.96
0.97
0.98
0.99
1.0
1.01
1.02
1.03
1.04
1.05
1.07
1.08
1.1
1.12
1.14
1.15
1.17
1.19
1.22
1.23
1.25
1.27
1.29
1.02
1.35
1.38
1.4
1.44
1.47
1.51
1.56
1.6
1.65
1.7
1.75
1.8
1.87
1.93
2.0
2.08
2.16
2.24
2.34
2.45
2.56
2.14
2.84
3.02
3.0
2.99
2.98
2.97
2.94
3.12
3.45
3.85
4.36
4.99
5.85
9.38
9.36
10.6
10.62
10.64
10.65
13.04
81.83
13.06
13.07
5.93
4.99
4.5
3.99
3.58
3.26
3.0
2.77
2.57
2.39
2.24
2.12
2.01
1.9
1.8
1.72
1.65
1.57
1.51
1.44
1.4
1.36
1.31
1.26
1.22
1.18
1.14
1.11
1.07
1.04
1.02
0.99
0.96
0.94
0.92
0.91
0.9
0.88
0.87
0.85
0.83
0.82
0.82
0.81
0.79
0.77
0.77
0.77
0.76
0.75
0.73
0.73
0.72
0.72
0.71
0.69
0.7
0.69
0.68
0.68
0.67
0.66
0.66
0.66
0.65
0.65
0.64
0.63
0.61
0.62
0.62
0.61
0.62
0.67
0.68
0.7
4.02
4.01
