1.23
1.24
1.24
1.25
1.25
1.25
1.26
1.26
1.25
1.25
1.26
1.26
1.28
1.28
1.29
1.16
1.13
1.13
1.33
1.3
1.35
1.36
1.36
1.37
1.38
1.4
1.42
1.43
1.45
1.46
1.36
1.32
1.29
1.14
1.48
0.67
0.55
0.56
0.56
0.55
0.55
0.64
1.15
1.13
1.04
1.07
1.14
1.17
1.15
1.13
1.12
1.11
1.1
1.08
0.95
0.9
0.84
0.86
0.86
1.02
1.01
1.0
0.99
0.99
0.98
0.97
0.96
0.95
0.95
0.94
0.93
0.93
0.92
0.92
0.92
0.92
0.92
0.91
0.9
0.91
0.9
0.9
0.9
0.9
0.9
0.9
0.9
0.9
0.89
0.89
0.9
0.89
0.9
0.9
0.9
0.9
0.91
0.91
0.91
0.92
0.92
0.92
0.92
0.93
0.93
0.94
0.95
0.96
0.96
0.97
0.98
0.99
0.99
1.0
1.01
1.03
1.04
1.05
1.06
1.06
1.09
1.1
1.1
1.13
1.14
1.15
1.17
1.19
1.21
1.24
1.25
1.27
1.29
1.32
1.34
1.37
1.4
1.43
1.46
1.49
1.52
1.56
1.6
1.63
1.68
1.72
1.77
1.83
1.89
1.95
2.02
2.08
2.16
2.24
2.33
2.43
2.54
2.65
2.8
2.94
3.13
3.31
3.53
3.79
4.09
4.44
4.87
5.36
5.8
5.79
5.78
5.76
5.76
5.75
5.74
1.49
1.49
2.11
2.13
0.93
