0.89
0.89
0.89
0.89
0.88
0.88
0.88
0.88
0.87
0.88
0.87
0.87
0.87
0.87
0.87
0.87
0.87
0.87
0.87
0.87
0.87
0.87
0.87
0.88
0.88
0.88
0.89
0.89
0.89
0.89
0.9
0.9
0.91
0.92
0.92
0.93
0.94
0.95
0.95
0.96
0.97
0.98
0.99
0.99
1.0
1.01
1.03
1.04
1.05
1.06
1.07
1.09
1.1
1.12
1.13
1.15
1.17
1.2
1.21
1.24
1.26
1.28
1.31
1.33
1.35
1.38
1.42
1.45
1.48
1.52
1.56
1.59
1.58
1.56
1.54
1.53
1.51
1.5
1.49
1.49
1.47
1.45
1.58
2.42
2.53
1.97
2.8
2.95
3.11
3.31
3.55
3.83
3.23
4.52
4.97
4.28
6.23
5.81
6.43
6.46
14.16
12.86
13.18
14.1
14.13
16.53
81.83
16.56
7.97
6.48
5.48
4.74
4.17
3.69
3.68
3.69
2.74
2.62
2.49
2.51
2.53
2.54
2.56
2.58
2.59
2.6
2.63
2.64
2.66
2.69
2.71
2.72
2.76
2.78
2.8
2.84
2.87
2.9
2.93
2.97
3.01
3.04
3.1
3.13
3.18
3.23
3.27
3.32
3.38
3.44
3.49
3.56
3.63
3.7
3.78
3.85
3.94
4.03
1.66
1.62
1.62
1.58
1.57
1.55
1.54
1.53
1.51
1.49
1.49
1.47
1.47
1.45
1.45
1.44
1.42
1.42
1.41
1.42
1.41
1.4
