1.17
1.18
1.19
1.2
1.21
1.23
1.2
1.17
1.21
1.22
1.23
1.24
1.25
1.26
1.29
1.31
1.33
1.34
1.36
1.38
1.41
1.43
1.45
1.47
1.5
1.52
1.56
1.58
1.62
5.63
11.33
11.24
8.77
9.91
6.67
9.04
7.08
6.49
6.2
6.15
6.23
6.2
6.2
6.54
9.92
13.0
11.46
13.01
13.37
4.09
81.83
81.83
81.83
81.83
7.88
4.27
4.23
3.79
4.21
4.4
4.64
4.87
4.83
2.21
2.04
1.88
1.75
1.64
1.54
1.46
1.39
1.33
1.28
1.22
1.17
1.11
1.06
1.04
1.0
0.96
0.94
0.9
0.88
0.84
0.82
0.8
0.77
0.76
0.75
0.7
0.7
0.72
0.73
0.74
0.75
0.77
0.78
0.8
0.82
0.83
0.84
0.86
0.88
0.9
0.91
0.94
0.97
0.99
1.02
1.05
1.07
1.1
1.13
1.18
1.21
1.25
1.3
1.36
1.41
1.46
1.52
1.6
1.66
1.74
1.83
1.94
2.06
2.2
2.36
2.54
2.75
3.0
3.33
3.91
4.66
4.81
4.86
4.96
4.95
4.94
4.94
4.93
4.93
4.93
4.94
4.95
4.95
4.86
4.88
10.5
10.53
10.56
5.06
4.73
4.34
4.03
3.75
3.54
3.55
3.54
3.53
3.43
3.27
2.53
2.43
2.33
2.26
2.17
2.1
2.03
1.98
1.92
1.87
1.83
1.77
1.73
1.69
1.64
1.6
1.58
