2.19
2.11
2.04
1.98
1.94
1.87
1.83
1.78
1.73
1.7
1.65
1.63
1.59
1.55
1.56
1.56
1.57
1.58
1.59
1.6
1.61
1.64
1.66
1.67
1.68
1.7
1.72
1.74
1.76
1.79
1.81
1.85
1.87
1.9
1.93
1.97
2.0
2.04
2.08
2.12
2.17
2.22
2.26
2.32
2.37
2.43
2.48
2.57
2.65
2.72
2.81
2.9
3.01
3.12
3.25
3.38
3.54
3.76
3.97
4.23
4.56
4.98
5.51
6.5
18.39
18.4
19.57
21.59
22.96
22.27
16.09
8.54
7.49
6.66
6.06
5.55
5.13
4.78
4.46
4.18
3.95
3.74
3.53
3.36
3.22
3.07
2.95
2.96
2.99
5.62
5.66
5.72
5.76
5.83
5.89
5.95
2.08
2.03
1.98
1.92
1.88
1.91
1.94
1.97
2.0
2.03
2.05
2.1
2.13
2.17
2.21
2.24
2.29
2.34
2.39
2.43
2.49
2.55
2.61
2.68
2.75
2.83
2.92
2.99
3.08
3.18
3.29
3.41
3.52
3.65
3.8
3.95
4.12
4.32
4.53
4.75
4.72
4.7
4.68
4.65
4.63
4.61
4.59
4.58
4.57
4.55
4.54
4.53
4.53
4.53
4.52
4.52
4.51
4.51
4.51
1.81
1.78
1.72
1.73
1.73
1.73
1.74
1.74
1.74
1.75
1.75
1.76
1.77
1.78
1.79
1.8
1.81
1.82
1.82
1.84
1.85
1.87
1.87
1.79
1.72
