0.9
0.9
0.9
0.91
0.91
0.91
0.92
0.92
0.92
0.93
0.93
0.93
0.94
0.94
0.94
0.95
0.95
0.97
0.97
0.97
0.98
0.99
1.0
1.01
1.01
1.02
1.03
1.04
1.05
1.07
1.07
1.09
1.1
1.12
1.13
1.15
1.17
1.19
1.21
1.22
1.25
1.27
1.29
1.33
1.35
1.38
1.41
1.44
1.47
1.51
1.54
1.58
1.63
1.67
1.72
1.76
1.83
1.89
1.95
2.02
2.1
2.19
2.27
2.38
2.5
2.64
2.8
3.02
3.26
3.52
3.88
8.65
8.59
8.54
8.49
8.44
8.4
8.06
8.31
8.27
5.64
5.58
5.56
5.54
5.53
5.51
5.49
5.48
5.48
5.47
5.48
5.47
5.47
5.47
5.47
5.47
5.47
5.49
5.49
5.51
5.52
5.54
5.56
5.65
5.68
4.32
4.0
3.72
3.51
3.3
3.11
2.94
2.8
2.66
2.55
2.45
2.36
2.28
2.18
2.12
2.03
1.97
1.9
1.84
1.79
1.74
1.7
1.65
1.61
1.56
1.54
1.5
1.45
1.43
1.4
1.37
1.35
1.33
1.3
1.27
1.27
1.26
1.25
1.21
1.19
1.18
1.16
1.15
1.14
1.13
1.11
1.09
1.08
1.07
1.07
1.05
1.05
1.04
1.03
1.03
1.02
1.01
1.01
1.0
1.0
0.99
0.98
0.98
0.97
0.97
0.96
0.97
0.96
0.96
0.96
0.96
0.96
0.96
0.96
0.96
