3.03
3.04
3.04
3.03
3.04
3.05
3.06
3.06
3.08
3.09
3.1
3.11
3.12
3.14
3.16
3.18
3.2
3.22
3.24
3.22
3.07
2.97
1.28
1.23
1.2
1.17
1.13
1.1
1.08
1.05
1.02
1.01
0.98
0.94
0.97
1.0
1.01
1.03
1.05
1.07
1.09
1.11
1.13
1.17
1.19
1.21
1.23
1.28
1.3
1.34
1.37
1.4
1.45
1.45
1.43
1.41
1.21
1.2
1.24
1.28
1.33
1.35
1.41
3.75
3.75
3.75
3.75
3.75
3.76
3.77
3.77
3.77
3.79
3.79
3.79
3.8
3.82
3.83
3.86
3.87
4.49
4.65
4.68
4.71
4.73
4.76
4.8
4.84
4.88
4.91
4.96
5.01
5.05
5.12
5.16
5.23
5.3
5.36
5.44
5.51
5.59
5.67
5.76
10.47
9.93
9.37
8.91
8.83
8.89
7.81
1.39
1.36
1.31
1.26
1.22
1.22
1.43
1.44
1.45
1.47
1.45
1.4
1.38
1.34
1.31
1.28
1.24
1.21
1.18
1.16
1.13
1.11
1.1
1.07
1.04
1.03
0.99
1.02
1.04
1.06
1.07
1.1
1.12
1.15
1.19
1.2
1.24
1.27
1.34
1.33
1.32
1.33
1.33
1.33
1.34
1.38
1.4
1.98
2.06
2.12
2.2
3.09
3.07
3.06
3.04
3.04
3.02
3.01
3.02
3.0
2.99
2.99
2.98
2.99
2.97
1.82
1.85
2.99
2.99
2.99
