2.57
2.65
2.7
2.79
2.87
2.96
3.05
3.17
3.28
3.41
3.53
3.72
3.93
4.16
4.45
4.8
5.21
5.81
81.83
15.01
15.02
15.02
15.04
15.04
15.06
15.09
15.16
12.1
10.71
9.54
9.27
7.9
7.28
6.73
6.25
5.88
5.53
5.21
4.95
4.73
4.49
4.28
4.09
3.92
3.78
3.63
3.5
3.52
3.57
3.6
6.47
6.5
6.31
6.16
5.99
5.91
6.0
6.06
6.13
5.84
6.31
5.71
6.31
6.47
7.8
7.93
8.08
6.59
7.99
6.54
7.74
7.65
7.55
7.45
7.35
7.27
6.34
6.25
6.2
5.35
6.41
6.62
6.79
6.76
6.73
6.65
6.61
6.56
6.51
6.43
6.39
6.33
6.31
6.27
5.6
5.59
5.67
6.14
5.11
3.68
3.66
3.31
3.31
3.3
3.29
1.57
1.57
1.56
1.56
1.55
1.56
1.56
1.54
1.55
4.1
3.3
2.83
2.46
2.12
1.87
1.22
1.19
1.17
1.16
1.16
1.15
1.15
1.14
1.14
1.16
1.16
1.16
1.17
1.16
1.14
1.15
1.16
1.16
1.17
1.17
1.19
1.2
1.21
1.22
1.23
1.22
1.23
1.24
1.25
1.25
1.26
1.27
1.28
1.3
1.29
1.29
1.31
1.33
1.35
1.35
1.36
1.33
1.36
1.4
1.41
1.41
1.43
1.44
1.45
1.48
1.49
1.51
1.52
81.83
81.83
81.83
81.83
81.83
81.83
81.83
