2.78
2.77
2.76
2.75
2.52
2.51
2.52
2.52
2.52
2.53
2.54
2.55
2.46
2.03
2.0
2.01
2.02
3.57
3.59
3.63
1.99
1.95
3.69
3.68
3.7
3.72
3.74
3.78
3.81
3.83
3.86
3.89
3.94
3.96
4.01
4.07
4.01
3.88
3.78
3.68
3.59
3.49
3.4
1.97
1.84
1.85
1.92
1.91
1.78
1.77
1.85
1.84
1.93
2.01
2.29
2.33
2.36
2.42
2.46
2.51
2.48
2.45
2.42
2.39
2.34
2.15
2.25
2.32
2.38
5.05
5.03
5.01
4.99
4.98
4.96
4.96
7.47
7.55
8.04
8.55
9.08
9.73
10.44
10.96
10.94
12.63
13.79
15.06
81.83
23.37
23.63
11.83
2.11
1.85
2.02
2.06
1.75
1.44
1.42
1.44
1.43
1.43
1.41
1.42
1.42
1.44
1.44
1.45
1.46
1.47
1.48
1.48
2.14
2.13
2.15
2.17
2.18
2.2
2.21
2.22
2.24
2.26
2.28
2.3
2.34
2.35
2.37
2.39
2.42
2.45
2.48
2.51
1.7
1.37
1.3
1.42
1.39
1.36
1.38
1.41
1.39
1.16
1.16
1.37
1.44
1.61
3.04
1.54
1.48
2.91
2.87
2.78
2.8
2.77
2.73
2.71
2.67
2.66
2.63
2.6
2.58
2.57
2.55
2.53
2.51
2.5
2.49
2.47
2.46
2.44
2.43
2.42
2.41
2.42
2.41
1.61
1.6
1.6
1.6
1.59
