3.61
3.53
3.45
3.38
3.32
3.26
3.2
3.13
3.08
3.03
2.99
2.94
2.9
2.85
2.81
2.78
2.73
2.71
2.67
2.63
2.61
2.57
2.55
2.52
2.5
2.48
2.46
2.48
2.59
2.67
3.75
3.7
3.68
3.61
3.59
3.59
3.73
3.98
4.25
4.54
4.89
5.29
5.79
6.38
7.07
7.99
9.23
22.9
22.9
23.73
19.18
19.17
16.4
10.5
3.42
2.12
2.13
2.12
2.13
2.14
2.15
2.15
2.15
2.16
2.18
5.0
5.02
5.02
5.15
5.18
5.21
5.24
5.27
5.31
5.34
5.37
5.38
5.33
5.39
5.43
5.49
5.53
4.0
3.9
3.78
3.68
3.6
3.51
3.41
3.34
3.26
3.2
3.12
3.05
3.01
2.95
2.89
2.84
2.79
2.74
2.7
2.66
2.62
2.58
2.54
2.51
2.49
2.45
2.43
2.4
2.37
2.34
2.32
2.3
2.28
2.25
2.23
2.21
2.22
2.25
2.3
2.34
2.39
2.45
2.5
2.56
2.61
2.69
2.77
2.83
2.93
3.02
3.11
3.22
3.33
3.46
3.61
3.77
3.97
4.21
4.46
4.74
5.17
5.66
6.45
19.4
20.57
22.85
23.3
23.28
17.13
9.56
8.35
7.52
6.9
6.34
5.89
5.48
5.15
4.84
4.57
4.32
4.12
3.97
3.98
4.03
6.58
6.63
6.68
3.08
2.98
2.87
2.87
2.9
2.94
2.97
3.0
3.04
3.07
3.12
