0.43
0.43
0.43
0.45
0.44
0.44
0.44
0.44
0.45
0.45
0.46
0.46
0.46
0.45
0.45
0.45
0.46
0.46
0.46
0.46
0.47
0.48
0.48
0.48
0.48
0.49
0.49
0.5
0.5
0.51
0.51
0.52
0.52
0.53
0.54
0.55
0.55
0.56
0.57
0.58
0.59
0.6
0.61
0.63
0.63
0.64
0.65
0.66
0.69
0.71
0.72
0.74
0.75
0.78
5.31
5.47
5.62
5.8
5.98
6.2
6.4
6.66
6.92
7.21
7.52
7.86
7.96
7.91
7.86
7.83
7.79
4.91
4.9
4.87
4.86
4.84
4.82
3.78
3.78
3.78
3.77
3.85
5.04
5.05
5.04
5.03
5.03
5.03
5.04
5.07
7.44
6.33
6.34
7.51
7.51
7.54
7.57
6.95
6.96
6.97
7.0
7.08
7.07
7.1
7.13
7.86
7.9
7.96
8.0
4.33
4.22
4.09
3.58
3.46
3.43
3.43
3.46
3.51
3.53
3.46
3.37
3.29
3.22
3.13
3.06
3.06
3.07
3.08
3.13
3.18
3.23
3.27
3.33
3.4
3.45
3.53
3.6
0.98
0.94
0.93
0.92
0.92
0.9
0.89
0.88
0.87
0.86
0.86
0.85
0.85
0.82
0.8
0.79
0.79
0.81
0.85
0.86
0.91
0.93
0.94
0.93
0.93
0.96
0.99
1.04
1.08
1.12
1.18
1.22
1.3
1.36
1.43
1.5
1.59
1.69
3.97
3.98
4.12
4.13
4.15
