1.12
1.12
1.12
1.12
1.13
1.12
1.13
1.13
1.13
1.12
1.12
1.11
1.16
5.7
5.72
5.65
5.67
5.51
5.02
5.03
5.06
5.08
5.11
5.89
5.93
5.99
6.02
6.07
6.12
6.17
6.23
4.88
6.33
6.4
6.48
6.55
6.5
5.36
2.26
2.21
2.15
2.1
2.06
2.02
1.84
1.78
1.76
1.73
1.68
1.63
1.64
1.67
1.71
1.74
1.78
1.82
1.87
1.91
1.97
2.02
2.07
2.14
2.2
2.28
2.34
2.43
2.51
2.62
2.69
2.82
2.93
3.06
3.21
3.36
3.53
3.74
3.96
4.21
4.48
4.81
5.2
5.63
6.15
9.46
9.44
9.41
9.54
9.57
9.57
81.83
81.83
81.83
81.83
81.83
11.09
81.83
11.99
12.91
12.83
12.96
20.27
20.31
81.83
4.18
3.52
3.13
2.83
2.59
2.39
2.24
2.11
2.01
1.91
1.82
1.75
1.68
1.62
1.56
1.51
1.46
1.42
1.38
1.33
1.3
1.26
1.22
1.19
1.17
1.15
1.13
1.1
1.08
1.07
1.04
1.03
1.01
0.99
0.97
0.95
0.94
0.92
0.92
0.91
0.89
0.88
0.87
0.86
0.84
0.84
0.84
0.83
0.81
0.8
0.8
0.79
0.78
0.77
0.77
0.76
0.76
0.75
0.75
0.74
0.74
0.74
0.74
0.73
0.73
0.73
0.73
0.73
0.72
0.72
0.72
0.72
0.72
0.73
0.73
0.73
0.73
