0.93
0.93
0.93
0.93
0.93
0.93
0.93
0.93
0.94
0.94
0.94
0.94
0.94
0.95
0.95
0.96
0.96
0.96
0.96
0.97
0.98
0.98
0.98
0.99
0.99
1.0
1.01
1.01
1.01
1.02
1.03
1.04
1.05
1.06
1.07
1.08
1.09
1.1
1.12
1.13
1.15
1.16
1.18
1.2
1.22
1.23
1.24
1.27
1.29
1.31
1.33
1.36
1.39
1.42
1.44
1.47
1.5
1.53
1.48
1.61
1.65
1.7
1.74
1.78
1.84
1.89
1.95
2.03
2.09
2.16
2.24
2.33
2.42
2.52
2.65
2.77
2.87
3.05
3.25
3.24
3.23
3.22
3.18
3.2
3.5
3.88
4.31
4.86
5.56
6.47
9.58
9.58
10.82
10.84
10.86
13.26
12.11
13.27
13.29
6.16
5.16
4.43
3.87
3.45
3.11
2.84
2.59
2.4
2.22
2.08
1.96
1.84
1.74
1.65
1.58
1.51
1.43
1.37
1.32
1.27
1.21
1.17
1.12
1.09
1.05
1.01
0.98
0.96
0.94
0.91
0.88
0.86
0.84
0.81
0.8
0.8
0.78
0.77
0.74
0.73
0.73
0.73
0.72
0.71
0.69
0.68
0.67
0.64
0.63
0.63
0.63
0.64
0.66
0.67
0.67
0.69
0.73
0.77
4.36
4.32
3.64
4.21
4.22
4.19
4.16
4.15
4.12
4.1
4.07
4.05
4.03
4.01
4.0
3.99
3.98
3.98
3.96
3.95
3.94
3.93
