2.95
2.95
2.97
2.65
2.44
2.35
2.33
2.33
2.34
2.36
2.38
2.46
2.39
2.4
2.45
2.48
2.49
3.32
3.36
3.39
3.06
3.46
3.51
2.81
3.57
3.64
3.68
3.73
2.46
2.46
3.88
3.75
3.62
3.5
2.61
2.62
3.21
3.12
3.03
2.96
2.87
2.8
2.75
2.69
2.63
2.58
2.52
2.48
2.43
2.27
2.34
1.41
1.41
2.22
2.2
2.16
2.13
2.11
1.63
1.61
2.03
2.01
1.98
1.96
1.94
1.92
1.9
1.88
1.87
1.84
1.83
1.81
1.81
1.87
1.96
2.04
5.21
5.18
3.01
2.98
2.97
2.96
2.99
3.3
3.01
3.01
3.32
3.72
5.42
6.28
7.42
9.07
11.01
14.82
14.79
14.66
6.19
5.17
4.89
4.1
3.86
3.89
3.9
3.91
3.92
3.93
3.93
3.64
3.36
3.12
2.9
2.72
2.55
2.45
2.45
2.47
2.49
4.0
4.03
4.06
4.09
4.13
4.16
4.19
4.23
4.28
4.32
4.3
4.2
4.09
3.99
3.89
3.8
3.72
3.64
3.56
3.48
3.42
3.35
3.3
3.24
3.18
3.13
3.08
3.04
2.99
2.95
2.91
2.88
2.83
2.8
2.53
2.51
2.48
2.45
2.42
2.4
2.38
2.36
2.34
2.31
2.35
2.44
2.47
2.46
2.44
2.42
2.41
2.39
2.37
2.37
2.36
2.35
2.34
2.33
2.33
2.32
2.32
2.31
2.31
