1.01
1.01
1.01
1.01
1.02
1.02
1.02
1.02
1.02
1.03
1.03
1.03
1.04
1.05
1.05
1.06
1.06
1.06
1.07
1.07
1.06
1.07
1.08
1.08
1.09
1.1
1.11
1.12
1.12
1.14
1.14
1.15
1.17
1.18
1.18
1.2
1.22
1.23
1.25
1.27
1.28
1.3
1.32
1.33
1.36
1.39
1.41
1.43
1.46
1.48
1.51
1.54
1.58
1.62
1.64
1.68
1.73
1.76
1.82
1.86
1.91
1.97
2.02
2.1
2.16
2.23
2.32
2.4
2.5
2.6
2.71
2.84
2.97
3.11
3.27
3.45
3.67
3.92
4.21
4.53
4.9
5.34
5.88
6.54
11.39
11.35
11.27
81.83
15.64
81.83
81.83
81.83
9.78
9.88
81.83
81.83
81.83
81.83
81.83
81.83
81.83
81.83
81.83
81.83
8.16
4.76
4.47
4.17
3.93
3.72
3.54
3.35
3.19
3.04
2.91
2.79
2.68
2.6
2.5
2.45
2.35
2.28
2.19
2.14
2.07
2.02
1.96
1.9
1.86
1.82
1.77
1.73
1.7
1.66
1.63
1.6
1.56
1.55
1.52
1.49
1.46
1.44
1.44
1.41
1.38
1.36
1.36
1.34
1.32
1.3
1.29
1.28
1.26
1.25
1.24
1.23
1.23
1.21
1.21
1.19
1.18
1.18
1.18
1.16
1.16
1.15
1.14
1.15
1.14
1.13
1.13
1.14
1.13
1.13
1.12
1.12
1.12
1.12
1.12
1.11
