1.32
1.32
1.33
1.34
1.36
1.38
1.38
1.4
1.41
1.43
1.44
1.45
1.47
1.49
1.51
1.53
1.53
3.89
3.89
3.83
3.45
4.21
4.48
3.27
3.28
4.15
4.13
4.3
4.12
2.84
2.84
4.04
4.08
4.09
81.83
3.24
3.28
3.48
3.48
81.83
81.83
81.83
81.83
12.95
13.06
9.09
10.39
6.05
5.69
5.66
5.64
5.54
5.54
5.62
12.91
12.87
12.83
4.74
4.77
81.83
81.83
81.83
81.83
81.83
3.94
3.93
81.83
81.83
81.83
3.96
3.95
81.83
81.83
81.83
81.83
81.83
81.83
81.83
81.83
81.83
81.83
81.83
3.19
3.18
81.83
81.83
3.04
2.99
2.96
2.94
2.88
81.83
2.82
2.8
2.78
2.76
2.72
2.71
2.67
2.66
2.64
2.63
2.63
2.68
2.71
2.76
2.79
2.84
2.87
2.92
2.97
2.85
2.81
2.76
2.72
2.71
2.87
2.97
2.92
2.88
2.84
2.82
2.78
2.76
2.73
2.61
2.61
2.65
2.87
2.96
2.94
2.93
2.91
2.59
2.61
2.77
3.49
5.68
5.65
5.62
5.59
5.57
5.55
5.54
3.58
4.92
4.9
5.07
5.44
5.13
5.41
5.41
5.4
4.49
4.3
4.14
4.09
4.1
4.13
4.17
4.2
4.49
5.5
5.46
5.53
5.54
5.55
5.58
5.48
5.05
4.92
4.9
4.91
4.9
4.9
4.94
4.97
5.0
5.77
5.82
