1.09
1.1
1.12
1.13
1.14
1.16
1.18
1.21
1.23
1.24
1.27
1.29
1.32
1.35
1.38
1.4
1.44
1.48
1.51
1.55
1.59
1.63
1.68
1.73
1.78
1.84
1.89
1.96
2.02
2.09
2.18
2.27
2.37
2.47
2.59
2.73
2.86
3.03
3.2
3.4
3.63
3.9
4.21
4.54
4.96
6.27
6.24
6.92
7.97
9.46
14.26
14.5
14.51
81.83
81.83
16.17
16.07
16.96
17.9
17.83
17.94
6.96
6.17
5.65
5.26
4.91
4.63
4.38
4.17
4.0
3.84
3.69
3.57
3.45
3.34
3.24
3.16
3.07
2.98
2.9
2.84
2.77
2.71
2.66
2.61
2.56
2.51
2.47
2.42
2.39
2.35
2.32
2.28
2.25
2.21
2.18
2.16
2.12
2.08
2.07
2.05
2.02
2.0
1.97
1.96
1.95
1.93
1.91
1.89
1.88
1.88
1.86
1.84
1.84
1.83
1.82
1.81
1.81
1.83
1.97
3.82
3.97
4.14
4.32
4.3
4.33
4.65
4.91
5.2
5.53
5.92
6.35
6.84
7.45
7.84
7.82
7.83
9.51
12.82
12.81
19.28
19.28
20.5
20.52
8.79
8.78
8.79
8.78
8.79
8.8
6.94
5.99
5.29
4.68
4.23
3.84
3.52
3.27
3.14
3.14
3.17
3.19
3.2
3.27
3.29
3.31
3.33
3.36
3.37
3.4
3.43
4.9
5.29
5.9
5.72
5.56
1.41
1.38
1.34
1.3
