2.94
3.03
3.12
3.21
3.31
3.43
3.54
3.66
3.8
3.95
4.11
4.31
4.51
4.73
4.98
5.25
5.56
5.92
6.3
6.76
18.63
11.24
11.22
11.16
11.17
81.83
81.83
81.83
81.83
9.5
9.56
81.83
81.83
81.83
81.83
81.83
81.83
81.83
81.83
4.25
3.72
3.34
3.04
2.76
2.56
2.36
2.21
2.09
2.0
1.84
1.74
1.66
1.59
1.5
1.43
1.38
1.31
1.27
1.22
1.17
1.14
1.09
1.05
1.02
0.99
0.96
0.92
0.91
0.9
0.87
0.85
0.85
0.85
0.8
0.79
0.77
0.76
0.74
0.74
0.73
0.71
0.69
0.69
0.67
0.67
0.66
0.65
0.64
0.63
0.62
0.62
0.61
0.6
0.6
0.59
0.59
0.58
0.58
0.57
0.57
0.57
0.56
0.56
0.56
0.56
0.56
0.56
0.55
0.55
0.54
0.54
0.54
0.54
0.53
0.53
0.53
0.53
0.53
0.53
0.53
0.53
0.53
0.53
0.53
0.54
0.53
0.53
0.54
0.54
0.54
0.54
0.54
0.54
0.54
0.54
0.55
0.56
0.55
0.56
0.55
0.56
0.56
0.57
0.57
0.57
0.57
0.59
0.59
0.6
0.6
0.6
0.61
0.62
0.63
0.62
0.62
0.64
0.65
0.65
0.66
0.67
0.67
0.69
0.7
0.7
0.72
0.73
0.75
0.78
0.79
4.4
4.36
4.27
4.22
2.21
2.19
2.17
2.16
2.14
2.11
