1.55
1.55
1.56
1.56
1.56
1.55
1.55
1.56
1.56
1.56
1.57
1.58
1.59
1.6
1.61
1.62
1.63
1.64
1.64
1.65
1.66
1.67
1.68
1.7
1.71
1.72
1.73
1.75
1.78
1.79
1.81
1.83
1.85
1.87
1.9
1.93
1.95
1.98
2.0
2.03
2.07
2.1
2.13
2.18
2.2
2.24
2.29
2.34
2.37
2.43
2.48
2.53
2.59
2.66
2.73
2.79
2.86
2.95
3.04
3.13
3.23
3.33
3.45
3.57
3.69
3.83
3.99
4.17
4.36
4.57
4.81
5.09
5.38
5.72
14.62
13.7
10.66
10.29
10.24
10.15
10.3
11.02
9.41
81.83
81.83
81.83
8.58
81.83
81.83
81.83
81.83
81.83
81.83
81.83
81.83
81.83
81.83
81.83
3.44
3.12
2.86
2.65
2.46
2.29
2.18
2.04
1.92
1.83
1.73
1.65
1.57
1.5
1.43
1.39
1.33
1.28
1.24
1.19
1.18
1.14
1.14
1.14
1.04
1.0
0.97
0.95
0.93
0.91
0.88
0.87
0.85
0.83
0.81
0.8
0.79
0.77
0.78
0.76
0.75
0.73
0.73
0.72
0.7
0.7
0.69
0.68
0.67
0.67
0.66
0.65
0.64
0.64
0.65
0.64
0.64
0.63
0.63
0.62
0.61
0.6
0.6
0.6
0.6
0.6
0.6
0.59
0.59
0.58
0.58
0.59
0.57
0.58
0.58
0.59
0.58
0.59
0.59
0.58
0.58
0.58
