0.94
0.95
0.96
0.97
0.97
0.98
1.0
1.01
1.02
1.04
1.05
1.06
1.08
1.08
1.1
1.11
1.13
1.15
1.17
1.19
1.22
1.23
1.31
2.39
2.44
2.49
2.55
2.63
2.68
2.76
2.85
2.92
3.02
3.12
3.25
3.36
3.5
3.64
3.8
5.91
5.81
5.7
5.61
5.52
5.42
5.34
5.27
5.19
5.11
5.04
4.99
4.92
4.86
4.8
4.74
4.69
4.64
4.59
4.54
4.53
4.47
4.44
4.39
4.36
4.33
4.3
4.26
4.23
4.21
4.19
4.16
4.14
4.12
4.11
4.1
4.09
4.07
4.06
4.05
4.04
4.03
4.02
4.01
4.01
4.01
4.01
4.0
4.0
4.01
4.02
4.06
5.19
7.62
7.27
8.63
8.42
8.6
7.95
7.97
8.01
7.95
7.95
8.54
8.62
8.83
4.28
4.05
3.86
3.69
3.52
3.39
3.25
3.12
3.03
2.93
2.83
2.75
2.66
2.58
2.51
2.44
2.38
2.33
2.26
2.21
2.16
2.11
2.1
2.18
2.23
2.25
2.29
2.64
2.68
2.73
2.79
5.09
5.15
5.08
5.01
4.95
4.9
4.83
4.78
4.72
4.68
4.63
4.59
4.54
4.5
4.45
4.43
4.39
4.35
4.32
4.3
4.27
4.25
1.47
1.47
1.46
1.45
1.45
1.44
1.43
1.43
1.42
1.42
1.42
1.42
1.41
1.41
1.41
1.41
1.41
1.41
1.41
1.42
1.41
1.41
