1.01
1.01
1.01
1.01
1.01
1.01
1.0
1.0
1.01
1.0
1.0
1.01
1.01
1.01
1.01
1.01
1.02
1.02
1.02
1.02
1.03
1.03
1.03
1.03
1.03
1.03
1.04
1.05
1.06
1.07
1.07
1.08
1.08
1.09
1.1
1.11
1.13
1.14
1.15
1.16
1.16
1.18
1.19
1.21
1.23
1.24
1.26
1.27
1.28
1.3
1.32
1.35
1.37
1.4
1.41
1.44
1.47
1.51
1.53
1.57
1.6
1.63
1.67
1.71
1.76
1.8
1.86
1.91
1.95
2.01
2.09
2.15
2.23
2.29
2.38
2.47
2.57
2.68
2.8
2.93
3.08
3.23
3.42
3.65
3.9
4.17
4.48
12.47
9.46
9.1
9.08
8.96
9.04
9.52
9.84
12.23
81.83
81.83
81.83
81.83
7.46
81.83
7.49
81.83
81.83
81.83
81.83
81.83
6.69
81.83
81.83
81.83
81.83
81.83
81.83
81.83
5.93
5.95
5.98
6.03
6.08
5.84
5.74
6.0
5.91
2.54
2.45
2.37
2.29
2.22
2.16
2.11
2.04
2.0
1.94
1.89
1.85
1.82
1.78
1.73
1.69
1.66
1.64
1.61
1.58
1.57
1.53
1.51
1.49
1.45
1.43
1.41
1.39
1.37
1.35
1.34
1.33
1.31
1.3
1.29
1.27
1.26
1.25
1.24
1.22
1.22
1.21
1.21
1.2
1.19
1.18
1.18
1.17
1.17
1.16
1.16
1.15
1.14
1.14
1.14
