5.21
6.67
6.59
6.56
6.54
6.53
6.51
6.5
6.49
6.49
6.47
6.47
6.47
6.46
6.48
6.48
6.49
6.49
6.51
6.51
6.52
2.22
2.17
2.12
2.07
2.05
2.08
2.12
2.14
2.17
2.22
2.26
2.3
2.35
2.39
2.44
2.46
2.51
2.52
2.52
2.49
2.42
2.38
2.32
2.3
2.15
2.28
2.16
2.11
2.1
2.02
1.91
1.8
1.79
1.75
1.71
1.7
1.68
1.67
1.44
1.44
1.65
1.68
1.72
1.75
1.75
1.79
81.83
81.83
81.83
81.83
81.83
81.83
81.83
81.83
81.83
2.24
81.83
81.83
81.83
81.83
81.83
81.83
3.09
5.15
5.1
4.42
4.7
5.05
5.02
5.0
5.0
5.27
6.2
6.69
6.24
8.71
10.42
12.79
14.32
18.14
8.42
7.37
7.09
7.09
7.09
7.1
5.75
5.59
5.75
7.0
7.02
2.93
2.67
2.46
2.27
2.13
2.0
1.87
1.75
1.67
1.57
1.51
1.44
1.38
1.33
1.27
1.22
1.18
1.15
1.16
1.17
1.18
1.2
1.21
1.22
1.23
1.24
1.26
1.28
1.3
1.32
1.34
1.36
1.37
1.39
1.42
1.45
1.46
1.49
1.51
1.55
1.58
1.61
1.65
1.68
1.72
1.76
1.8
1.86
1.91
1.96
2.02
2.07
2.14
2.2
2.29
2.36
2.46
2.55
2.66
2.77
2.9
3.04
3.2
3.38
3.59
3.82
4.09
4.4
