0.7
0.7
0.69
0.7
0.69
0.7
0.7
0.7
0.7
0.7
0.7
0.71
0.71
0.71
0.72
0.72
0.73
0.73
0.74
0.75
0.75
0.75
0.76
0.77
0.77
0.77
0.77
0.78
0.79
0.8
0.81
0.82
0.83
0.84
0.86
0.87
0.87
0.89
0.9
0.92
0.93
0.95
0.96
0.97
0.99
1.01
1.02
1.04
1.07
1.09
1.1
1.13
1.16
1.19
1.22
1.25
1.27
1.32
1.36
1.4
1.44
1.48
1.53
1.59
1.66
1.71
1.78
1.85
1.93
2.02
2.13
2.26
2.37
2.51
4.87
4.93
5.31
5.75
6.23
6.83
7.65
8.16
8.14
8.13
8.11
8.1
8.1
8.09
8.08
8.08
8.09
8.09
6.94
5.35
5.35
5.36
5.36
5.38
5.39
5.41
5.36
4.89
4.53
4.47
4.49
4.51
5.86
5.91
8.46
8.51
81.83
7.95
7.99
8.04
81.83
8.17
8.22
8.29
9.11
9.2
9.29
9.38
9.49
9.6
1.51
1.48
1.49
1.51
1.53
1.55
1.57
1.6
1.62
1.65
1.63
1.6
1.58
1.56
1.53
1.51
1.49
1.47
1.45
1.43
1.41
1.4
1.39
1.37
1.36
1.34
1.32
1.31
1.3
1.29
1.28
1.27
1.26
1.25
1.24
1.23
1.22
0.9
0.89
0.88
0.94
1.0
1.08
1.17
1.17
1.16
1.16
1.15
1.15
1.14
1.14
1.14
1.14
1.15
1.15
1.16
