0.59
0.59
0.6
0.59
0.59
0.59
0.58
0.59
0.59
0.59
0.59
0.59
0.59
0.59
0.59
0.58
0.58
0.59
0.59
0.62
0.93
0.79
0.57
0.56
0.58
0.58
0.65
0.77
0.77
0.78
0.81
0.86
0.83
0.8
0.78
0.75
0.72
0.69
0.67
0.66
0.66
0.67
0.68
0.69
0.69
0.7
0.71
0.72
0.73
0.74
0.76
0.77
0.79
0.8
0.81
0.82
0.84
0.86
0.88
0.9
0.91
0.93
0.96
0.97
1.0
1.03
1.06
1.09
1.11
1.16
1.19
1.25
1.28
1.38
1.39
1.46
81.83
2.01
2.07
2.21
2.29
2.43
2.58
2.92
8.64
8.6
8.58
7.11
7.12
7.99
8.91
11.1
14.86
15.49
15.6
14.65
14.68
11.03
11.04
3.28
2.81
2.65
2.65
2.66
2.29
1.96
1.72
1.53
1.37
1.26
1.16
1.08
1.0
0.93
0.88
0.84
0.8
0.76
0.71
0.68
0.66
0.65
0.62
0.6
0.58
0.56
0.55
0.53
0.51
0.5
0.48
0.47
0.46
0.46
0.45
0.45
0.42
0.42
0.41
0.41
0.4
0.39
0.38
0.38
0.37
0.36
0.35
0.35
0.34
0.34
0.32
0.32
0.32
0.31
0.31
0.31
0.3
0.3
0.3
0.29
0.3
0.28
0.28
0.28
0.27
0.27
0.27
0.27
0.27
0.27
0.26
0.26
0.26
0.26
0.26
0.25
0.26
0.25
0.25
0.25
