11.88
11.29
10.72
10.26
9.81
9.4
9.05
8.69
8.38
8.1
7.9
7.91
8.0
10.9
81.83
10.34
10.35
10.47
10.76
10.68
10.75
12.0
12.17
12.28
12.05
81.83
81.83
81.83
81.83
81.83
81.83
3.06
3.16
3.06
3.06
81.83
3.27
3.27
81.83
81.83
81.83
81.83
2.39
4.81
6.97
5.41
5.41
7.52
8.02
4.37
5.39
5.38
5.64
5.32
5.33
1.35
1.32
1.27
0.99
0.98
0.97
0.97
0.97
0.97
0.97
0.97
0.96
0.96
0.96
0.96
0.96
0.96
0.96
0.96
0.94
0.92
0.91
0.91
0.89
0.89
0.87
0.87
0.89
0.91
0.95
0.97
1.01
1.05
6.42
6.36
6.31
6.25
6.2
6.16
6.11
6.07
6.02
5.98
4.07
5.91
5.96
6.05
6.02
3.56
3.51
3.28
4.18
5.93
5.91
5.88
5.87
5.85
5.85
5.85
5.8
5.82
3.34
3.3
5.67
5.63
5.62
4.71
4.64
3.27
3.23
5.67
5.69
5.7
5.72
5.74
5.76
5.77
5.8
5.83
5.86
4.0
3.51
3.52
6.0
4.85
6.08
4.06
4.08
3.67
3.66
4.38
3.28
6.51
6.52
6.61
1.11
1.12
81.83
81.83
81.83
81.83
81.83
81.83
81.83
81.83
81.83
81.83
81.83
81.83
81.83
81.83
81.83
81.83
81.83
81.83
1.77
81.83
81.83
1.71
1.71
81.83
81.83
81.83
81.83
1.58
