1.75
1.76
1.77
1.79
1.81
1.83
1.84
1.87
1.88
1.91
1.93
1.96
1.97
1.99
2.02
2.05
2.08
2.11
2.14
2.17
2.22
2.25
2.29
2.33
2.37
2.42
2.48
2.52
2.55
2.54
2.53
2.54
2.6
2.71
2.78
2.86
2.94
3.03
3.12
3.22
3.32
3.43
3.56
3.69
3.84
4.0
4.18
4.4
4.61
4.87
5.16
5.47
5.84
5.89
5.87
5.87
7.9
8.67
8.66
9.95
10.82
81.83
17.3
17.28
18.51
18.5
6.8
6.78
6.79
6.79
6.79
6.8
6.81
6.83
5.37
4.76
4.27
3.87
3.54
3.26
3.02
2.81
2.62
2.46
2.34
2.22
2.11
2.01
1.91
1.82
1.74
1.67
1.61
1.55
1.49
1.44
1.4
1.36
1.32
1.29
1.24
1.23
1.23
1.26
1.29
1.3
1.33
1.35
1.37
1.39
1.41
1.51
1.52
1.56
1.59
1.61
1.64
1.68
1.71
1.75
1.79
1.83
4.03
3.98
3.94
3.89
3.85
3.81
3.77
3.74
3.7
3.68
3.65
3.62
3.6
3.57
3.54
3.51
3.5
3.47
3.46
3.44
3.43
3.42
3.4
3.38
3.38
3.37
3.36
3.35
3.34
3.33
3.33
3.28
2.85
3.32
3.32
3.32
3.32
3.32
3.33
3.33
3.33
3.34
3.34
3.35
3.35
3.01
3.29
3.08
3.07
3.07
3.1
3.12
3.14
3.14
3.5
3.52
3.54
3.57
