3.42
3.27
3.22
3.19
3.18
3.25
3.31
3.39
3.48
3.57
3.67
3.77
3.88
3.98
4.1
4.22
4.37
6.14
6.1
6.05
6.01
5.97
5.93
5.89
5.87
5.84
5.81
3.23
3.2
3.17
3.14
3.14
3.24
3.35
3.47
3.6
3.71
3.88
4.05
4.27
4.5
4.8
5.12
5.55
6.11
81.83
17.12
17.15
17.16
17.19
17.23
81.83
13.92
11.94
11.43
10.1
9.37
8.7
8.18
7.71
7.27
6.91
6.57
6.24
5.98
5.73
5.68
5.73
5.9
8.54
8.63
8.41
8.15
8.02
8.08
8.16
8.24
8.34
8.36
8.38
8.69
9.76
9.9
8.51
9.96
9.76
9.6
2.64
81.83
81.83
81.83
81.83
81.83
81.83
81.83
81.83
81.83
81.83
1.79
81.83
81.83
81.83
81.83
81.83
81.83
81.83
81.83
81.83
81.83
81.83
81.83
81.83
81.83
81.83
81.83
1.09
0.83
0.81
0.89
81.83
81.83
1.08
0.94
0.92
81.83
81.83
81.83
81.83
1.07
81.83
81.83
81.83
81.83
81.83
81.83
81.83
81.83
81.83
81.83
81.83
81.83
81.83
0.89
0.89
0.88
0.89
0.86
0.86
0.85
0.85
0.84
0.84
0.84
0.84
0.83
0.84
0.83
0.82
0.82
0.81
0.82
0.8
0.79
0.79
0.78
0.62
0.64
0.66
0.8
0.81
0.82
0.83
0.83
0.83
0.83
0.83
0.83
0.83
0.83
3.02
