1.15
1.15
1.14
1.14
1.14
1.14
1.14
1.13
1.13
1.13
1.13
1.13
1.13
1.14
1.14
1.14
1.14
1.14
1.15
1.15
1.15
1.15
1.16
1.16
1.16
1.16
1.17
1.17
1.18
1.18
1.2
1.21
1.21
1.19
0.85
0.87
1.06
1.02
0.99
0.99
0.97
0.97
0.97
0.97
0.97
0.99
1.01
1.02
1.04
1.06
1.07
1.09
1.11
1.11
1.2
1.58
1.62
1.65
1.66
1.71
1.74
1.77
1.81
1.86
1.9
1.95
1.99
2.04
2.1
2.15
2.22
2.29
2.23
2.21
2.22
2.2
2.18
2.16
2.15
2.13
2.12
2.1
2.1
2.19
2.18
2.18
2.18
2.12
2.11
2.1
2.08
2.08
2.09
2.21
2.51
2.73
2.74
2.74
1.47
1.42
1.43
2.71
2.74
2.74
2.73
2.75
2.74
2.74
2.74
2.76
2.76
2.77
2.78
2.79
2.79
2.8
2.81
2.82
2.85
2.86
2.88
2.89
2.91
2.93
2.95
2.98
3.01
3.02
3.0
2.91
2.82
1.73
1.68
1.63
1.59
1.57
1.59
1.62
1.32
1.28
1.25
1.23
1.21
1.18
1.16
1.15
1.12
1.1
1.09
1.06
1.04
1.01
1.0
1.07
1.09
1.12
1.16
1.19
1.2
1.25
1.28
1.33
1.37
1.37
1.33
1.42
1.46
1.5
1.55
7.38
7.72
8.89
8.87
8.97
9.46
10.08
10.71
11.49
12.4
13.38
