3.31
3.27
3.23
3.2
3.18
3.15
3.12
3.09
3.06
3.05
3.02
3.01
2.98
2.97
2.95
2.94
2.93
2.92
2.91
2.9
2.89
2.88
2.87
2.87
2.86
2.85
2.85
2.85
2.85
2.85
2.85
2.86
2.86
2.86
2.87
2.87
2.88
2.89
2.9
2.91
2.92
2.94
2.95
2.96
2.97
7.43
8.29
9.41
10.87
12.73
17.27
81.83
81.83
81.83
15.71
81.83
81.83
81.83
81.83
81.83
9.06
7.7
6.74
5.95
5.72
5.75
4.52
4.17
3.87
3.63
3.4
3.2
3.03
2.86
2.73
2.62
2.49
2.38
2.29
2.2
2.14
2.04
1.98
1.91
1.84
1.79
1.74
1.69
1.64
1.6
1.56
1.52
1.48
1.45
1.41
1.38
1.36
1.33
1.3
1.29
1.28
1.24
1.23
1.2
1.18
1.16
1.15
1.12
1.12
1.1
1.09
1.07
1.06
1.05
1.04
1.03
1.02
1.02
1.01
1.0
0.99
0.98
0.97
0.97
0.97
0.96
0.95
0.94
0.95
0.95
0.94
0.95
0.94
0.94
0.93
0.93
0.93
0.93
0.92
0.92
0.92
0.92
0.92
0.93
0.92
0.92
0.93
0.93
0.93
0.92
0.93
0.93
0.93
0.93
0.94
0.92
0.95
5.58
81.83
4.81
5.53
4.93
4.95
4.98
4.99
5.01
4.92
4.91
4.99
5.62
5.7
5.93
6.01
6.07
6.12
6.06
5.93
5.98
6.07
6.16
