0.45
0.45
0.45
0.45
0.46
0.45
0.45
0.46
0.46
0.46
0.47
0.47
0.47
0.47
0.48
0.48
0.49
0.48
0.49
0.5
0.5
0.5
0.52
0.52
0.51
0.51
0.54
0.54
0.54
0.55
0.56
0.57
0.59
0.59
0.6
0.61
0.63
0.64
0.66
0.67
0.69
0.72
0.73
0.75
0.76
0.8
0.83
0.85
0.89
0.92
0.96
1.01
1.04
1.09
1.14
1.2
1.27
1.33
1.41
1.48
1.59
1.68
1.8
1.93
2.16
2.91
2.91
2.91
3.16
10.84
11.96
16.57
17.43
16.03
12.91
12.89
12.89
10.34
10.1
10.12
10.16
9.81
9.52
7.46
6.65
4.3
4.31
3.99
4.28
4.29
4.01
3.76
3.53
3.35
3.2
3.03
2.9
2.77
2.67
2.57
2.48
2.39
2.32
2.22
2.15
2.08
1.96
1.97
1.92
1.86
1.81
1.78
1.73
1.7
1.66
1.63
1.6
1.57
1.53
1.5
1.48
1.45
1.44
1.41
1.4
1.37
1.35
1.33
1.31
1.3
1.29
1.27
1.26
1.24
1.23
1.21
1.2
1.19
1.18
1.17
1.16
1.15
1.15
1.14
1.13
1.12
1.11
1.11
1.1
0.93
0.88
1.08
1.08
1.07
1.07
1.06
1.06
1.06
1.05
1.05
1.05
1.05
1.04
1.04
1.04
1.04
1.04
1.04
1.04
1.04
1.04
1.05
1.05
1.05
1.05
1.06
1.06
1.07
1.07
1.08
