1.46
1.47
1.48
1.49
1.5
1.51
1.53
1.55
1.56
1.58
1.61
1.63
1.64
1.67
1.69
1.73
1.74
1.78
1.81
1.83
1.87
1.9
1.93
1.97
2.01
2.06
2.1
2.14
2.2
2.25
2.32
3.73
3.84
3.98
4.12
4.27
4.46
4.66
4.87
7.01
6.89
6.77
6.66
6.55
6.46
6.36
6.27
6.19
6.09
6.02
5.94
5.87
5.8
5.74
5.67
5.63
5.56
5.52
5.46
5.42
5.36
5.32
5.28
5.23
5.2
5.16
5.14
5.1
5.07
5.04
5.01
4.99
4.97
4.94
4.92
4.9
4.89
4.88
4.87
4.87
5.59
8.5
6.0
8.48
8.39
8.36
8.03
9.36
9.38
9.38
8.65
8.66
4.89
4.25
3.79
3.39
3.06
2.79
2.59
2.48
2.52
2.54
2.54
2.56
2.58
2.83
2.85
2.86
2.88
2.89
2.91
1.39
1.35
1.3
1.25
1.2
1.16
1.12
1.09
1.06
1.03
1.0
0.98
0.96
0.94
0.92
0.9
0.88
0.86
0.85
0.81
0.81
0.81
0.79
0.78
0.77
0.75
0.76
0.75
0.73
0.73
0.71
0.71
0.69
0.69
0.68
0.68
0.68
0.67
0.67
0.67
0.66
0.65
0.66
0.64
0.64
0.63
0.63
0.63
0.63
0.62
0.62
0.62
0.62
0.61
0.62
0.61
0.61
0.6
0.61
0.58
0.61
0.62
0.6
0.6
0.6
0.6
0.6
0.6
0.6
