1.07
1.08
1.08
1.08
1.08
1.08
1.1
1.11
1.09
1.08
1.09
1.09
1.08
1.08
1.07
1.08
1.08
1.09
1.09
1.09
1.1
1.11
1.11
1.12
1.13
1.13
1.14
1.15
1.16
1.17
1.19
1.19
1.2
1.21
1.23
1.24
1.26
1.27
1.29
1.3
1.31
1.33
1.35
1.37
1.39
1.41
1.42
1.45
1.46
1.49
1.52
1.55
1.57
1.6
1.64
1.67
1.72
1.76
1.79
1.85
1.88
1.94
1.99
2.06
2.11
2.19
2.26
2.36
2.44
2.54
2.66
2.77
2.91
3.08
3.29
3.53
3.82
4.18
4.67
9.04
9.85
9.91
14.91
14.91
14.89
14.89
15.79
18.46
18.3
18.9
18.73
4.97
3.97
3.45
3.07
2.77
2.53
2.31
2.15
1.99
1.86
1.74
1.64
1.56
1.48
1.41
1.35
1.28
1.22
1.18
1.11
1.08
1.04
0.99
0.96
0.93
0.89
0.87
0.85
0.82
0.8
0.78
0.77
0.74
0.73
0.71
0.7
0.69
0.67
0.66
0.65
0.65
0.64
0.62
0.61
0.6
0.59
0.59
0.58
0.58
0.58
0.57
0.56
0.55
0.56
0.54
0.54
0.54
0.54
0.53
0.53
0.53
0.51
0.51
0.5
0.5
0.5
0.5
0.5
0.5
0.5
0.5
0.5
0.5
0.5
0.48
0.48
0.49
0.48
0.49
0.49
0.49
0.48
0.49
0.49
0.49
0.49
0.49
0.49
0.49
