2.26
2.25
2.24
2.24
2.24
2.24
2.24
2.23
2.23
2.23
2.23
2.24
2.24
1.04
0.7
0.7
0.71
0.71
0.71
0.71
0.71
0.71
0.71
0.72
0.72
0.73
0.73
0.74
0.74
0.75
0.75
0.76
0.77
0.77
0.78
0.79
0.8
0.8
0.81
0.82
0.82
0.84
0.85
0.86
0.87
0.88
0.89
0.9
0.91
0.92
0.94
0.96
0.97
0.98
1.0
1.03
1.04
1.06
1.08
1.11
1.14
1.17
1.19
1.22
1.26
1.3
1.33
1.38
1.42
1.46
1.5
1.55
1.6
1.64
1.72
1.77
1.85
1.93
2.02
4.26
4.23
4.22
4.2
4.18
4.16
4.14
4.13
4.11
4.09
4.11
7.9
7.85
8.53
8.52
8.48
8.59
8.58
8.58
7.43
8.58
8.58
7.88
7.82
4.1
4.07
4.08
4.09
4.09
4.1
4.11
4.13
4.15
4.17
4.19
4.2
4.22
4.24
4.27
4.31
4.34
4.36
2.07
81.83
81.83
81.83
81.83
81.83
81.83
1.67
1.64
1.61
1.57
1.56
1.54
1.48
1.48
1.45
1.3
1.38
1.39
1.35
1.28
1.28
81.83
1.21
1.14
1.13
1.1
1.08
1.06
1.06
1.03
1.03
1.01
0.99
0.99
0.97
0.97
0.97
0.97
0.95
0.93
0.93
0.94
0.93
0.92
0.9
0.91
0.9
0.89
0.89
0.89
0.87
0.85
0.84
0.83
0.83
0.8
0.79
0.79
