1.09
1.1
1.1
1.11
1.11
1.12
1.12
1.14
1.14
1.15
1.16
1.17
1.19
1.2
1.2
1.22
1.23
1.24
1.26
1.26
1.28
1.29
1.32
1.33
1.33
1.35
1.38
1.4
1.42
1.44
1.47
1.49
1.51
1.55
1.57
1.6
1.64
1.68
1.71
1.76
1.8
1.85
1.89
1.95
2.01
2.08
2.13
2.22
2.3
2.39
2.48
2.58
2.69
2.84
2.12
3.2
3.05
3.04
3.03
3.03
2.62
3.02
3.01
3.01
3.01
3.01
3.01
3.01
3.01
3.07
8.19
8.15
8.1
8.06
8.03
8.0
7.97
7.94
7.92
7.91
7.89
7.87
7.85
7.83
7.84
7.82
7.8
8.72
8.93
11.37
11.08
12.39
12.4
11.64
11.63
7.27
6.44
5.74
5.5
5.52
5.54
4.25
3.95
3.7
3.48
3.29
3.12
2.95
2.81
2.68
2.59
2.47
2.37
2.3
2.21
2.15
2.07
2.03
1.96
1.9
1.84
1.79
1.74
1.7
1.65
1.61
1.57
1.53
1.5
1.47
1.43
1.41
1.38
1.36
1.33
1.31
1.29
1.27
1.25
1.23
1.22
1.2
1.19
1.18
1.17
1.15
1.15
1.14
1.13
1.11
1.11
1.11
1.09
1.08
1.07
1.06
1.05
1.05
1.04
1.04
1.03
1.03
1.03
1.03
1.02
1.02
1.01
1.01
1.0
1.01
1.01
1.0
1.0
1.0
0.99
0.99
0.99
0.99
0.99
0.99
