1.47
1.47
1.46
1.46
1.46
1.46
1.45
1.46
1.45
1.46
1.46
1.46
1.46
1.46
1.46
1.47
1.47
1.47
1.47
1.47
1.48
1.48
1.48
1.5
4.15
4.31
4.33
4.35
3.41
3.98
3.82
3.69
3.57
3.45
3.34
3.23
3.13
3.05
2.95
2.88
2.8
2.73
2.66
2.61
2.55
2.48
2.44
2.39
2.34
2.3
2.26
2.21
2.18
2.15
2.12
2.09
2.05
2.02
2.0
1.98
1.96
1.93
1.9
1.88
1.86
1.84
1.82
1.8
1.79
1.77
1.75
1.72
1.71
1.79
1.87
1.95
2.01
5.41
4.13
2.9
2.87
2.87
2.88
3.07
3.31
3.59
3.91
4.32
4.81
5.46
6.26
7.46
8.62
11.08
11.06
11.07
13.44
13.23
13.23
13.57
13.59
13.59
15.87
3.34
2.78
2.39
2.15
1.92
1.79
1.7
1.61
1.53
1.46
1.4
1.34
1.29
1.25
1.2
1.15
1.12
1.09
1.05
1.02
0.99
0.97
0.93
0.93
0.9
0.88
0.87
0.85
0.84
0.82
0.8
0.79
0.77
0.76
0.75
0.74
0.73
0.72
0.71
0.7
0.69
0.68
0.67
0.67
0.66
0.65
0.65
0.64
0.64
0.63
0.63
0.62
0.62
0.61
0.61
0.6
0.6
0.59
0.59
0.59
0.58
0.58
0.57
0.57
0.57
0.56
0.57
0.56
0.56
0.56
0.56
0.56
0.56
0.56
0.56
0.56
0.56
