1.97
1.9
1.84
1.77
1.73
1.68
1.63
1.58
1.55
1.51
1.48
1.44
1.41
1.38
1.35
1.3
1.3
1.28
1.25
1.22
1.21
1.19
1.18
1.15
1.15
1.12
1.1
1.09
1.08
1.05
1.05
1.04
1.02
1.0
0.99
0.98
0.98
0.98
0.97
0.96
0.95
0.94
0.94
0.93
0.92
0.92
0.91
0.91
0.91
0.9
0.89
0.9
0.89
0.89
0.89
0.97
1.15
2.35
4.07
4.02
3.98
3.94
3.9
3.88
3.84
3.81
3.78
3.75
3.72
3.69
3.67
3.68
3.89
4.1
4.36
4.65
4.97
5.36
5.79
6.31
6.93
7.7
8.63
9.8
15.1
15.05
81.83
81.83
81.83
81.83
13.55
81.83
81.83
81.83
81.83
81.83
8.23
7.19
6.3
5.63
5.08
4.66
4.26
3.93
3.67
3.55
3.57
3.58
3.61
3.77
3.88
2.51
2.42
2.32
2.23
2.15
2.08
2.0
1.94
1.87
1.8
1.76
1.7
1.66
1.62
1.58
1.54
1.5
1.5
1.43
1.4
1.37
1.34
1.31
1.29
1.26
1.24
1.23
1.19
1.19
1.18
1.16
1.15
1.12
1.11
1.1
1.09
1.08
1.07
1.06
1.04
1.04
1.03
1.02
1.02
1.01
1.0
0.99
0.99
0.97
0.97
0.97
0.97
0.96
0.96
0.95
0.95
0.94
0.93
0.93
0.93
0.93
0.93
0.92
0.92
0.92
0.92
0.92
0.92
0.92
