0.33
0.33
0.33
0.33
0.33
0.33
0.34
0.34
0.35
0.35
0.35
0.34
0.34
0.35
0.35
0.35
0.35
0.35
0.36
0.36
0.36
0.36
0.36
0.37
0.37
0.37
0.37
0.37
0.37
0.37
0.38
0.38
0.38
0.38
0.38
0.4
0.4
0.39
0.4
6.21
6.08
5.94
5.82
5.7
5.6
5.45
5.46
5.56
8.95
8.15
7.01
9.4
9.26
4.79
4.73
4.68
4.62
4.74
4.86
4.98
5.13
5.26
5.41
5.57
5.74
5.93
6.14
6.37
6.61
6.89
7.18
7.51
7.53
7.48
7.44
7.4
7.35
4.51
4.45
4.43
4.41
4.39
4.38
4.38
3.33
3.34
3.32
3.34
3.36
4.62
4.61
4.61
4.6
4.59
4.61
4.61
4.59
7.03
81.83
5.88
5.79
5.75
7.11
7.13
7.03
6.55
6.55
6.58
6.62
6.77
6.68
6.71
6.75
7.47
7.53
7.58
7.63
7.68
7.75
7.82
3.94
3.86
3.76
3.43
3.24
3.15
3.11
3.13
3.16
3.2
3.24
3.22
3.14
3.09
3.02
2.95
2.9
2.85
2.8
2.81
2.82
2.85
2.91
2.97
3.03
3.1
3.18
3.24
3.33
3.41
3.5
3.6
3.7
3.82
3.93
4.26
4.71
4.67
4.64
4.61
4.57
4.54
4.51
4.48
4.45
4.43
4.41
4.38
4.36
4.35
4.33
4.32
0.87
0.86
0.87
0.87
0.87
0.87
0.86
0.86
