2.71
2.71
2.7
2.7
2.7
2.7
2.7
2.7
2.7
2.7
2.7
2.71
2.71
2.72
2.72
0.99
0.92
0.9
0.88
0.85
0.85
0.85
0.87
0.89
0.9
0.92
0.92
0.93
0.94
0.96
0.97
0.99
1.0
1.01
1.04
1.05
1.07
1.09
1.1
1.12
1.14
1.17
1.2
1.23
1.25
1.28
1.32
1.34
1.37
1.42
1.45
1.5
1.53
1.58
1.64
1.69
1.75
1.81
1.88
1.96
2.03
2.12
2.22
2.34
2.44
2.57
2.73
2.81
2.8
2.78
2.78
2.77
2.76
2.75
2.75
2.74
2.73
2.72
2.71
2.72
2.71
2.72
2.71
2.71
2.71
2.71
2.72
2.72
2.73
2.73
2.74
2.75
2.76
2.77
2.78
2.78
2.8
2.81
2.82
2.84
2.85
2.87
2.89
2.91
2.93
2.95
2.97
1.26
1.25
3.04
3.06
3.09
2.19
2.53
3.19
3.2
1.86
1.86
1.88
1.9
81.83
3.48
3.51
0.75
0.75
3.61
3.56
3.48
3.43
3.37
3.32
3.28
3.23
3.17
3.14
3.08
1.97
3.01
2.98
2.94
2.92
2.88
2.84
2.82
2.79
2.76
2.74
2.72
2.69
2.68
1.74
2.64
2.61
2.6
2.58
1.05
1.04
1.0
1.0
81.83
81.83
2.5
2.5
2.5
2.49
2.48
2.48
2.47
2.47
2.46
2.46
2.46
2.45
2.46
2.46
2.46
2.46
1.12
2.47
2.47
