1.43
1.44
1.43
1.43
1.43
1.43
1.43
1.44
1.45
1.46
1.47
1.47
1.47
1.48
1.49
1.5
1.51
1.51
1.52
1.53
1.53
1.54
1.55
1.57
1.58
1.59
1.61
1.62
1.63
1.65
1.65
4.66
4.56
2.14
2.14
4.53
4.61
3.96
3.94
3.92
3.88
3.85
3.75
3.74
3.71
1.6
1.6
4.14
4.4
4.73
5.08
6.75
6.73
6.71
6.69
6.68
6.67
6.65
6.65
6.66
6.66
6.66
4.21
4.18
4.16
4.14
4.14
4.52
4.85
5.47
6.31
18.37
18.43
81.83
81.83
13.72
12.71
12.67
11.17
10.55
9.96
9.47
9.02
8.61
8.26
7.9
7.6
7.31
7.06
7.03
7.1
9.95
9.98
9.54
9.4
9.48
9.58
81.83
9.79
9.75
11.02
11.18
9.89
11.42
11.23
11.1
81.83
81.83
81.83
81.83
81.83
81.83
81.83
81.83
81.83
2.14
2.3
81.83
2.2
2.37
81.83
81.83
81.83
81.83
81.83
81.83
81.83
81.83
81.83
81.83
81.83
81.83
81.83
1.6
1.59
3.58
3.6
7.87
4.92
4.6
7.76
7.68
4.11
3.65
7.65
7.65
7.63
7.64
7.6
4.11
3.64
7.59
7.58
7.59
4.11
4.58
6.2
81.83
81.83
3.7
4.18
5.12
81.83
4.82
6.8
4.81
6.66
6.6
6.52
5.01
3.99
3.8
4.66
4.92
6.22
0.76
0.76
0.76
0.75
0.75
