4.97
4.78
3.48
3.47
4.7
4.74
81.83
3.89
3.9
4.13
8.27
81.83
81.83
81.83
81.83
7.68
10.76
14.08
6.69
6.29
6.25
6.18
6.16
6.19
13.57
13.52
6.94
81.83
13.42
5.32
81.83
81.83
81.83
4.47
81.83
81.83
81.83
81.83
81.83
81.83
81.83
81.83
81.83
81.83
81.83
81.83
81.83
3.64
81.83
81.83
81.83
81.83
81.83
81.83
81.83
81.83
81.83
81.83
81.83
81.83
81.83
2.88
2.9
2.95
2.98
3.0
3.03
3.05
3.09
3.11
3.12
3.18
2.99
2.93
2.87
2.83
3.11
3.16
3.06
3.0
2.95
2.9
2.85
2.67
2.6
2.57
2.57
2.58
2.57
2.52
2.58
2.69
2.57
2.63
2.71
2.79
3.23
3.32
3.41
3.55
5.17
5.21
5.62
5.57
5.52
5.49
3.38
3.4
5.37
4.75
4.72
4.69
4.73
5.0
5.22
5.19
5.17
5.16
4.19
3.91
3.76
3.77
3.78
3.8
3.84
3.86
5.08
5.13
5.13
5.13
5.14
5.14
5.15
5.15
5.16
5.17
4.58
4.47
4.42
4.51
4.44
4.43
4.45
4.48
4.51
4.54
5.27
5.29
4.45
4.45
4.91
5.43
4.57
4.16
4.68
1.5
1.46
1.43
1.39
1.38
1.36
1.33
1.31
1.29
1.28
1.25
1.24
1.1
1.07
1.04
1.02
1.01
0.98
0.97
0.94
0.92
0.9
0.91
0.91
0.93
