1.68
1.68
1.68
1.68
1.68
1.69
1.69
1.69
1.68
1.67
1.67
1.67
1.7
1.71
1.72
1.73
1.73
1.73
1.74
1.75
1.76
1.77
1.78
1.79
1.81
1.83
1.84
1.86
1.88
1.89
1.91
1.92
1.94
1.96
1.98
2.01
2.03
2.06
2.09
2.12
2.15
2.18
2.22
2.24
2.28
2.33
2.36
2.4
2.45
2.51
2.56
2.63
2.67
2.74
2.83
2.9
2.98
3.07
3.17
3.28
3.4
3.52
3.66
3.81
4.0
4.22
4.48
4.78
5.16
5.63
6.29
16.77
14.15
14.13
14.12
14.13
14.12
14.11
14.13
14.13
14.16
11.8
9.97
8.62
8.3
6.82
6.2
5.65
5.2
4.84
4.5
4.2
3.96
3.75
3.55
3.36
3.2
3.05
2.92
2.79
2.69
2.59
2.49
2.51
2.54
2.56
2.6
2.62
5.5
5.35
5.21
5.08
4.95
4.92
4.97
5.05
5.11
5.19
4.96
5.36
4.85
5.34
5.41
5.57
7.0
7.14
7.18
5.63
6.99
5.63
6.81
6.73
6.65
6.58
6.51
6.44
6.38
5.51
5.44
5.4
5.36
5.42
4.54
5.86
5.99
6.0
5.96
5.66
5.91
5.87
5.85
5.76
5.73
5.7
5.67
5.65
5.64
5.61
5.02
5.01
4.98
5.49
5.55
5.54
4.54
4.36
5.54
5.54
5.54
3.31
3.16
3.17
3.15
2.98
2.86
2.87
2.88
2.89
2.89
2.89
