4.76
4.75
4.88
5.54
5.52
5.51
5.49
5.47
5.44
5.42
5.4
5.38
5.36
5.35
5.42
5.41
5.41
5.4
1.35
1.34
1.32
1.31
1.3
1.29
1.28
1.28
1.27
1.26
1.25
1.25
1.25
1.25
1.25
1.24
1.23
1.23
1.23
1.23
1.23
1.24
1.24
1.24
1.23
1.23
1.23
1.22
1.23
1.24
1.25
1.25
1.26
1.26
1.26
1.26
1.26
1.27
1.28
1.29
1.29
1.31
1.32
1.33
1.34
1.36
1.36
1.37
1.39
1.4
1.4
1.42
1.44
1.45
1.47
1.49
1.51
1.52
1.55
1.56
1.59
1.62
1.65
1.67
1.7
1.73
1.76
1.79
1.82
1.86
1.9
1.94
1.99
2.05
2.09
2.15
2.21
2.27
2.34
2.41
2.49
2.58
2.67
2.77
2.88
3.03
3.19
3.35
3.59
3.81
4.12
4.46
5.01
5.9
17.3
17.31
17.31
20.51
20.49
21.16
15.09
7.43
6.6
5.92
5.35
4.9
4.51
4.18
3.9
3.65
3.44
3.23
3.07
2.91
2.78
2.65
2.54
2.43
2.33
2.25
2.17
2.08
2.02
1.92
1.89
1.9
1.91
1.92
1.96
2.0
4.88
4.94
5.01
5.08
5.16
5.19
5.31
5.38
5.46
5.56
5.64
81.83
5.75
5.66
5.58
5.51
2.99
1.18
1.17
1.16
1.14
1.14
1.13
1.11
1.1
1.1
1.09
1.08
1.07
1.07
1.07
1.07
