0.89
0.89
0.89
0.88
0.89
0.89
0.89
0.89
0.89
0.89
0.89
0.89
0.89
0.89
0.89
0.89
0.89
0.88
0.89
0.89
0.88
0.88
0.88
0.89
0.89
0.88
0.89
0.89
0.9
0.9
0.91
0.92
0.92
0.93
0.94
0.95
0.95
0.96
0.98
0.98
1.0
1.01
1.03
1.03
1.04
1.06
1.08
1.09
1.11
1.13
1.14
1.16
1.18
1.2
1.22
1.23
1.26
1.29
1.3
1.34
1.36
1.39
1.41
1.45
1.49
1.53
1.57
1.6
1.65
1.71
1.77
1.82
1.88
1.96
2.03
2.12
2.2
2.32
2.44
2.55
2.7
2.92
3.13
3.37
3.8
4.27
8.57
9.25
9.38
14.29
14.27
14.27
14.27
17.9
17.82
18.82
18.36
18.12
11.92
4.36
4.35
3.4
3.17
2.88
2.65
2.43
2.27
2.12
2.0
1.89
1.79
1.7
1.61
1.54
1.48
1.41
1.35
1.29
1.25
1.2
1.16
1.13
1.09
1.04
1.03
0.99
0.96
0.94
0.92
0.9
0.87
0.85
0.84
0.83
0.82
0.79
0.79
0.78
0.76
0.75
0.74
0.73
0.72
0.71
0.71
0.69
0.68
0.68
0.67
0.66
0.65
0.64
0.64
0.64
0.63
0.63
0.62
0.61
0.62
0.62
0.61
0.6
0.6
0.6
0.59
0.59
0.59
0.58
0.58
0.58
0.57
0.57
0.58
0.58
0.57
0.57
0.56
0.57
0.56
0.57
