2.92
2.91
2.9
2.9
2.88
2.88
2.12
2.13
2.11
2.1
2.11
2.11
2.11
2.12
2.13
2.11
2.1
2.11
2.12
1.93
1.87
1.87
1.91
1.91
1.93
1.92
1.94
1.95
1.98
3.0
3.02
3.04
3.06
3.11
3.12
3.14
3.16
3.19
3.22
3.25
3.29
2.23
2.22
2.22
2.21
3.48
2.08
2.08
2.08
2.09
3.73
3.68
2.22
2.21
2.21
3.39
3.33
3.28
3.23
3.17
3.13
3.09
3.05
3.0
2.96
2.93
2.89
2.38
1.91
1.9
1.89
1.87
1.82
1.85
1.9
1.87
1.85
1.83
1.83
1.82
1.83
1.84
1.84
1.83
1.83
1.83
1.84
2.46
2.3
2.26
2.45
4.68
4.67
4.66
4.65
4.65
4.64
4.64
4.63
4.63
4.63
4.63
4.63
4.63
4.64
4.64
4.64
4.67
4.67
4.68
4.69
4.71
4.73
4.74
4.77
4.78
4.81
4.83
4.85
4.88
4.91
4.94
7.35
7.31
7.29
7.25
7.22
7.19
6.81
7.16
6.68
7.41
7.7
7.68
7.43
6.21
6.47
6.39
81.83
81.83
17.82
17.8
19.24
81.83
19.03
18.96
81.83
10.23
10.38
81.83
8.06
7.95
7.79
5.85
5.9
5.89
3.49
3.45
3.42
2.06
2.04
2.02
2.01
1.99
1.97
1.96
1.95
1.94
1.93
2.07
2.18
2.18
2.16
2.15
2.13
2.12
2.1
2.09
2.02
1.97
