2.64
2.55
2.47
2.39
2.33
2.25
2.2
2.14
2.08
2.04
1.99
1.95
1.9
1.87
1.83
1.8
1.76
1.73
1.71
1.67
1.65
1.5
1.16
1.19
1.75
1.79
2.8
2.85
2.9
2.95
3.0
3.07
3.12
3.18
3.25
3.32
3.39
1.69
1.73
3.64
3.72
3.83
3.93
4.03
4.04
4.06
4.07
4.08
4.1
4.11
4.13
4.16
4.18
4.2
4.22
4.25
4.28
4.21
4.34
4.36
4.04
4.44
4.47
4.52
4.57
4.6
4.65
4.51
4.39
4.28
3.55
4.33
2.95
2.88
2.81
2.64
2.59
2.53
2.49
2.49
2.53
2.58
2.62
2.68
2.72
2.77
2.84
2.9
2.95
3.03
3.11
3.19
3.27
3.36
3.45
3.55
3.65
5.44
5.39
5.34
5.29
5.26
5.22
5.18
5.15
5.13
5.09
5.06
5.03
2.47
2.43
2.41
2.39
2.37
2.35
2.4
2.49
2.58
2.67
2.78
2.9
3.0
3.15
3.32
3.53
3.77
4.05
4.4
4.86
5.57
16.39
16.42
16.45
16.5
81.83
81.83
12.65
11.6
10.75
10.74
9.31
8.73
8.23
7.77
7.41
7.03
6.73
6.44
6.18
5.93
5.69
5.49
5.3
5.13
5.08
5.14
5.2
7.98
7.77
7.58
7.48
7.57
7.68
81.83
81.83
7.88
8.04
9.25
8.15
8.13
7.98
8.14
9.31
9.16
8.89
8.87
8.8
7.76
7.68
7.63
